01 39542262  CO195  M  BONITROP 100MG. X20GRAG.                    2     12074     12709      1270     24148       000  000  000  500  000  000         1  7591818213124        3376038       22433092   536137600001  N  0                         30086 01/04/2026       USD          333          665         3629
01 39542262  15081  M  CETIRIZINA BM10MG. X10TA                  100      1456      2080     62400    145600       000  000  000 3000  000  000         1  7598127001251        3376038       22433092   536137600001  N  0                        220437 01/04/2025       USD          040         4012         3629
01 39542262  MY113  M  CETRAL 10MG. X10TA                         12      3544      3730      2232     42528       000  000  500  000  000  000         1  7592601100690        3376038       22433092   536137600001  N  0                        325810 01/11/2025       USD          098         1172         3629
01 39542262  15950  M  DICLOFENAC S.CLEO0,1% 5ML                   1     12168     12168       000     12168       000  000  000  000  000  000         1  7598677000346        3376038       22433092   536137600001  N  0                    BNI1222041 01/11/2024       USD          335          335         3629
01 39542262  18735  C  FRIENDS JABON INTIMO 240                    2     10303     10303       000     20606      3297  000  000  000  000  000         1  7591061640012        3376829       22433527   536137600001  N  0                         23603 01/06/2026       USD          284          568         3629
01 39542262  13481  M  GLIMEPIRIDA ANG2MG. X30TA                   2      8684      8684       000     17368       000  000  000  000  000  000         1  7598176000113        3376038       22433092   536137600001  N  0                       22T0850 01/07/2025       USD          239          479         3629
01 39542262  15722  M  ITRACONAZOL FM100MG.X10CA                   6      5200      5200       000     31200       000  000  000  000  000  000         1  8906005117557        3376795       22433512   536137600001  N  0                     E12832201 01/09/2024       USD          143          860         3629
01 39542262  15424  M  LOSART H.BUKA50/12,5 30TA                  12      5850      5850       000     70200       000  000  000  000  000  000         1   675696260177        3376795       22433512   536137600001  N  0                        LPH306 01/11/2024       USD          161         1934         3629
01 39542262  CO540  M  MIOVIT COMP. 3ML. X3A KIT                   3     15208     25346     30414     45624       000  000  000 4000  000  000         1  7591818026366        3376038       22433092   536137600001  N  0                         30237 01/08/2026       USD          419         1257         3629
01 39542262  CO440  M  REDUBEN 100MG. X10TA                        2      6795      6795       000     13590       000  000  000  000  000  000         1  7591818116067        3376038       22433092   536137600001  N  0                         30331 01/09/2025       USD          187          374         3629
01 39542262  16741  M  SULTAMICILINA ANG750 10TA                   3     33800     33800       000    101400       000  000  000  000  000  000         1  7598176000410        3376038       22433092   536137600001  N  0                       SV22024 01/11/2025       USD          931         2794         3629
01 39542262  LP250  M  TOLNAFTAN SOL. 15 CC.                       1     17160     17160       000     17160       000  000  000  000  000  000         1  7591955001622        3376038       22433092   536137600001  N  0                          0033 01/10/2026       USD          473          473         3629
01 39542262  LT210  M  LONGACEF 100MG.PPSO 60ML.                   1     39938     51202     11264     39938       000  000  000 2200  000  000         3  7591585116208        3376038       22433092   536137600003  N  0                           553 01/11/2026       USD         1101         1101         3629
02 39542262        147        560924         20606          3297        584827    0    0    0  000    0    0    0   05/02/2024 4:56:16 p. m.   PR           000           000             0            13           USD         3629        16025
