01 39581343  18129  M  BUSCOSYN 10MG. X20TA                        4     15990     15990       000     63960       000  000  000  000  000  000         1  8908010763101        3428916       22462498   536679000001  N  0                         RE728 01/10/2025       USD          443         1773         3607
01 39581343  13644  M  CARVEDILOL BUKA12.5 X30TA                   4      2990      2990       000     11960       000  000  000  000  000  000         1   675696259980        3427142       22461454   536679000001  N  0                        CVR307 01/09/2024       USD          083          332         3607
01 39581343  16540  M  GESTASYN200 X10T ORA-VAG.                   1     26922     26922       000     26922       000  000  000  000  000  000         1  8904250520771        3427142       22461454   536679000001  N  0                    E3S2HTS032 01/09/2026       USD          746          746         3607
01 39581343  14495  A  LACTOVAC SUSP.PED. 12ML.                    3     14433     14433       000     43299      6928  000  000  000  000  000         1  7596855001031        3428938       22462509   536679000001  N  0                   P0202240125 01/09/2024       USD          400         1200         3607
01 39581343  13528  C  PROTECTO LAB. CACAO 4.2GR                   6      4030      4030       000     24180      3869  000  000  000  000  000         1  7591415011772        3427142       22461454   536679000001  N  0                           10X 01/10/2025       USD          112          670         3607
01 39581343  11197  C  SIEMPRESECO PAÑAL AD.G X6                   3     12263     12263       000     36789      5886  000  000  000  000  000         1  7591353699018        3427142       22461454   536679000001  N  0                      31124202 01/11/2025       USD          340         1020         3607
01 39581343  EL524  M  BRUGESICFORTE 200SUSP.60                    4     10531     10531       000     42124       000  000  000  000  000  000         2  7591062013082        3427142       22461454   536679000002  N  0                        23119A 01/09/2026       USD          292         1168         3607
01 39581343  12727  M  COFATODEX SUS. OF 5ML                       6     12468     13124      3936     74808       000  000  000  500  000  000         2  7591818716885        3427142       22461454   536679000002  N  0                        203153 01/03/2025       USD          346         2074         3607
01 39581343  PO460  M  FOLIFER B12 TAB. X30                        3     18304     20800      7488     54912       000  000  000 1200  000  000         2  7592806133639        3427142       22461454   536679000002  N  0                        309128 01/09/2026       USD          507         1522         3607
01 39581343  17549  M  GYNO CLONEDAC CR.VAG.50GR                   4     11726     14658     11728     46904       000  000  000 2000  000  000         2  7598578000520        3427142       22461454   536679000002  N  0                          2150 01/06/2025       USD          325         1300         3607
01 39581343  15363  M  KETOPROFENO ADN100 X10TA                   12      3316      3491      2100     39792       000  000  000  500  000  000         2  8904159499789        3427157       22461465   536679000002  N  0                       XT2C042 01/03/2025       USD          092         1103         3607
01 39581343  11442  M  KETOPROFENO PX100 X10TA                     3      9045      9230       555     27135       000  000  000  200  000  000         2  7594001101178        3427157       22461465   536679000002  N  0                         72421 01/10/2028       USD          251          752         3607
01 39581343  LN165  M  MADECASSOL 2% POLVO 5GR.                    1     27819     27819       000     27819       000  000  000  000  000  000         2  7592348218108        3427142       22461454   536679000002  N  0                       2305045 01/05/2028       USD          771          771         3607
02 39581343         54        459635         60969         16683        537287    0    0    0  000    0    0    0   26/02/2024 10:04:16 p. m.   PR           000           000             0            13           USD         3607        14433
