01 39609351  LO830  M  BUDECORT SOL.P INHAL15ML.                   3     28037     40633     37788     84111       000  000  000 3100  000  000         1  7591196000668        3465547       22482519   537072570001  N  0                        014207 01/01/2026       USD          775         2324         3620
01 39609351  14762  M  CEFTRIAXONA DIS1G. X10A                     1     24307     40511     16204     24307       000  000  000 4000  000  000         1 17598252101564        3462290       22480936   537072570001  N  0                        220325 01/03/2025       USD          671          671         3620
01 39609351  18133  M  DISCRALFAT 1GR. SUSP.150                    2     31214     31214       000     62428       000  000  000  000  000  000         1  7598252000754        3465547       22482519   537072570001  N  0                        230519 01/05/2026       USD          862         1725         3620
01 39609351  15353  M  SERTRALINA LAT50MG.X10TA                    2      6552      8190      3276     13104       000  000  000 2000  000  000         1   720524031181        3467062       22483301   537072570001  N  0                        SL0101 01/10/2026       USD          181          362         3620
01 39609351  PF204  M  ATAMEL FORTE 650MG. X10TA                   4      8796      8796       000     35184       000  000  000  000  000  000         2  7591257000552        3461715       22480618   537072570002  N  0                        033773 01/02/2026       USD          243          972         3620
01 39609351  QM200  M  BUMETIN RETARD300MG.X20TA                   2     29763     36098     19005     59526       000  000  300 1500  000  000         2  7703763861002        3467062       22480618   537072570002  N  0                       3505432 01/11/2025       USD          822         1644         3620
01 39609351  QM200  M  BUMETIN RETARD300MG.X20TA                   1     29763     36098     19005     29763       000  000  300 1500  000  000         2  7703763861002        3461715       22480618   537072570002  N  0                       3505432 01/11/2025       USD          822          822         3620
01 39609351  13975  M  DEFLAZACORT +MK30MG.X10TA                   2     29595     29595       000     59190       000  000  000  000  000  000         2  7591519000306        3461715       22480618   537072570002  N  0                         34771 01/11/2026       USD          818         1635         3620
01 39609351  VA551  M  KETAZOL 20MG. CREMA 15GR.                   3     13595     13595       000     40785       000  000  000  000  000  000         2  7592349429787        3465547       22482519   537072570002  N  0                       2310552 01/10/2028       USD          376         1127         3620
01 39609351  17793  M  METOCLOPRAMIDA VC10 X10TA                   6      3498      3887      2334     20988       000  000  000 1000  000  000         2  8904187829640        3467062       22483301   537072570002  N  0                         GT847 01/06/2026       USD          097          580         3620
01 39609351  18195  M  NIFEDIPINA JD30 LP X30TA                    4     14080     14080       000     56320       000  000  000  000  000  000         2  7840108350132        3467062       22483301   537072570002  N  0                         GT458 01/06/2026       USD          389         1556         3620
01 39609351  VO130  M  PREDNISONA GENCER50 X10TA                   2     15084     16760      3352     30168       000  000  000 1000  000  000         2  7591020007474        3465547       22482519   537072570002  N  0                            32 01/08/2028       USD          417          833         3620
01 39609351  14020  M  TOPITOLEP 50MG. X30TA                       1     28465     28465       000     28465       000  000  000  000  000  000         2  7593090001222        3465547       22482519   537072570002  N  0                  TL479DT23001 01/08/2025       USD          786          786         3620
01 39609351  15599  M  VALSARTAN DIS160 X30TA                      3     26822     26822       000     80466       000  000  000  000  000  000         2  7598252101673        3465547       22482519   537072570002  N  0                        230722 01/07/2026       USD          741         2223         3620
01 39609351  VA054  M  MODERAN SOL.ORAL 120ML.                     1     32149     40186      8037     32149       000  000  000 2000  000  000         4  7592349527124        3465547       22482519   537072570004  N  0                        AP3954 01/10/2025       USD          888          888         3620
02 39609351         37        656954           000           000        656954    0    0    0  000    0    0    0   12/03/2024 8:58:48 a. m.   PR           000           000             0            14           USD         3620        18148
