01 39626450  15264  M  ACETAMINOFEN BM800 X10TA                    6      1498      2995      8982      8988       000  000  000 5000  000  000         1  7598127000988        3488871       22495890   537314390001  N  0                        211009 01/10/2024       USD          041          248         3627
01 39626450  15181  M  AMIPINA 5MG. X30TA                         12      3731      3731       000     44772       000  000  000  000  000  000         1  7598484001154        3489623       22496419   537314390001  N  0                     TA1800005 01/02/2026       USD          103         1234         3627
01 39626450  16418  M  ATENOLOL BM100MG. X30TA                     6      2737      3910      7038     16422       000  000  000 3000  000  000         1  7598127001480        3488871       22495890   537314390001  N  0                        211030 01/10/2024       USD          075          453         3627
01 39626450  12144  M  CEFIXIMA BM100MG.PPSO60ML                   4     12730     14976      8984     50920       000  000  000 1500  000  000         1  6930169708087        3488871       22495890   537314390001  N  0                        220620 01/06/2025       USD          351         1404         3627
01 39626450  15720  M  CLOPIDOGREL FM75MG.X20TA                   10      1482      1560       780     14820       000  000  000  500  000  000         1  8906005117670        3488871       22495890   537314390001  N  0                     E04123002 01/12/2024       USD          041          409         3627
01 39626450  13975  M  DEFLAZACORT +MK30MG.X10TA                   1     29595     29595       000     29595       000  000  000  000  000  000         1  7591519000306        3488871       22495890   537314390001  N  0                         34771 01/11/2026       USD          816          816         3627
01 39626450  LO510  M  DOBET 2%-0,5% SO.OFT.5ML.                   1     35989     35989       000     35989       000  000  000  000  000  000         1  7591196000583        3488871       22495890   537314390001  N  0                        014540 01/01/2026       USD          992          992         3627
01 39626450  MK076  M  ENALAPRIL +MK 20MG.X30TA                    3      8619      8619       000     25857       000  000  000  000  000  000         1  7591519051643        3489623       22496419   537314390001  N  0                         34690 01/11/2025       USD          238          713         3627
01 39626450  VC215  M  FUGOLIN CR. 20 GR.                          6      8044      8938      5364     48264       000  000  000 1000  000  000         1  7592782000130        3488871       22495890   537314390001  N  0                      23110079 01/11/2025       USD          222         1331         3627
01 39626450  AH295  M  LASIX 20MG. X24CO                           3     14884     17511      7881     44652       000  000  000 1500  000  000         1  7591519317411        3488871       22495890   537314390001  N  0                         34513 01/08/2026       USD          410         1231         3627
01 39626450  13584  M  METRONIDAZOL DIS250 100ML                   6      9295      9295       000     55770       000  000  000  000  000  000         1  7598252101291        3488871       22495890   537314390001  N  0                        230312 01/03/2026       USD          256         1538         3627
02 39626450         58        376049           000           000        376049    0    0    0  000    0    0    0   19/03/2024 4:44:55 p. m.   PR           000           000             0            11           USD         3627        10368
