01 39629627  LO434  M  ACIDO ACETIL. LO81 X24TA                    6     10309     10309       000     61854       000  000  000  000  000  000         1  7591196003195        3494095       22499037   537360130001  N  0                       I043979 01/04/2025       USD          284         1705         3627
01 39629627  18943  M  AMANIRIS 81MG. X30CO                        6      7834      7834       000     47004       000  000  000  000  000  000         1  7593090002649        3494095       22499037   537360130001  N  0                         18895 01/10/2025       USD          216         1296         3627
01 39629627  MK027  M  DEFLAZACORT +MK 6MG. X10                    2     22983     22983       000     45966       000  000  000  000  000  000         1  7591519008197        3494095       22499037   537360130001  N  0                         34770 01/11/2026       USD          634         1267         3627
01 39629627  14956  M  DIHIDROLIP 10MG. X10CO                      2     14742     14742       000     29484       000  000  000  000  000  000         1  7592349001020        3494180       22499155   537360130001  N  0                       2401009 01/01/2026       USD          406          813         3627
01 39629627  MK103  M  DIOSMINA +MK 600MG. X14TA                   1     31529     31529       000     31529       000  000  000  000  000  000         1  7591519051193        3494095       22499037   537360130001  N  0                         34922 01/01/2027       USD          869          869         3627
01 39629627  18856  M  DUVADILAN 10MG. X3A                         1     32760     32760       000     32760       000  000  000  000  000  000         1  7591651001711        3494095       22499037   537360130001  N  0                            01 01/10/2026       USD          903          903         3627
01 39629627  14117  M  FANASAL AD. GOTAS 15ML.                    12      5850      5850       000     70200       000  000  000  000  000  000         1  7598484000218        3493255       22498510   537360130001  N  0                          1424 01/02/2027       USD          161         1935         3627
01 39629627  17220  M  LIT 16G-6G ENEMA.AD 100ML                   2     16926     33852     33852     33852       000  000  000 5000  000  000         1  7592349001167        3494095       22499037   537360130001  N  0                       2401004 01/01/2026       USD          467          933         3627
01 39629627  14020  M  TOPITOLEP 50MG. X30TA                       1     29900     29900       000     29900       000  000  000  000  000  000         1  7593090001222        3494095       22499037   537360130001  N  0                  TL479DT23001 01/08/2025       USD          824          824         3627
02 39629627         33        382549           000           000        382549    0    0    0  000    0    0    0   20/03/2024 3:05:30 p. m.   PR           000           000             0             9           USD         3627        10547
