01 39731753  GT119  M  ASAPROL 81MG. X100CO                        1     39412     39412       000     39412       000  000  000  000  000  000         1  7591585261236        3638033       22575141   538828300001  N  0                           214 01/10/2025       USD         1077         1077         3658
01 39731753  18310  M  FLEMIBAR 10MG/250MG.X10CO                   2     16250     16250       000     32500       000  000  000  000  000  000         1  7591619000916        3638033       22575141   538828300001  N  0                          1001 01/03/2025       USD          444          888         3658
01 39731753  KX175  C  JER INSUL 29X1/2 KX X100                    1     39520     41600      2080     39520      6323  000  000  500  000  000         1 10813333013909        3638033       22575141   538828300001  N  0                        220831 01/09/2027       USD         1080         1080         3658
01 39731753  LN155  M  LISOMUCIN 4MG. JBE.120ML.                   2     10725     10725       000     21450       000  000  000  000  000  000         1  7592348218009        3638411       22575482   538828300001  N  0                       2210009 01/10/2027       USD          293          586         3658
01 39731753  LN160  M  LISOMUCIN 8MG. JBE.120ML.                   2     10969     10969       000     21938       000  000  000  000  000  000         1  7592348218023        3638411       22575482   538828300001  N  0                         41501 01/01/2026       USD          300          600         3658
01 39731753  EL775  M  TALZIC SOL.GOTAS 20ML.                      3      7665      7665       000     22995       000  000  000  000  000  000         1  7591062016670        3638033       22575141   538828300001  N  0                        23117A 01/08/2025       USD          210          629         3658
01 39731753  EL184  M  TALZIC SOL.ORAL 120ML.                      2     11239     11239       000     22478       000  000  000  000  000  000         1  7591062016649        3638033       22575141   538828300001  N  0                        23200A 01/11/2025       USD          307          614         3658
01 39731753  LT028  M  BIOTALOL 2,5MG. X30CO                       2     22573     22573       000     45146       000  000  000  000  000  000         2  7591585217172        3638224       22575358   538828300002  N  0                           088 01/11/2025       USD          617         1234         3658
01 39731753  LC409  M  MIGREN 650-50-1 X10CO                       6     10091     10091       000     60546       000  000  000  000  000  000         2  7591585115737        3638033       22575141   538828300002  N  0                           638 01/02/2026       USD          276         1655         3658
02 39731753         21        266465         39520          6323        312308    0    0    0  000    0    0    0   06/05/2024 4:41:52 p. m.   PR           000           000             0             9           USD         3658         8365
