01 39746739  14983  M  ANTIFOM FORTE 160MG.X10CO                   1     22004     22004       000     22004       000  000  000  000  000  000         1  7592349001068        3659001       22587067   539047230001  N  0                       2310014 01/10/2025       USD          601          601         3661
01 39746739  KV004  M  ANTILAX 2MG. X10TA                          3      9620      9620       000     28860       000  000  000  000  000  000         1  7591821102095        3658848       22586979   539047230001  N  0                       2401302 01/02/2026       USD          263          788         3661
01 39746739  16403  M  DISCAPINA COMP.10/250 X20                   4     17022     17022       000     68088       000  000  000  000  000  000         1  7598252000068        3659001       22587067   539047230001  N  0                        230635 01/06/2026       USD          465         1860         3661
01 39746739  MK939  M  DOMPERIDONA +MK 10 X15                      6      5724      5724       000     34344       000  000  000  000  000  000         1  7591519007428        3659001       22587067   539047230001  N  0                         34744 01/11/2026       USD          156          938         3661
01 39746739  11502  M  LOPERAM 2MG. X10TA                          3     10756     10756       000     32268       000  000  000  000  000  000         1  7592349723571        3658848       22586979   539047230001  N  0                       2309449 01/09/2028       USD          294          881         3661
01 39746739  12894  M  METFORM ACI 850MG. X30TA                   12      5676      6678     12024     68112       000  000  000 1500  000  000         1  7598055000173        3659190       22587192   539047230001  N  0                         AI031 01/10/2025       USD          155         1860         3661
01 39746739  18867  M  PREDNISOLONA DIS1% OFT5ML                   3     11317     22633     33948     33951       000  000  000 5000  000  000         1  7598252000778        3659001       22587067   539047230001  N  0                        221230 01/12/2024       USD          309          927         3661
01 39746739  14881  M  SECNIDAZOL FM500MG. X4TA                    2      4095      4095       000      8190       000  000  000  000  000  000         1  8906082150737        3659001       22587067   539047230001  N  0                         T3776 01/07/2026       USD          112          224         3661
01 39746739  MK339  M  VIAJESAN 50MG. X10TA                        3     14591     14591       000     43773       000  000  000  000  000  000         1   769229220612        3658848       22586979   539047230001  N  0                       1040822 01/08/2025       USD          399         1196         3661
01 39746739  14878  M  LOSARTAN P. FM50MG.X30TA                   12      5850      5850       000     70200       000  000  000  000  000  000         2  8906005117632        3659001       22587067   539047230002  N  0                     E12812306 01/12/2025       USD          160         1918         3661
02 39746739         49        409790           000           000        409790    0    0    0  000    0    0    0   13/05/2024 3:38:41 p. m.   PR           000           000             0            10           USD         3661        11193
