01 39741708  MK133  M  CAPTOPRIL +MK50MG. X30TA                    1     13801     13801       000     13801       000  000  000  000  000  000         1  7591519051292        3649787       22582097   538972520001  N  0                         34912 01/01/2027       USD          377          377         3658
01 39741708  16004  M  CARVEDILOL DIS12,5 X30TA                    4     12090     12090       000     48360       000  000  000  000  000  000         1  7598252101666        3649787       22582097   538972520001  N  0                        220420 01/04/2025       USD          331         1322         3658
01 39741708  12144  M  CEFIXIMA BM100MG.PPSO60ML                   2      9901     11648      3494     19802       000  000  000 1500  000  000         1  6930169708087        3649787       22582097   538972520001  N  0                        220620 01/06/2025       USD          271          541         3658
01 39741708  14551  M  CIPROFLOXACINA LAN500X100                   3     45806     45806       000    137418       000  000  000  000  000  000         1  7598008000304        3649421       22581841   538972520001  N  0                       T30047A 01/12/2025       USD         1252         3757         3658
01 39741708  16248  M  CLINDAMICINA NIO300 X10CA                   2     16792     20990      8396     33584       000  000  000 2000  000  000         1  7598869000307        3649421       22581841   538972520001  N  0                      CJV43001 01/08/2025       USD          459          918         3658
01 39741708  18612  M  CLODOXIN 10MG. X10CO                        2      5850      5850       000     11700       000  000  000  000  000  000         1  7594001101970        3649787       22582097   538972520001  N  0                          7420 01/03/2026       USD          160          320         3658
01 39741708  13119  M  CLOPIDOGREL BM75MG.X30TA                    6      2704      4160      8736     16224       000  000  000 3500  000  000         1  6972718560074        3649787       22582097   538972520001  N  0                        211269 01/12/2024       USD          074          444         3658
01 39741708  MK579  M  DOL PLUS TAB. X10                           2      9287      9880      1186     18574       000  000  000  600  000  000         1  7591519005134        3649787       22582097   538972520001  N  0                         34596 01/09/2026       USD          254          508         3658
01 39741708  11434  M  ENALAPRIL PX20MG. X30TA                     4      7020      7020       000     28080       000  000  000  000  000  000         1  7594001101222        3649787       22582097   538972520001  N  0                          7470 01/09/2025       USD          192          768         3658
01 39741708  MK100  M  RISPERIDONA +MK2MG. X20TA                   1     14490     14490       000     14490       000  000  000  000  000  000         1  7591519009255        3649421       22581841   538972520001  N  0                         35170 01/02/2026       USD          396          396         3658
02 39741708         27        342033           000           000        342033    0    0    0  000    0    0    0   09/05/2024 4:07:49 p. m.   PR           000           000             0            10           USD         3658         9350
