01 39746737  13895  M  AMOXI+AC POR250/62.5 60ML                   2     26826     26826       000     53652       000  000  000  000  000  000         1  7750215007204        3658848       22586979   539047210001  N  0                       2061693 01/06/2025       USD          733         1466         3661
01 39746737  PO180  M  BACTRON SUSP. 100ML.                        4     17940     19500      6240     71760       000  000  000  800  000  000         1  7592806122015        3658848       22586979   539047210001  N  0                        308122 01/08/2028       USD          490         1960         3661
01 39746737  GP220  M  DALTAZEN 60MG. X20CO                        3     39650     39650       000    118950       000  000  000  000  000  000         1  7594000490303        3659001       22587067   539047210001  N  0                          0062 01/04/2028       USD         1083         3249         3661
01 39746737  16566  M  DEXAMETASONA PORT4MG X100                   2     53746     53746       000    107492       000  000  000  000  000  000         1  7750215026502        3659001       22587067   539047210001  N  0                       2075293 01/07/2026       USD         1468         2936         3661
01 39746737  PO460  M  FOLIFER B12 TAB. X30                        2     21050     22880      3660     42100       000  000  000  800  000  000         1  7592806133639        3658848       22586979   539047210001  N  0                        402037 01/02/2027       USD          575         1150         3661
01 39746737  PO550  M  MILAX POLVO 120GR.                          3     18538     20150      4836     55614       000  000  000  800  000  000         1  7592806132038        3658848       22586979   539047210001  N  0                        404084 01/04/2027       USD          506         1519         3661
01 39746737  11571  M  RAMIPRES 5MG. X30CO                         1     26000     26000       000     26000       000  000  000  000  000  000         1  7591619520537        3659001       22587067   539047210001  N  0                          0020 01/04/2027       USD          710          710         3661
01 39746737  10076  C  VASELINA EBEN 30GR.                         6      3326      4891      9390     19956      3193  000 2000 1500  000  000         1  7595492000186        3658848       22586979   539047210001  N  0                         VS007 01/03/2028       USD          091          545         3661
01 39746737  SQ130  C  LUB INT LUBRIX GEL 120ML                    2      9591      9591       000     19182      3069  000  000  000  000  000         3  7592904000024        3658848       22586979   539047210003  N  0                           411 01/04/2027       USD          262          524         3661
02 39746737         25        475568         39138          6262        520968    0    0    0  000    0    0    0   13/05/2024 3:38:37 p. m.   PR           000           000             0             9           USD         3661        14059
