01 39746738  CO195  M  BONITROP 100MG. X20GRAG.                    1     12709     12709       000     12709       000  000  000  000  000  000         1  7591818213124        3658848       22586979   539047220001  N  0                         30339 01/09/2026       USD          347          347         3661
01 39746738  DP440  M  CAPTOPRIL DP 25MG. X20TA                    3      6218      6609      1173     18654       000  000  300  300  000  000         1  7592616576145        3658848       22586979   539047220001  N  0                         31054 01/11/2025       USD          170          510         3661
01 39746738  16026  M  CLAVUMEDC 500/125MG X10TA                   6     16250     16250       000     97500       000  000  000  000  000  000         1  7597285000397        3658848       22586979   539047220001  N  0                       2307317 01/07/2026       USD          444         2663         3661
01 39746738  16027  M  CLAVUMEDC 875/125MG X10TA                   6     20189     20189       000    121134       000  000  000  000  000  000         1  7597285000403        3658848       22586979   539047220001  N  0                       2307321 01/07/2026       USD          551         3309         3661
01 39746738  16254  M  FUROSEMIDA KMP40MG. X10TA                  20      1230      1398      3360     24600       000  000  000 1200  000  000         1  6942189211300        3658848       22586979   539047220001  N  0                        221007 01/10/2025       USD          034          672         3661
01 39746738  16686  M  LAXOPRO 5MG. X10CO                          2     13754     13754       000     27508       000  000  000  000  000  000         1   793869810407        3659190       22587192   539047220001  N  0                        LB0004 01/11/2025       USD          376          751         3661
01 39746738  16069  M  LOSDET 50MG. X30TA                          6      7150      7150       000     42900       000  000  000  000  000  000         1   745687143335        3659001       22587067   539047220001  N  0                          VE70 01/12/2025       USD          195         1172         3661
01 39746738  11634  M  MUCOMAX 30MG. SOL.ORAL120                   4      8731     10316      6340     34924       000  000  800  800  000  000         1  7592616136585        3659001       22587067   539047220001  N  0                        30939B 01/10/2025       USD          238          954         3661
01 39746738  MY270  M  MULTIVIRAL CAPS. X30                        2     31784     31784       000     63568       000  000  000  000  000  000         1  7592601100492        3659190       22587192   539047220001  N  0                        402102 01/01/2026       USD          868         1736         3661
01 39746738  EH210  M  SECNIDAZOL VP 1GR. X2TA                     2      8092      8518       852     16184       000  000  000  500  000  000         1  7703153019914        3659001       22587067   539047220001  N  0                       1485172 01/09/2026       USD          221          442         3661
01 39746738  14235  M  LOSARTAN P. DAC50MG.X30TA                  12      7207      7207       000     86484       000  000  000  000  000  000         2  7598578000223        3659001       22587067   539047220002  N  0                          V440 01/08/2026       USD          197         2362         3661
02 39746738         64        546165           000           000        546165    0    0    0  000    0    0    0   13/05/2024 3:38:39 p. m.   PR           000           000             0            11           USD         3661        14918
