01 39746563  13895  M  AMOXI+AC POR250/62.5 60ML                   2     26826     26826       000     53652       000  000  000  000  000  000         1  7750215007204        3655913       22585946   539045480001  N  0                       2061693 01/06/2025       USD          733         1466         3661
01 39746563  17845  M  BACICLASI SUSP. 5ML.X10                     2     31980     31980       000     63960       000  000  000  000  000  000         1  8906075150874        3656300       22586127   539045480001  N  0                    LBCUK23002 01/12/2024       USD          874         1747         3661
01 39746563  EL524  M  BRUGESICFORTE 200SUSP.60                    4     10531     10531       000     42124       000  000  000  000  000  000         1  7591062013082        3655913       22585946   539045480001  N  0                        24000A 01/01/2027       USD          288         1151         3661
01 39746563  17925  M  FEBRATIC 10/5ML SUSP.60ML                   3     15340     15340       000     46020       000  000  000  000  000  000         1  7591619000794        3655913       22585946   539045480001  N  0                          0088 01/03/2026       USD          419         1257         3661
01 39746563  LC314  N  FLUVIRIN JBE. 120ML.                        2     21249     22367      2236     42498       000  000  000  500  000  000         1  7591585111166        3655913       22585946   539045480001  N  0                           248 01/11/2025       USD          580         1161         3661
01 39746563  EL167  M  PEREBRON JBE.AD.FRANB120                    2     13915     13915       000     27830       000  000  000  000  000  000         1  7591062011217        3655913       22585946   539045480001  N  0                        23210A 01/12/2026       USD          380          760         3661
01 39746563  ET340  C  ADEMINA PLUS CR.CORP.30GR                   2     13650     13650       000     27300      4368  000  000  000  000  000         2  7591844000439        3654943       22585536   539045480002  N  0                    AP30240100 01/01/2027       USD          373          746         3661
01 39746563  GT119  M  ASAPROL 81MG. X100CO                        2     39797     39797       000     79594       000  000  000  000  000  000         2  7591585261236        3658712       22586895   539045480002  N  0                           217 01/10/2025       USD         1087         2174         3661
01 39746563  GT005  M  ASAPROL 81MG. X40CO                         6     16216     16216       000     97296       000  000  000  000  000  000         2  7591585561237        3658712       22586895   539045480002  N  0                           221 01/03/2026       USD          443         2658         3661
01 39746563  LT028  M  BIOTALOL 2,5MG. X30CO                       4     22194     23362      4672     88776       000  000  000  500  000  000         2  7591585217172        3655771       22585875   539045480002  N  0                           088 01/11/2025       USD          606         2425         3661
01 39746563  LT031  M  BIOTALOL 5MG. X30CO                         3     22286     25041      8265     66858       000  000  000 1100  000  000         2  7591585217165        3656105       22586038   539045480002  N  0                           139 01/03/2026       USD          609         1826         3661
01 39746563  GP220  M  DALTAZEN 60MG. X20CO                        3     39650     39650       000    118950       000  000  000  000  000  000         2  7594000490303        3655913       22585946   539045480002  N  0                          0062 01/04/2028       USD         1083         3249         3661
01 39746563  EL369  M  FLATORIL GOTAS 20CC.                        1     32626     32626       000     32626       000  000  000  000  000  000         2  7591062166191        3656034       22586012   539045480002  N  0                        23116A 01/09/2025       USD          891          891         3661
02 39746563         36        760184         27300          4368        791852    0    0    0  000    0    0    0   13/05/2024 3:19:58 p. m.   PR           000           000             0            13           USD         3661        21510
