01 39767655  19276  M  GENLET 200MG. X10CO                         6     10310     10310       000     61860       000  000  000  000  000  000         1  7591585210180        3683648       22602500   539346320001  N  0                           068 01/01/2026       USD          282         1692         3657
01 39767655  16539  M  GESTASYN100 X10T ORA-VAG.                   1     22359     22359       000     22359       000  000  000  000  000  000         1  8904250520665        3683510       22602352   539346320001  N  0                     ES2HTA030 01/09/2026       USD          611          611         3657
01 39767655  AY171  C  JER 3CC 21X1-1/2 KX X100                    2     32110     33800      3380     64220     10275  000  000  500  000  000         1 10813333013824        3683375       22602245   539346320001  N  0                        230412 01/04/2028       USD          878         1756         3657
01 39767655  AY173  C  JER 5CC 21X1-1/2 KX X100                    1     33345     35100      1755     33345      5335  000  000  500  000  000         1 10813333013848        3683375       22602245   539346320001  N  0                        221026 01/11/2027       USD          912          912         3657
01 39767655  15199  M  NEUROMIX COMPLE B X3A                       6     15609     15609       000     93654       000  000  000  000  000  000         1  7591585113382        3683375       22602245   539346320001  N  0                           072 01/10/2025       USD          427         2561         3657
01 39767655  EL035  M  GENURIN 200MG. X10CO                        4     22222     22222       000     88888       000  000  000  000  000  000         2  7591062901198        3683648       22602500   539346320002  N  0                        24033A 01/02/2027       USD          608         2431         3657
01 39767655  ZV005  N  ARNICA D6 GLOB.30GR VIHOM                   2     14479     14479       000     28958       000  000  000  000  000  000         4  7593533001116        3683510       22602352   539346320004  N  0                     010224133 01/02/2027       USD          396          792         3657
01 39767655  11042  N  CITRATO POT. FG10,8% 1LT.                   4     24012     24012       000     96048       000  000  000  000  000  000         4       25526479        3683375       22602245   539346320004  N  0                          3161 01/04/2027       USD          657         2626         3657
01 39767655  16145  N  CITRATO POT. FG10,8% 500                    2     15202     15202       000     30404       000  000  000  000  000  000         4   112345202237        3683375       22602245   539346320004  N  0                          3164 01/04/2027       USD          416          831         3657
02 39767655         28        422171         97565         15610        535346    0    0    0  000    0    0    0   20/05/2024 7:26:06 p. m.   PR           000           000             0             9           USD         3657        14212
