01 39767658  19486  M  ANODYNE 0,1% SOL.OFT.5ML.                   6      3465      5330     11190     20790       000  000  000 3500  000  000         1  7598055000227        3683510       22602352   539346350001  N  0                           153 01/04/2025       USD          095          568         3657
01 39767658  19484  M  SASOLIN D 0,4-0,5 X30CA                     2     39282     52376     26188     78564       000  000  000 2500  000  000         1  7598055001453        3683510       22602352   539346350001  N  0                         LI013 01/05/2025       USD         1074         2148         3657
01 39767658  12874  M  SULIXTRA DUO 0.4/0.5 10CA                   2     26910     26910       000     53820       000  000  000  000  000  000         1  7593090001215        3683510       22602352   539346350001  N  0                  TL210IC24001 01/12/2025       USD          736         1472         3657
01 39767658  15181  M  AMIPINA 5MG. X30TA                         12      3563      3959      4752     42756       000  000  000 1000  000  000         2  7598484001154        3683375       22602245   539346350002  N  0                     TA1800006 01/03/2026       USD          097         1169         3657
01 39767658  14290  M  CEFIXIMA FM400MG. X10TA                     4     16673     17550      3508     66692       000  000  000  500  000  000         2  8906082151031        3683510       22602352   539346350002  N  0                      0873Z007 01/06/2026       USD          456         1824         3657
01 39767658  14956  M  DIHIDROLIP 10MG. X10CO                      3     14742     14742       000     44226       000  000  000  000  000  000         2  7592349001020        3683375       22602245   539346350002  N  0                       2404011 01/04/2026       USD          403         1209         3657
01 39767658  VC215  M  FUGOLIN CR. 20 GR.                          2      8044      8938      1788     16088       000  000  000 1000  000  000         2  7592782000130        3683510       22602352   539346350002  N  0                      23110079 01/11/2025       USD          220          440         3657
01 39767658  14121  M  METFORMINA QF500MG. 30TA                   10      4548      5351      8030     45480       000  000  000 1500  000  000         2  7598484001215        3683510       22602352   539346350002  N  0                      TM730050 01/03/2026       USD          124         1244         3657
01 39767658  14123  M  MUCOFAR AD.JBE. 120ML.                      4      9448     10498      4200     37792       000  000  000 1000  000  000         4  7598484000867        3683375       22602245   539346350004  N  0                          1924 01/02/2026       USD          258         1033         3657
02 39767658         45        406208           000           000        406208    0    0    0  000    0    0    0   20/05/2024 7:26:16 p. m.   PR           000           000             0             9           USD         3657        11108
