01 39863659  14981  M  ALGIOL 5MG. X30CO                           3     16628     19760      9396     49884       000  000  000 1500  000  100         1  7592803003973        3788948       22661905   540666130001  N  0                       2402334 01/02/2026       USD          457         1371         3639
01 39863659  12543  M  ATOVAROL 20MG X14CA                         2     15210     15210       000     30420       000  000  000  000  000  000         1  7592432901435        3788948       22661905   540666130001  N  0                        240013 01/01/2026       USD          418          836         3639
01 39863659  18785  M  CANDESARTAN SP16MG. X30CO                   6     17956     21125     19014    107736       000  000  000 1500  000  000         1  7590027002864        3789096       22661984   540666130001  N  0                          1114 01/05/2026       USD          493         2961         3639
01 39863659  18784  M  CANDESARTAN SP8MG. X30CO                    6     13813     16250     14622     82878       000  000  000 1500  000  000         1  7590027002857        3789096       22661984   540666130001  N  0                           964 01/04/2026       USD          380         2277         3639
01 39863659  VM489  M  HISTALER 5MG. X10TA                         4      5212      5212       000     20848       000  000  000  000  000  000         1  7591020008518        3788656       22661728   540666130001  N  0                            38 01/12/2025       USD          143          573         3639
01 39863659  15366  M  IBUPRA 600MG. X10TA                        24      2711      2854      3432     65064       000  000  000  500  000  000         1  8906112610446        3789096       22661984   540666130001  N  0                         FP115 01/08/2026       USD          074         1788         3639
01 39863659  14972  M  KETOROLACO ADN IM/IV X10A                   1     23498     24735      1237     23498       000  000  000  500  000  000         1  8904187828292        3789096       22661984   540666130001  N  0                        GN1421 01/03/2026       USD          646          646         3639
01 39863659  15367  M  LEVOFLOXACIN 500MG. X5TA                   12       599       998      4788      7188       000  000  000 4000  000  000         1  8906109691236        3789096       22661984   540666130001  N  0                      E2201008 01/12/2024       USD          016          198         3639
01 39863659  15368  M  LEVOFLOXACIN 750MG. X5TA                   12      1199      1998      9588     14388       000  000  000 4000  000  000         1  8906109691250        3789096       22661984   540666130001  N  0                      E2201011 01/12/2024       USD          033          395         3639
01 39863659  ED004  M  CLOFEN 1,8MG. SUSP.60ML.                    3     12580     14950      7110     37740       000  000  000 1500  000  100         2  7592803001801        3788948       22661905   540666130002  N  0                       2403343 01/03/2026       USD          346         1037         3639
01 39863659  ED379  M  VIZERUL 150MG. JBE.120ML.                   2     25161     29900      9478     50322       000  000  000 1500  000  100         2  7592803002389        3788948       22661905   540666130002  N  0                       2311294 01/11/2025       USD          691         1383         3639
02 39863659         75        489966           000           000        489966    0    0    0  000    0    0    0   19/06/2024 2:24:05 p. m.   PR           000           000             0            11           USD         3639        13464
