01 39916284  16027  M  CLAVUMEDC 875/125MG X10TA                   6     20189     20189       000    121134       000  000  000  000  000  000         1  7597285000403        3843517       22695047   541404260001  N  0                       2307321 01/07/2026       USD          553         3318         3651
01 39916284  15446  M  KETOVEN 2% CR.TOP. 30GR.                    6     10767     10767       000     64602       000  000  000  000  000  000         1  7596347793581        3843357       22694916   541404260001  N  0                      LK5V0226 01/02/2026       USD          295         1769         3651
01 39916284  PA126  M  BETADERM 0,05% CR.15GR.                     3     16380     18200      5460     49140       000  000  000 1000  000  000         2  7591243804140        3843574       22695087   541404260002  N  0                       9395802 01/03/2026       USD          449         1346         3651
01 39916284  VM026  M  CANDER HCT 8/12,5 X30TAB                    2     32890     32890       000     65780       000  000  000  000  000  000         2  7591020080637        3843480       22695025   541404260002  N  0                            50 01/06/2029       USD          901         1802         3651
01 39916284  GB840  M  GLICERINA GC SUPOS.PED.X6                   2     16683     16683       000     33366       000  000  000  000  000  000         2  7592349923872        3843684       22695162   541404260002  N  0                       2401152 01/01/2026       USD          457          914         3651
01 39916284  LO544  M  LACRIFORT SOL.OFT. 15ML.                    2     25436     29925      8978     50872       000  000  000 1500  000  000         2  7591196004208        3843480       22695025   541404260002  N  0                       I093477 01/10/2025       USD          697         1393         3651
01 39916284  11502  M  LOPERAM 2MG. X10TA                          4     11294     11294       000     45176       000  000  000  000  000  000         2  7592349723571        3844043       22695382   541404260002  N  0                       2404450 01/04/2029       USD          309         1237         3651
01 39916284  16923  M  VITAMINA K LIA10MG.10VIAL                   2     17550     17550       000     35100       000  000  000  000  000  000         2   021281084275        3843892       22695309   541404260002  N  0                       IMSG205 01/06/2025       USD          481          961         3651
01 39916284  18479  C  CHICCO COL. NIÑOS 110CC.                    4      6531      6531       000     26124      4180  000  000  000  000  000         3  7591061647264        3844678       22695786   541404260003  N  0                      24612201 01/05/2026       USD          179          716         3651
01 39916284  18735  C  FRIENDS JABON INTIMO 240                    2     11358     11358       000     22716      3635  000  000  000  000  000         3  7591061640012        3844678       22695786   541404260003  N  0                      23N06291 01/11/2026       USD          311          622         3651
01 39916284  PT023  M  VICK VAPORUB LATA12GR.X12                   1    102960    102960       000    102960       000  000  000  000  000  000         3  7500435107020        3844678       22695786   541404260003  N  0                    31384354L0 01/04/2025       USD         2820         2820         3651
02 39916284         34        568130         48840          7814        624784    0    0    0  000    0    0    0   07/07/2024 2:47:57 p. m.   PR           000           000             0            11           USD         3651        16899
