01 39938000  16775  M  ARCOVAL 60MG. X7TA                          2     13051     13051       000     26102       000  000  000  000  000  000         1  7591020009157        3867548       22710852   541714020001  N  0                            03 01/04/2026       USD          357          715         3652
01 39938000  15680  M  BACITRACINA+NEO UNG.15GR.                   6      7259      8441      7092     43554       000  000  000 1400  000  000         1  6942189211348        3867785       22710987   541714020001  N  0                        230915 01/09/2026       USD          199         1193         3652
01 39938000  NP099  N  CALCIBON NATAL FORT X30TA                   1     41600     41600       000     41600      6656  000  000  000  000  000         1  7591821102071        3869651       22711747   541714020001  N  0                       2405344 01/06/2026       USD         1139         1139         3652
01 39938000  14957  M  DIHIDROLIP 20MG. X10CO                      3     23391     23391       000     70173       000  000  000  000  000  000         1  7592349001037        3869651       22711747   541714020001  N  0                       2404007 01/04/2026       USD          640         1921         3652
01 39938000  17669  M  ETORICOXIB ANG60 X10TA                      2     11460     11460       000     22920       000  000  000  000  000  000         1  7598176000458        3867548       22710852   541714020001  N  0                       23T0831 01/07/2026       USD          314          628         3652
01 39938000  KV011  M  FEMMEXTRA 200-10 X10CA                      2     18720     18720       000     37440       000  000  000  000  000  000         1  7591821802773        3868771       22711541   541714020001  N  0                       2402144 01/03/2026       USD          513         1025         3652
01 39938000  VA619  M  HENOVIC SOL.ORAL GOTAS 30ML                 1     26429     26429       000     26429       000  000  000  000  000  000         1  7592349722963        3867005       22710517   541714020001  N  0                       2402051 01/02/2026       USD          724          724         3652
01 39938000  PA009  M  LOGANIL 250MG. JBE.AD.120                   2     19305     21450      4290     38610       000  000  000 1000  000  000         1  7591243831474        3868068       22711169   541714020001  N  0                       9443501 01/05/2026       USD          529         1057         3652
01 39938000  19243  M  OFTERRA UNG.OFT. 7GR.                       1     27591     27591       000     27591       000  000  000  000  000  000         1  7591196002211        3868771       22711541   541714020001  N  0                        024922 01/02/2027       USD          756          756         3652
01 39938000  PA033  M  SAX SOL. VAGINAL 135 CC.                    2     13455     14950      2990     26910       000  000  000 1000  000  000         1  7591241846609        3868771       22711541   541714020001  N  0                       9392802 01/04/2027       USD          368          737         3652
01 39938000  ED660  M  VIZERUL 75MG. X10CO                         2     13000     13000       000     26000       000  000  000  000  000  000         1  7592803001153        3867548       22710852   541714020001  N  0                       2405426 01/05/2027       USD          356          712         3652
01 39938000  NP640  M  MACRODANTINA 50MG. X30CA                    2     32581     32581       000     65162       000  000  000  000  000  000         2  7591821901858        3866784       22710372   541714020002  N  0                       2404341 01/04/2027       USD          892         1784         3652
01 39938000  SP580  M  SULTAMICILINA SP 250 60ML                   1     19492     22932      3440     19492       000  000  000 1500  000  000         4  7590027000921        3868068       22711169   541714020004  N  0                            64 01/01/2026       USD          534          534         3652
02 39938000         27        471983           000          6656        478639    0    0    0  000    0    0    0   15/07/2024 8:50:40 a. m.   PR           000           000             0            13           USD         3652        12924
