01 39983709  19632  M  ATAMEL 120MG. T.FRUT120ML                   6      9702      9900      1188     58212       000  000  200  000  000  000         1  7591519001297        3918979       22741259   542356420001  N  0                         35660 01/06/2026       USD          265         1591         3658
01 39983709  PF140  M  ATAMEL 500MG. X20TA                         6     10707     11501      4764     64242       000  000  200  500  000  000         1  7591519000986        3918979       22741259   542356420001  N  0                         35005 01/01/2027       USD          293         1756         3658
01 39983709  AO180  M  CALOXPIRINA 81MG. X30TA                     2     11517     12371      1708     23034       000  000  200  500  000  000         1  7591519008487        3918979       22741259   542356420001  N  0                         35324 01/04/2027       USD          315          630         3658
01 39983709  15201  N  CASTAÑO INDIAS ABE X70CA                    2     26978     26978       000     53956       000  000  000  000  000  000         1  7597134002121        3919147       22741335   542356420001  N  0                          CA03 01/04/2026       USD          738         1475         3658
01 39983709  MK103  M  DIOSMINA +MK 600MG. X14TA                   1     32444     33106       662     32444       000  000  200  000  000  000         1  7591519051193        3918979       22741259   542356420001  N  0                         35492 01/04/2027       USD          887          887         3658
01 39983709  MK939  M  DOMPERIDONA +MK 10 X15                     12      5610      5724      1368     67320       000  000  200  000  000  000         1  7591519007428        3918979       22741259   542356420001  N  0                         35326 01/02/2027       USD          153         1840         3658
01 39983709  MK724  M  LEVOFLOXACINO +MK500 X5TA                   2     15930     16255       650     31860       000  000  200  000  000  000         1  7591519005905        3918979       22741259   542356420001  N  0                         35686 01/06/2026       USD          435          871         3658
01 39983709  MK805  M  LORATADINA +MK 10MG.X10TA                  20      3701      3975      5480     74020       000  000  200  500  000  000         1  7591519000788        3918979       22741259   542356420001  N  0                         35415 01/04/2027       USD          101         2024         3658
01 39983709  MK054  M  OMEPRAZOL +MK 20MG. X28CA                   3     15343     15656       939     46029       000  000  200  000  000  000         1  7591519001907        3918979       22741259   542356420001  N  0                         35168 01/03/2026       USD          419         1258         3658
01 39983709  MK100  M  RISPERIDONA +MK2MG. X20TA                  12     15066     15373      3684    180792       000  000  200  000  000  000         1  7591519009255        3918979       22741259   542356420001  N  0                         35682 01/06/2026       USD          412         4942         3658
02 39983709         66        631909           000           000        631909    0    0    0  000    0    0    0   26/07/2024 1:29:50 p. m.   PR           000           000             0            10           USD         3658        17275
