01 40017844  10736  M  ACETAMINOFEN PX650 X10TA                   20      2441      2990     10980     48820       000  000  200 1500  000  200         1  7594001101604        3959306       22763748   542830570001  N  0                          7506 01/05/2026       USD          067         1331         3668
01 40017844  12827  M  ALBENDAZOL PX 200MG X2TA                   24      2472      2860      9312     59328       000  000  200 1000  000  200         1  7594001100263        3959306       22763748   542830570001  N  0                          7484 01/10/2025       USD          067         1617         3668
01 40017844  12826  M  ALBENDAZOL PX 400MG X10ML                  24      5618      6500     21168    134832       000  000  200 1000  000  200         1  7594001100294        3959306       22763748   542830570001  N  0                          7557 01/05/2026       USD          153         3676         3668
01 40017844  18612  M  CLODOXIN 10MG. X10CO                        6      5094      6240      6876     30564       000  000  200 1500  000  200         1  7594001101970        3959306       22763748   542830570001  N  0                          7626 01/06/2026       USD          139          833         3668
01 40017844  RZ110  M  DEXTONIL 15MG. JBE 120ML.                   6     10719     13130     14466     64314       000  000  200 1500  000  200         1  7594001100331        3959306       22763748   542830570001  N  0                          7620 01/06/2026       USD          292         1753         3668
01 40017844  11434  M  ENALAPRIL PX20MG. X30TA                    12      6405      7020      7380     76860       000  000  200  500  000  200         1  7594001101222        3959306       22763748   542830570001  N  0                          7633 01/12/2025       USD          175         2095         3668
01 40017844  RZ210  M  IPROXIN 500MG. X12TA                        6     12922     14950     12168     77532       000  000  200 1000  000  200         1  7594001100416        3959306       22763748   542830570001  N  0                          7609 01/06/2026       USD          352         2114         3668
01 40017844  11442  M  KETOPROFENO PX100 X10TA                    20      8421      9230     16180    168420       000  000  200  500  000  200         1  7594001101178        3959306       22763748   542830570001  N  0                          7649 01/06/2029       USD          230         4592         3668
01 40017844  18610  M  METFORMINA PX500 X30TA                     12      8190     10660     29640     98280       000  000  200 2000  000  200         1  7594001101949        3959306       22763748   542830570001  N  0                          7678 01/07/2026       USD          223         2679         3668
01 40017844  12828  M  TINIDAZOL PX500MG. X4TA                     3      4863      5330      1401     14589       000  000  200  500  000  200         1  7594001100539        3959306       22763748   542830570001  N  0                          7603 01/06/2027       USD          133          398         3668
01 40017844  RZ190  M  TIOCHAX 4MG. X12CO                         12      9657     11830     26076    115884       000  000  200 1500  000  200         1  7594001100362        3959306       22763748   542830570001  N  0                          7610 01/06/2027       USD          263         3159         3668
01 40017844  RZ160  M  ACIDO FOLICO PX10MG.X20TA                  24      3396      4160     18336     81504       000  000  200 1500  000  200         2  7594001101338        3959306       22763748   542830570002  N  0                          7529 01/04/2027       USD          093         2222         3668
01 40017844  RZ350  M  SECNIDEX 500MG. X4TA                        3      6967      8060      3279     20901       000  000  200 1000  000  200         2  7594001101475        3959306       22763748   542830570002  N  0                          7480 01/04/2029       USD          190          570         3668
01 40017844  RZ200  M  SILDEX 50MG. X1TA                          20      2297      2990     13860     45940       000  000  200 2000  000  200         2  7594001101413        3959306       22763748   542830570002  N  0                          7303 01/11/2026       USD          063         1252         3668
01 40017844  PM190  M  CLODOXIN JBE. 120ML.                        3     10793     11830      3111     32379       000  000  200  500  000  200         3  7594001100577        3959306       22763748   542830570003  N  0                          7640 01/06/2027       USD          294          883         3668
02 40017844        195       1070147           000           000       1070147    0    0    0  000    0    0    0   08/08/2024 3:32:09 p. m.   PR           000           000             0            15           USD         3668        29175
