01 40162074  14259  M  ACICLOVIR DIS200MG.X100TA                   1     33284     47548     14264     33284       000  000  000 3000  000  000         1  7598252101307        4121745       22859518   544882580001  N  0                        220501 01/05/2025       USD          904          904         3682
01 40162074  12827  M  ALBENDAZOL PX 200MG X2TA                   12      3088      3250      1944     37056       000  000  000  500  000  000         1  7594001100263        4122422       22859936   544882580001  N  0                          7645 01/12/2025       USD          084         1006         3682
01 40162074  12826  M  ALBENDAZOL PX 400MG X10ML                   6      6890      6890       000     41340       000  000  000  000  000  000         1  7594001100294        4122422       22859936   544882580001  N  0                          7642 01/06/2026       USD          187         1123         3682
01 40162074  19604  M  BLUDIPIN LP 30MG. X30TA                     6     19711     20748      6222    118266       000  000  000  500  000  000         1  7598127002166        4121708       22859499   544882580001  N  0                          4A16 01/03/2027       USD          535         3212         3682
01 40162074  13611  M  CLENBUTEROL PED. X120ML                     2      9100     11375      4550     18200       000  000  000 2000  000  000         1  7594000851357        4120843       22859016   544882580001  N  0                        240108 01/01/2026       USD          247          494         3682
01 40162074  19689  M  DICLOFENAC P.BM75MG.X10A                    4     42237     44460      8892    168948       000  000  000  500  000  000         1  7598127002104        4121708       22859499   544882580001  N  0                      E24AM095 01/02/2027       USD         1147         4588         3682
01 40162074  14117  M  FANASAL AD. GOTAS 15ML.                    12      6552      7280      8736     78624       000  000  000 1000  000  000         1  7598484000218        4120843       22859016   544882580001  N  0                          7274 01/07/2027       USD          178         2135         3682
01 40162074  14955  M  METRONIDAZOL PORT500 10OV                   3     14918     16576      4974     44754       000  000  000 1000  000  000         1  7750215001806        4121708       22859499   544882580001  N  0                       2034544 01/03/2027       USD          405         1215         3682
01 40162074  17068  M  NEVAC 0,1%SUSP.OFT. 5ML.                    1     56580     56580       000     56580       000  000  000  000  000  000         1  7591196007254        4122796       22860170   544882580001  N  0                        103160 01/11/2025       USD         1537         1537         3682
01 40162074  14375  M  PARACETA PORTU500 X100TA                    1     14018     15575      1557     14018       000  000  000 1000  000  000         1  7750215496886        4122422       22859936   544882580001  N  0                       2080612 01/08/2025       USD          381          381         3682
01 40162074  19522  M  LOSARTAN DIS50MG. X30TA                    12      5097      5663      6792     61164       000  000  000 1000  000  000         2  7598252001911        4120843       22859016   544882580002  N  0                        220428 01/04/2025       USD          138         1661         3682
02 40162074         60        672234           000           000        672234    0    0    0  000    0    0    0   22/09/2024 12:11:49 p. m.   PR           000           000             0            11           USD         3682        18257
