01 40237911  18402  M  ANTIFOM 80MG. S.ORAL 20ML                   2     16788     16788       000     33576       000  000  000  000  000  000         1  7592349001723        4203802       22907645   545957970001  N  0                       2403003 01/03/2026       USD          432          863         3889
01 40237911  15427  M  ATORVASTATINA BUKA20 30TA                  12     10062     11180     13416    120744       000  000  000 1000  000  000         1   675696260139        4203802       22907645   545957970001  N  0                        ATA307 01/02/2027       USD          259         3105         3889
01 40237911  15428  M  ATORVASTATINA BUKA40 30TA                  12     10647     11830     14196    127764       000  000  000 1000  000  000         1   675696260146        4203802       22907645   545957970001  N  0                        AVA307 01/02/2027       USD          274         3285         3889
01 40237911  17547  M  BACITRACINA DAC UNG. 20GR                   4     10615     10615       000     42460       000  000  000  000  000  000         1  7598578000469        4204150       22907872   545957970001  N  0                          4085 01/01/2027       USD          273         1092         3889
01 40237911  16064  M  CLOBEDET CR.TOP. 15GR.                      6     10400     10400       000     62400       000  000  000  000  000  000         1   745687143311        4204150       22907872   545957970001  N  0                            06 01/02/2026       USD          267         1605         3889
01 40237911  NP002  M  FARMA D 1000UI X30TA                        1     17701     19240      1539     17701       000  000  000  800  000  000         1  7591821102101        4203802       22907645   545957970001  N  0                       2407595 01/08/2027       USD          455          455         3889
01 40237911  10756  M  HISTIVERT 16MG. X30CO                       1     20280     20280       000     20280       000  000  000  000  000  000         1  7891317100063        4203802       22907645   545957970001  N  0                        890734 01/11/2025       USD          521          521         3889
01 40237911  19627  M  TOBRAPRADEX SUSP.OFT.5ML.                   6      4510      4698      1128     27060       000  000  000  400  000  000         1  8906112611399        4204150       22907872   545957970001  N  0                      19212301 01/04/2025       USD          116          696         3889
01 40237911  15373  M  TREXIOL 90MG. X10TA                         4      8658      8658       000     34632       000  000  000  000  000  000         1  7411158631184        4203802       22907645   545957970001  N  0                       MU23001 01/01/2026       USD          223          891         3889
01 40237911  11288  M  COLYPAN 200MG. X10TA                        6     16172     20215     24258     97032       000  000  000 2000  000  000         2  7591821210264        4203802       22907645   545957970002  N  0                       2407613 01/08/2027       USD          416         2495         3889
01 40237911  ED304  M  HEPROX 0,4MG.LP X30CA                       2     34060     34060       000     68120       000  000  000  000  000  000         2  7592803002372        4203802       22907645   545957970002  N  0                       2407509 01/04/2027       USD          876         1752         3889
01 40237911  FA239  M  NOTOLAC 30MG. X4TA.SUBL.                    3     15581     18330      8247     46743       000  000  000 1500  000  000         2  7591821210134        4203802       22907645   545957970002  N  0                       2407635 01/07/2026       USD          401         1202         3889
02 40237911         59        698512           000           000        698512    0    0    0  000    0    0    0   14/10/2024 2:13:01 p. m.   PR           000           000             0            12           USD         3889        17961
