01 40251437  LO179  M  AIRON 10MG. X30TA                           4     30732     30732       000    122928       000  000  000  000  000  000         1  7591196002808        4219190       22916207   546152250001  N  0                       I024785 01/03/2026       USD          788         3151         3901
01 40251437  13895  M  AMOXI+AC POR250/62.5 60ML                   2     18365     33391     30052     36730       000  000  000 4500  000  000         1  7750215007204        4219190       22916207   546152250001  N  0                       2117713 01/11/2025       USD          471          942         3901
01 40251437  18829  M  ANTAAR 1,25MG. X30TA                        1     16046     16891       845     16046       000  000  000  500  000  000         1  7591519051889        4219190       22916207   546152250001  N  0                         35725 01/06/2027       USD          411          411         3901
01 40251437  VM469  M  CANDER 8MG. X30TA                           2     27287     27563       552     54574       000  000  000  100  000  000         1  7591020008297        4219190       22916207   546152250001  N  0                           259 01/07/2028       USD          699         1399         3901
01 40251437  VO121  M  CANDESARTAN GCR16 X30TA                     6     23055     25617     15372    138330       000  000  000 1000  000  000         1  7591020008815        4219190       22916207   546152250001  N  0                            33 01/09/2026       USD          591         3546         3901
01 40251437  15201  N  CASTAÑO INDIAS ABE X70CA                    2     25541     28379      5676     51082       000  000  000 1000  000  000         1  7597134002121        4219190       22916207   546152250001  N  0                          CA04 01/08/2027       USD          655         1309         3901
01 40251437  16096  M  CLARITROMICINA PORT250 50                   1     61631     64875      3244     61631       000  000  000  500  000  000         1  7750215007167        4219245       22916233   546152250001  N  0                       2097453 01/09/2026       USD         1580         1580         3901
01 40251437  18258  M  CLOTRIMAZOL VP200MG.X3CBV                   6      9809     10325      3096     58854       000  000  000  500  000  000         1  7592432000459        4219190       22916207   546152250001  N  0                        230231 01/09/2026       USD          251         1509         3901
01 40251437  13113  M  KETOPROFENO +MK 100X10CA                    6     10346     10557      1266     62076       000  000  000  200  000  000         1  7591519000139        4219190       22916207   546152250001  N  0                         35723 01/07/2027       USD          265         1591         3901
01 40251437  BQ240  M  LANCERAN SOL.ORAL 120ML.                    3      9447      9447       000     28341       000  000  000  000  000  000         1  7594000850237        4219190       22916207   546152250001  N  0                        240604 01/06/2026       USD          242          727         3901
01 40251437  17963  M  LOPRAMELOL 100MG. X30TA                     6      7170      7547      2262     43020       000  000  000  500  000  000         1  8906082151437        4219190       22916207   546152250001  N  0                        T31104 01/11/2026       USD          184         1103         3901
01 40251437  GQ769  M  LOSARTAN P.LS50/12,5 X15                    2     11776     12396      1240     23552       000  000  000  500  000  000         1  7592454001588        4219190       22916207   546152250001  N  0                       3506193 01/03/2026       USD          302          604         3901
02 40251437         41        697164           000           000        697164    0    0    0  000    0    0    0   17/10/2024 2:53:45 p. m.   PR           000           000             0            12           USD         3901        17871
