01 40268498  15264  M  ACETAMINOFEN+P BM800 10TA                   6      1508      3016      9048      9048       000  000  000 5000  000  000         1  7598127000988        4235225       22926901   546397230001  N  0                        220661 01/06/2025       USD          038          231         3918
01 40268498  14758  M  AZITROMICINA DIS500 X3TA                   20      6304      6304       000    126080       000  000  000  000  000  000         1  7598252101116        4235867       22926904   546397230001  N  0                        240268 01/02/2027       USD          161         3218         3918
01 40268498  14871  M  AZITROMICINA FM200 15ML.                   12      8028      8450      5064     96336       000  000  000  500  000  000         1  8906082150782        4235867       22926904   546397230001  N  0                   2318134L001 01/07/2026       USD          205         2459         3918
01 40268498  19967  M  CEFADROXAN 500MG. X10CA                    30      9880     10400     15600    296400       000  000  000  500  000  000         1  7598127002289        4235225       22926901   546397230001  N  0                        240420 01/04/2027       USD          252         7565         3918
01 40268498  16248  M  CLINDAMICINA NIO300 X10CA                   1     13734     22890      9156     13734       000  000  000 4000  000  000         1  7598869000307        4235076       22926900   546397230001  N  0                      CJV43001 01/08/2025       USD          351          351         3918
01 40268498  GP220  M  DALTAZEN 60MG. X20CO                        2     51610     51610       000    103220       000  000  000  000  000  000         1  7594000490303        4235076       22926900   546397230001  N  0                          0065 01/08/2028       USD         1317         2635         3918
01 40268498  LO509  M  DESLORAT 0,5MG. JBE.60ML.                   1     13010     13010       000     13010       000  000  000  000  000  000         1  7591196004161        4235867       22926904   546397230001  N  0                       I064696 01/07/2026       USD          332          332         3918
01 40268498  14956  M  DIHIDROLIP 10MG. X10CO                      4     17241     17241       000     68964       000  000  000  000  000  000         1  7592349001020        4235076       22926900   546397230001  N  0                       2408015 01/08/2026       USD          440         1760         3918
01 40268498  14957  M  DIHIDROLIP 20MG. X10CO                      2     26053     26053       000     52106       000  000  000  000  000  000         1  7592349001037        4235076       22926900   546397230001  N  0                       2409009 01/09/2026       USD          665         1330         3918
01 40268498  11502  M  LOPERAM 2MG. X10TA                          3     10693     12580      5661     32079       000  000  000 1500  000  000         1  7592349723571        4235867       22926904   546397230001  N  0                       2406451 01/06/2029       USD          273          819         3918
01 40268498  14221  M  URODUTAN 200MG. X10TA                       3     13298     13298       000     39894       000  000  000  000  000  000         1  7593090001512        4235076       22926900   546397230001  N  0                         EG375 01/10/2026       USD          339         1018         3918
01 40268498  16781  M  VAXIDUO 100/400 X7OV.VAG.                   1     30887     32513      1626     30887       000  000  000  500  000  000         1  7703153041205        4235076       22926900   546397230001  N  0                       1526869 01/07/2026       USD          788          788         3918
01 40268498  LO444  M  APIRET 180SOL.ORAL 120ML.                  12     11961     14587     31512    143532       000  000  000 1800  000  000         3  7591196002785        4235867       22926904   546397230003  N  0                       I084069 01/08/2026       USD          305         3663         3918
01 40268498  14289  M  MUCOFAR PED.JBE. 120ML.                     4     10764     11960      4784     43056       000  000  000 1000  000  000         3  7598484000881        4235225       22926901   546397230003  N  0                          6064 01/06/2026       USD          275         1099         3918
02 40268498        101       1068346           000           000       1068346    0    0    0  000    0    0    0   22/10/2024 9:33:06 p. m.   PR           000           000             0            14           USD         3918        27268
