01 40268497  16556  M  BETADEX PLUS CR.20GR                        6      9282     10920      9828     55692       000  000  000 1500  000  000         1   021281083285        4235867       22926904   546397220001  N  0                         BP308 01/06/2025       USD          237         1421         3918
01 40268497  19793  M  CALAMINA LOCION 110ML.                      2     16833     17719      1772     33666       000  000  000  500  000  000         1  7591616002227        4235867       22926904   546397220001  N  0                        248708 01/09/2026       USD          430          859         3918
01 40268497  ED100  M  CINAREN 75MG. X20CA                         1     16510     16510       000     16510       000  000  000  000  000  000         1  7592803000118        4235076       22926900   546397220001  N  0                       2406469 01/06/2028       USD          421          421         3918
01 40268497  KV011  M  FEMMEXTRA 200-10 X10CA                      1     20150     20150       000     20150       000  000  000  000  000  000         1  7591821802773        4235867       22926904   546397220001  N  0                       2406348 01/06/2026       USD          514          514         3918
01 40268497  17058  M  IBUPROFENO KMP600 X10TA                    12      3291      4388     13164     39492       000  000  000 2500  000  000         1  6942189304262        4235867       22926904   546397220001  N  0                        230930 01/09/2026       USD          084         1008         3918
01 40268497  PA053  M  TAMOA 250MG. X6CO.MAST.                     4     31200     31200       000    124800       000  000  000  000  000  000         1  7591243849622        4237277       22926904   546397220001  N  0                       9438102 01/07/2026       USD          796         3185         3918
01 40268497  PA053  M  TAMOA 250MG. X6CO.MAST.                     1     31200     31200       000     31200       000  000  000  000  000  000         1  7591243849622        4235867       22926904   546397220001  N  0                       9438102 01/07/2026       USD          796          796         3918
01 40268497  PA230  M  TAMOA 250MG.SUSP. 15ML.                     4     22100     22100       000     88400       000  000  000  000  000  000         1       75919511        4235867       22926904   546397220001  N  0                       9469901 01/09/2027       USD          564         2256         3918
01 40268497  18480  C  CHICCO ACEITE NIÑOS 110CC                   2      8428      9915      2974     16856      2697  000  000 1500  000  000         2  7591061660577        4235867       22926904   546397220002  N  0                     249070101 01/09/2026       USD          215          430         3918
02 40268497         33        409910         16856          2697        429463    0    0    0  000    0    0    0   22/10/2024 9:33:04 p. m.   PR           000           000             0             8           USD         3918        10892
