01 40284437  19831  M  ACETAMINOFEN LP150 CRZA60                   8      4702      4702       000     37616       000  000  000  000  000  000         1  7703038060987        4257540       22939177   546622560001  N  0                         92056 01/06/2027       USD          115          917         4104
01 40284437  CH113  C  AMY HISOPOS X60                             4      3082      3082       000     12328      1972  000  000  000  000  000         1  7591061400111        4257506       22939156   546622560001  N  0                      24908301 01/09/2026       USD          075          300         4104
01 40284437  ED004  M  CLOFEN 1,8MG. SUSP.60ML.                    2     21060     21060       000     42120       000  000  000  000  000  000         1  7592803001801        4257540       22939177   546622560001  N  0                       2405404 01/05/2026       USD          513         1026         4104
01 40284437  ED540  M  CLOFEN 15MG. GOTAS 15ML.                    2      9360      9360       000     18720       000  000  000  000  000  000         1  7592803000200        4257540       22939177   546622560001  N  0                       2407497 01/07/2027       USD          228          456         4104
01 40284437  12579  M  PENICILINA B.KMP2.4 1VIAL                   3      5324      5324       000     15972       000  000  000  000  000  000         1  6921875010779        4257549       22939181   546622560001  N  0                       2310408 01/10/2026       USD          130          389         4104
01 40284437  12579  M  PENICILINA B.KMP2.4 1VIAL                   3      5324      5324       000     15972       000  000  000  000  000  000         1  6921875010779        4257549       22939181   546622560001  N  0                       2310408 01/10/2026       USD          130          389         4104
01 40284437  12578  M  PENICILINA KMP 1.200.000U                   8      3276      3276       000     26208       000  000  000  000  000  000         1  6921875010762        4257549       22939181   546622560001  N  0                       2310407 01/10/2026       USD          080          639         4104
01 40284437  CH121  C  SECUREZZA PREMIUM POSTX10                   4      5008      6260      5008     20032      3205  000  000 2000  000  000         1  7591353700059        4257506       22939156   546622560001  N  0                      40902106 01/09/2026       USD          122          488         4104
01 40284437  CH098  C  AMY T.HUM. MNZNILLA X72                     4      5499      5499       000     21996      3519  000  000  000  000  000         3  7591061503058        4257506       22939156   546622560003  N  0                      24907241 01/09/2026       USD          134          536         4104
01 40284437  MY300  M  TILODRIN 30MG.JBE. 120ML.                   4     18360     26228     31472     73440       000  000  000 3000  000  000         4  7592601100546        4257506       22939156   546622560004  N  0                        406904 01/08/2026       USD          447         1789         4104
02 40284437         42        230048         54356          8697        293101    0    0    0  000    0    0    0   28/10/2024 8:31:47 a. m.   PR           000           000             0            10           USD         4104         6930
