01 40304699  LO244  M  AIRON TAB.MAST. 4MG. X30                    2     17897     17897       000     35794       000  000  000  000  000  000         1  7591196002945        4283741       22952565   546917800001  N  0                       I034039 01/04/2026       USD          418          835         4286
01 40304699  19687  M  AMOXICLAVEX 875-125 X14TA                   2     22616     23806      2380     45232       000  000  000  500  000  000         1  7598127002302        4283741       22952565   546917800001  N  0                        240120 01/12/2026       USD          528         1055         4286
01 40304699  18999  M  CARVEDILOL +MK6,25 X28TA                    4     16227     16227       000     64908       000  000  000  000  000  000         1  7591519001174        4283741       22952565   546917800001  N  0                         35824 01/07/2026       USD          379         1514         4286
01 40304699  18258  M  CLOTRIMAZOL VP200MG.X3CBV                   4     10802     11370      2272     43208       000  000  000  500  000  000         1  7592432000459        4283741       22952565   546917800001  N  0                        230231 01/09/2026       USD          252         1008         4286
01 40304699  MK724  M  LEVOFLOXACINO +MK500 X5TA                   1     17590     17590       000     17590       000  000  000  000  000  000         1  7591519005905        4283741       22952565   546917800001  N  0                         36251 01/09/2026       USD          410          410         4286
01 40304699  DP225  M  MELOXICAM DP 15MG. X10TA                    2      9230     10859      3258     18460       000  000  000 1500  000  000         1  7592616375014        4283741       22952565   546917800001  N  0                         40757 01/07/2026       USD          215          431         4286
01 40304699  11437  M  MOXIDEX 0,50-0,10 SO.OF.5                   1     51281     51281       000     51281       000  000  000  000  000  000         1  7591196006110        4283741       22952565   546917800001  N  0                        084156 01/08/2027       USD         1196         1196         4286
01 40304699  VP870  M  NEURIBE AMP. 2CC. X3                        3     20229     24669     13320     60687       000  000  000 1800  000  000         1  7592432005386        4283741       22952565   546917800001  N  0                       1508989 01/03/2026       USD          472         1416         4286
01 40304699  18127  M  RIFAXIMINA +MK200 X10TA                     1     35084     36930      1846     35084       000  000  000  500  000  000         1  7591519000689        4283741       22952565   546917800001  N  0                        RF0002 01/06/2026       USD          819          819         4286
01 40304699  16490  N  SABILA ABE 0,5GR X10CAP                     1      6390      6390       000      6390       000  000  000  000  000  000         1  7597134000615        4283741       22952565   546917800001  N  0                          E004 01/08/2027       USD          149          149         4286
02 40304699         21        378634           000           000        378634    0    0    0  000    0    0    0   03/11/2024 9:26:12 a. m.   PR           000           000             0            10           USD         4286         8834
