01 40356942  CO103  M  AEROFLAT 125MG. X10CABLA                    3     13164     13164       000     39492       000  000  000  000  000  000         1  7591818210314        4346414       22985503   547653340001  N  0                         40088 01/02/2027       USD          287          862         4579
01 40356942  MY034  M  BENZODIAZOL TM MENTA X16                    2     14943     15729      1572     29886       000  000  000  500  000  000         1  7592601100881        4346497       22985552   547653340001  N  0                        405504 01/09/2026       USD          326          653         4579
01 40356942  ED100  M  CINAREN 75MG. X20CA                         1     16510     16510       000     16510       000  000  000  000  000  000         1  7592803000118        4346414       22985503   547653340001  N  0                       2407506 01/07/2028       USD          361          361         4579
01 40356942  17262  M  EXOVIS DUO 400-57 PPS50ML                   6     21567     43134    129402    129402       000  000  000 5000  000  000         1  7593090001840        4346414       22985503   547653340001  N  0                        221214 01/12/2025       USD          471         2826         4579
01 40356942  17535  M  HIDROCLOROTI SP25 X20CO                     2     11105     13065      3920     22210       000  000  000 1500  000  000         1  7590027002819        4346414       22985503   547653340001  N  0                          2034 01/08/2026       USD          243          485         4579
01 40356942  19103  M  NIFEDIPINA LAT30 LP X30TA                   3     22022     22022       000     66066       000  000  000  000  000  000         1   756029628366        4346414       22985503   547653340001  N  0                     SIN24001T 01/07/2027       USD          481         1443         4579
01 40356942  FA239  M  NOTOLAC 30MG. X4TA.SUBL.                    2     18760     20391      3262     37520       000  000  000  800  000  000         1  7591821210134        4346414       22985503   547653340001  N  0                       2407635 01/07/2026       USD          410          819         4579
01 40356942  FA249  M  RINOLAST D SUSP. 120CC.                     1     47580     47580       000     47580       000  000  000  000  000  000         1  7591821901377        4346497       22985552   547653340001  N  0                       2407585 01/07/2026       USD         1039         1039         4579
01 40356942  18281  M  CINAREN 25MG. X30CO                         1     16250     16250       000     16250       000  000  000  000  000  000         2  7592803004116        4346414       22985503   547653340002  N  0                       2409570 01/09/2028       USD          355          355         4579
01 40356942  19216  M  LICUAGEN 100MG. X30CO                       1     75282     75282       000     75282       000  000  000  000  000  000         2  7791848251114        4346414       22985503   547653340002  N  0                          4661 01/02/2026       USD         1644         1644         4579
01 40356942  17537  M  LOSARTAN P.SP100 X30CO                      2     15194     17875      5362     30388       000  000  000 1500  000  000         2  7590027002888        4346414       22985503   547653340002  N  0                          2054 01/08/2026       USD          332          664         4579
01 40356942  CO185  M  MIOVIT X10 GRAGEAS                          2      9498     11873      4750     18996       000  000  000 2000  000  000         2  7591818118030        4346414       22985503   547653340002  N  0                         40212 01/07/2027       USD          207          415         4579
01 40356942  CO105  M  MIOVIT X30 GRAGEAS                          2     22884     30512     15256     45768       000  000  000 2500  000  000         2  7591818118047        4346414       22985503   547653340002  N  0                         40258 01/08/2027       USD          500         1000         4579
01 40356942  18803  M  QUETIAPINA SP25MG. X30CO                    3     10697     12585      5664     32091       000  000  000 1500  000  000         2  7590027002673        4346414       22985503   547653340002  N  0                          2154 01/08/2026       USD          234          701         4579
01 40356942  CH098  C  AMY T.HUM. MNZNILLA X72                     3      6283      6283       000     18849      3016  000  000  000  000  000         3  7591061503058        4346497       22985552   547653340003  N  0                      24008251 01/10/2026       USD          137          412         4579
01 40356942  15833  C  CHICCO COL.GLICER 220ML.                    1     17919     17919       000     17919      2867  000  000  000  000  000         3  7591061640173        4346497       22985552   547653340003  N  0                      24N32071 01/10/2027       USD          391          391         4579
02 40356942         35        607441         36768          5883        650092    0    0    0  000    0    0    0   18/11/2024 7:59:16 p. m.   PR           000           000             0            16           USD         4579        14069
