01 40369496  VP529  M  ALBISEC CAPS. X12                           1     35448     37314      1866     35448       000  000  000  500  000  000         1  7703153037512        4361486       22993328   547833430001  N  0                       1522053 01/04/2027       USD          770          770         4606
01 40369496  MK066  M  AMLODIPINA +MK5MG. X30TA                    6      9046      9623      3462     54276       000  000  000  600  000  000         1  7591519001655        4361085       22993131   547833430001  N  0                         36273 01/08/2028       USD          196         1178         4606
01 40369496  17155  M  AMOXI-AC +MK400/57 PPSO70                   3     39991     50621     31890    119973       000  000  000 2100  000  000         1  7591519000610        4361085       22993131   547833430001  N  0                         63602 01/10/2025       USD          868         2605         4606
01 40369496  PF140  M  ATAMEL 500MG. X20TA                         4     12192     13547      5420     48768       000  000  000 1000  000  000         1  7591519000986        4361085       22993131   547833430001  N  0                         35296 01/03/2027       USD          265         1059         4606
01 40369496  PF204  M  ATAMEL FORTE 650MG. X10TA                   4      8852      9836      3936     35408       000  000  000 1000  000  000         1  7591519000948        4361085       22993131   547833430001  N  0                         35732 01/06/2027       USD          192          769         4606
01 40369496  MK081  M  BISOPROLOL +MK2,5 X30TA                     4     18541     19724      4732     74164       000  000  000  600  000  000         1  7591519009149        4361085       22993131   547833430001  N  0                         35961 01/08/2027       USD          403         1610         4606
01 40369496  19090  M  CARVEDILOL +MK12,5 X28TA                    4     21727     23114      5548     86908       000  000  000  600  000  000         1  7591519001198        4361085       22993131   547833430001  N  0                         35944 01/08/2026       USD          472         1887         4606
01 40369496  MK104  M  CIPROFLOXACINA +MK 500X14                   2     20004     25321     10634     40008       000  000  000 2100  000  000         1  7591519001716        4361085       22993131   547833430001  N  0                         36190 01/09/2027       USD          434          869         4606
01 40369496  MK969  M  CLOBETASOL +MK0,05 CR.20G                   2     28504     30323      3638     57008       000  000  000  600  000  000         1  7591519007220        4361085       22993131   547833430001  N  0                         80124 01/01/2026       USD          619         1238         4606
01 40369496  MK027  M  DEFLAZACORT +MK 6MG. X10                    4     26735     28441      6824    106940       000  000  000  600  000  000         1  7591519008197        4361085       22993131   547833430001  N  0                         36009 01/07/2027       USD          580         2322         4606
01 40369496  13975  M  DEFLAZACORT +MK30MG.X10TA                   4     34428     36625      8788    137712       000  000  000  600  000  000         1  7591519000306        4361085       22993131   547833430001  N  0                         36003 01/07/2027       USD          747         2990         4606
01 40369496  MK103  M  DIOSMINA +MK 600MG. X14TA                   1     33443     39345      5902     33443       000  000  000 1500  000  000         1  7591519051193        4361085       22993131   547833430001  N  0                         35977 01/08/2027       USD          726          726         4606
01 40369496  MK117  M  FLAVOXATO +MK 200MG.X10TA                   2     20339     21637      2596     40678       000  000  000  600  000  000         1  7591519009330        4361085       22993131   547833430001  N  0                         35932 01/09/2026       USD          442          883         4606
01 40369496  AH235  M  HEXOMEDINE COLUT.AER.30GR                   2     26860     28274      2828     53720       000  000  000  500  000  000         1  7591519317398        4361085       22993131   547833430001  N  0                         35870 01/08/2026       USD          583         1166         4606
01 40369496  MK028  M  LANSOPRAZOL +MK30MG.X28CA                   1     21567     22944      1377     21567       000  000  000  600  000  000         1  7591519001624        4361085       22993131   547833430001  N  0                         35837 01/09/2027       USD          468          468         4606
01 40369496  MK724  M  LEVOFLOXACINO +MK500 X5TA                   2     19478     20721      2486     38956       000  000  000  600  000  000         1  7591519005905        4361085       22993131   547833430001  N  0                         36251 01/09/2026       USD          423          846         4606
01 40369496  MK805  M  LORATADINA +MK 10MG.X10TA                  12      4672      4970      3576     56064       000  000  000  600  000  000         1  7591519000788        4361085       22993131   547833430001  N  0                         36531 01/10/2027       USD          101         1217         4606
02 40369496         58       1041041           000           000       1041041    0    0    0  000    0    0    0   21/11/2024 8:26:46 p. m.   PR           000           000             0            17           USD         4606        22602
