01 40378828  18402  M  ANTIFOM 80MG. S.ORAL 20ML                   2     20361     20361       000     40722       000  000  000  000  000  000         1  7592349001723        4372366       22999753   547970860001  N  0                       2408004 01/08/2026       USD          437          874         4662
01 40378828  KV004  M  ANTILAX 2MG. X10TA                          2     12797     13910      2226     25594       000  000  000  800  000  000         1  7591821102095        4372366       22999753   547970860001  N  0                       2408334 01/08/2026       USD          275          549         4662
01 40378828  VA292  M  ATROVERAN 10MG.GOTAS 15ML                   1     27294     27294       000     27294       000  000  000  000  000  000         1  7592349722161        4372366       22999753   547970860001  N  0                       2409014 01/09/2026       USD          585          585         4662
01 40378828  ED100  M  CINAREN 75MG. X20CA                         1     16900     16900       000     16900       000  000  000  000  000  000         1  7592803000118        4372366       22999753   547970860001  N  0                       2407506 01/07/2028       USD          363          363         4662
01 40378828  17830  M  DI EUDRIN 12,5MG. X30TA                     2     20202     25253     10102     40404       000  000  000 2000  000  000         1  7591243812398        4372366       22999753   547970860001  N  0                       9465002 01/10/2027       USD          433          867         4662
01 40378828  11502  M  LOPERAM 2MG. X10TA                          2     14531     14531       000     29062       000  000  000  000  000  000         1  7592349723571        4372366       22999753   547970860001  N  0                       2406451 01/06/2029       USD          312          623         4662
01 40378828  17537  M  LOSARTAN P.SP100 X30CO                      3     15194     17875      8043     45582       000  000  000 1500  000  000         1  7590027002888        4372366       22999753   547970860001  N  0                          2784 01/10/2026       USD          326          978         4662
01 40378828  NP640  M  MACRODANTINA 50MG. X30CA                    1     44456     44456       000     44456       000  000  000  000  000  000         1  7591821901858        4372366       22999753   547970860001  N  0                       2406345 01/08/2027       USD          954          954         4662
01 40378828  CO185  M  MIOVIT X10 GRAGEAS                          3     12482     15603      9363     37446       000  000  000 2000  000  000         1  7591818118030        4372366       22999753   547970860001  N  0                         40212 01/07/2027       USD          268          803         4662
01 40378828  CO105  M  MIOVIT X30 GRAGEAS                          1     22884     30512      7628     22884       000  000  000 2500  000  000         1  7591818118047        4372366       22999753   547970860001  N  0                         40258 01/08/2027       USD          491          491         4662
01 40378828  11279  N  SENOKOT C.DOCUSATO X10TA                    1     25480     25480       000     25480       000  000  000  000  000  000         1  7591821210295        4372366       22999753   547970860001  N  0                       2408285 01/08/2026       USD          547          547         4662
01 40378828  TA004  M  STAMYL FORTE 300/100 20TA                   1     42640     42640       000     42640       000  000  000  000  000  000         1  7703454122993        4372366       22999753   547970860001  N  0                      24096507 01/09/2026       USD          915          915         4662
01 40378828  VA054  M  MODERAN SOL.ORAL 120ML.                     1     46147     54291      8144     46147       000  000  000 1500  000  000         2  7592349527124        4372366       22999753   547970860002  N  0                         P4288 01/11/2026       USD          990          990         4662
01 40378828  ED379  M  VIZERUL 150MG. JBE.120ML.                   1     34515     38350      3835     34515       000  000  000 1000  000  000         2  7592803002389        4372366       22999753   547970860002  N  0                       2408535 01/08/2026       USD          740          740         4662
02 40378828         22        479126           000           000        479126    0    0    0  000    0    0    0   25/11/2024 1:25:29 p. m.   PR           000           000             0            14           USD         4662        10278
