01 40392430  PA126  M  BETADERM 0,05% CR.15GR.                     2     18590     23238      9296     37180       000  000  000 2000  000  000         1  7591243804140        4385013       23007318   548162460001  N  0                       9446802 01/08/2026       USD          398          795         4675
01 40392430  18785  M  CANDESARTAN SP16MG. X30CO                   4     24863     29250     17548     99452       000  000  000 1500  000  000         1  7590027002864        4385074       23007357   548162460001  N  0                          2404 01/09/2026       USD          532         2127         4675
01 40392430  18784  M  CANDESARTAN SP8MG. X30CO                    4     19338     22750     13648     77352       000  000  000 1500  000  000         1  7590027002857        4385074       23007357   548162460001  N  0                          2414 01/09/2026       USD          414         1654         4675
01 40392430  13893  M  DESAZONA 4MG. X100TA                        1     77843     81940      4097     77843       000  000  000  500  000  000         1  7750215026250        4385074       23007357   548162460001  N  0                       2031314 01/03/2027       USD         1665         1665         4675
01 40392430  14770  M  DIGOXINA LAT0.25MG. X30TA                   2     15730     15730       000     31460       000  000  000  000  000  000         1   720524031051        4385074       23007357   548162460001  N  0                        DGN307 01/04/2026       USD          336          673         4675
01 40392430  SP003  M  LEVOFLOXACINA SP 750 X5                     1     14227     16738      2511     14227       000  000  000 1500  000  000         1  7590027002314        4385074       23007357   548162460001  N  0                          2064 01/08/2026       USD          304          304         4675
01 40392430  14375  M  PARACETA PORTU500 X100TA                    3     17083     17982      2697     51249       000  000  000  500  000  000         1  7750215496886        4385410       23007524   548162460001  N  0                       2080632 01/08/2025       USD          365         1096         4675
01 40392430  19230  M  VALSARTAN GC80MG. X30CO                     4     26924     26924       000    107696       000  000  000  000  000  000         1  7592349001907        4384849       23007227   548162460001  N  0                       2409008 01/09/2026       USD          576         2303         4675
01 40392430  VA010  M  PREVERAL DEXTROMET. 120ML                   3     18936     22278     10026     56808       000  000  000 1500  000  000         3  7592349001549        4385013       23007318   548162460003  N  0                       2407004 01/07/2026       USD          405         1215         4675
01 40392430  VA304  M  PROMEDINA JBE. 120 CC.                      3     22129     22129       000     66387       000  000  000  000  000  000         3  7592349723489        4385013       23007318   548162460003  N  0                       2407024 01/07/2026       USD          473         1420         4675
02 40392430         27        619654           000           000        619654    0    0    0  000    0    0    0   27/11/2024 7:22:14 p. m.   PR           000           000             0            10           USD         4675        13254
