01 40392431  MK669  M  ACETAMINOFEN +MK650 X10TA                  12      4082      4082       000     48984       000  000  000  000  000  000         1  7591519005264        4384849       23007227   548162470001  N  0                         36116 01/08/2027       USD          087         1048         4675
01 40392431  PF204  M  ATAMEL FORTE 650MG. X10TA                  12      9214     10238     12288    110568       000  000  000 1000  000  000         1  7591519000948        4384849       23007227   548162470001  N  0                         35732 01/06/2027       USD          197         2365         4675
01 40392431  VM026  M  CANDER HCT 8/12,5 X30TA                     1     40436     41687      1251     40436       000  000  000  300  000  000         1  7591020080637        4385074       23007357   548162470001  N  0                            54 01/08/2029       USD          865          865         4675
01 40392431  MK949  M  CARVEDILOL +MK 12,5 X14TA                   1     12490     12490       000     12490       000  000  000  000  000  000         1  7591519007053        4385074       23007357   548162470001  N  0                         35943 01/08/2026       USD          267          267         4675
01 40392431  DP600  M  ENALAPRIL DP20MG. X30TA                     6      6716      7855      6834     40296       000  000  500 1000  000  000         1  7592616192024        4384849       23007227   548162470001  N  0                         40656 01/07/2026       USD          144          862         4675
01 40392431  13125  M  LEVOFLOXACINA BM 500X10TA                   6      2273      3788      9090     13638       000  000  000 4000  000  000         1  6972718560050        4385074       23007357   548162470001  N  0                        220441 01/04/2025       USD          049          292         4675
01 40392431  19265  M  ONDANSETRON ADN8MG. X10TA                   1     10118     10650       532     10118       000  000  000  500  000  000         1  8904159415178        4385074       23007357   548162470001  N  0                       XT3D074 01/03/2026       USD          216          216         4675
01 40392431  19609  M  ONDAZIN 8MG/4ML. X10A                       1     58045     61100      3055     58045       000  000  000  500  000  000         1  7598127002081        4385074       23007357   548162470001  N  0                      E24AM086 01/02/2027       USD         1242         1242         4675
01 40392431  DP013  M  TERBINAFINA DP CR.1% 15GR.                  6     13205     15948     16458     79230       000  000  800 1000  000  000         1  7592616584126        4384849       23007227   548162470001  N  0                         40758 01/07/2026       USD          282         1695         4675
01 40392431  VM470  M  CO-SULTRIN SUSP. 100ML.                     2     22203     22203       000     44406       000  000  000  000  000  000         3  7591020001069        4384849       23007227   548162470003  N  0                           105 01/09/2027       USD          475          950         4675
02 40392431         48        458211           000           000        458211    0    0    0  000    0    0    0   27/11/2024 7:22:19 p. m.   PR           000           000             0            10           USD         4675         9801
