01 40402570  19154  M  ACETAMINOFEN LO500 X10TA                   30      2913      3715     24060     87390       000  000  200 2000  000  000         1  7591196006516       23014218       23014218   548309030001  N  0                       I094990 01/09/2027       USD          061         1836         4761
01 40402570  LO434  M  ACIDO ACETIL. LO81 X24TA                    6     13920     14204      1704     83520       000  000  200  000  000  000         1  7591196003195       23014218       23014218   548309030001  N  0                       I104967 01/10/2026       USD          292         1754         4761
01 40402570  11795  M  AFLAMAX 50MG. X10TA                        20      5283     10782    109980    105660       000  000  200 5000  000  000         1  7591196007186       23014218       23014218   548309030001  N  0                       I074640 01/07/2026       USD          111         2219         4761
01 40402570  LO124  M  AIRON 10MG. X10TA                           6     13326     16998     22032     79956       000  000  200 2000  000  000         1  7591196002563       23014218       23014218   548309030001  N  0                       I084662 01/08/2026       USD          280         1679         4761
01 40402570  LO179  M  AIRON 10MG. X30TA                           6     36537     37283      4476    219222       000  000  200  000  000  000         1  7591196002808       23014218       23014218   548309030001  N  0                       I034042 01/04/2026       USD          767         4605         4761
01 40402570  LO184  M  AIRON 5MG. X30TA.MAST.                      6     26202     26737      3210    157212       000  000  200  000  000  000         1  7591196002792       23014218       23014218   548309030001  N  0                       I014727 01/02/2026       USD          550         3302         4761
01 40402570  LO120  M  CLARASOL SOL.OFT. 15ML.                    10      8492     15755     72630     84920       000  000  200 4500  000  000         1  7591196000071       23014218       23014218   548309030001  N  0                       I104965 01/10/2027       USD          178         1784         4761
01 40402570  LO119  M  DEXTRAN 70 SOL.OFT. 15ML.                   3     19010     25864     20562     57030       000  000  200 2500  000  000         1  7591196002624       23014218       23014218   548309030001  N  0                        084552 01/08/2026       USD          399         1198         4761
01 40402570  LO320  M  TODEX 0,3%-0,1%SU.OF.5ML                    6     23971     30575     39624    143826       000  000  200 2000  000  000         1  7591196000514       23014218       23014218   548309030001  N  0                       I024411 01/02/2026       USD          504         3021         4761
02 40402570         93       1018736           000           000       1018736    0    0    0  000    0    0    0   30/11/2024 7:56:44 a. m.   PR           000           000             0             9           USD         4761        21399
