01 40432920  17067  M  CARVEDILOL GN12,5MG.X15CO                   2     12861     12861       000     25722       000  000  000  000  000  000         1  7591585475640        4428625       23030975   548744220001  N  0                           154 01/07/2026       USD          263          526         4887
01 40432920  EL035  M  GENURIN 200MG. X10CO                        1     31545     31545       000     31545       000  000  000  000  000  000         1  7591062901198        4428625       23030975   548744220001  N  0                        24218A 01/10/2027       USD          645          645         4887
01 40432920  LC409  M  MIGREN 650-50-1 X10CO                       4      9871      9871       000     39484       000  000  000  000  000  000         1  7591585115737        4428625       23030975   548744220001  N  0                           673 01/08/2026       USD          202          808         4887
01 40432920  LX102  M  MIGREN 650-50-1 X20CO                       4     14442     14442       000     57768       000  000  000  000  000  000         1  7591585415738        4428625       23030975   548744220001  N  0                           684 01/09/2026       USD          296         1182         4887
01 40432920  17092  M  TORSILAX X200CO                             1    115440    115440       000    115440       000  000  000  000  000  000         1  7896714257600        4428625       23030975   548744220001  N  0                      B24E1905 01/06/2026       USD         2362         2362         4887
01 40432920  GN790  M  AMLODIPINA GN 5MG. X30CO                    2     10054     10054       000     20108       000  000  000  000  000  000         2  7591585278166        4428625       23030975   548744220002  N  0                           409 01/08/2027       USD          206          411         4887
01 40432920  GT005  M  ASAPROL 81MG. X40CO                         4     17390     17390       000     69560       000  000  000  000  000  000         2  7591585561237        4428625       23030975   548744220002  N  0                           238 01/10/2026       USD          356         1423         4887
01 40432920  LT028  M  BIOTALOL 2,5MG. X30CO                       3     25789     25789       000     77367       000  000  000  000  000  000         2  7591585217172        4428625       23030975   548744220002  N  0                           094 01/10/2026       USD          528         1583         4887
01 40432920  GN156  M  CARVEDILOL GN12,5MG.X30CO                   1     25210     25210       000     25210       000  000  000  000  000  000         2  7591585375643        4428625       23030975   548744220002  N  0                           160 01/09/2026       USD          516          516         4887
01 40432920  PO460  M  FOLIFER B12 TAB. X30                        3     30202     34320     12354     90606       000  000  000 1200  000  000         2  7592806133639        4428625       23030975   548744220002  N  0                        409203 01/09/2027       USD          618         1854         4887
01 40432920  GN173  M  LOSARTAN P. GN 50/12,5X30                   2     25658     25658       000     51316       000  000  000  000  000  000         2  7591585278739        4428625       23030975   548744220002  N  0                           108 01/10/2027       USD          525         1050         4887
01 40432920  GN101  M  LOSARTAN P.GN50MG. X30                      3     15828     15828       000     47484       000  000  000  000  000  000         2  7591585278951        4428625       23030975   548744220002  N  0                           453 01/08/2026       USD          324          972         4887
01 40432920  19840  M  LOSARTAN P.TEU50 X30CO                     12      7203      7203       000     86436       000  000  000  000  000  000         2  7896112114185        4428625       23030975   548744220002  N  0                      14185352 01/05/2026       USD          147         1769         4887
02 40432920         42        738046           000           000        738046    0    0    0  000    0    0    0   10/12/2024 3:10:51 p. m.   PR           000           000             0            13           USD         4887        15102
