01 40432923  CH113  C  AMY HISOPOS X60                             4      3981      3981       000     15924      2548  000  000  000  000  000         1  7591061400111        4428625       23030975   548744250001  N  0                      24N09081 01/11/2026       USD          081          326         4887
01 40432923  18750  A  ENTEROLAC SUSP.ORAL 15ML.                   4     12285     13650      5460     49140      7862  000  000 1000  000  000         1     7592107521        4430742       23031847   548744250001  N  0                       2024111 01/01/2026       USD          251         1006         4887
01 40432923  NP002  M  FARMA D 1000UI X30TA                        2     23660     23660       000     47320       000  000  000  000  000  000         1  7591821102101        4428625       23030975   548744250001  N  0                       2408838 01/09/2027       USD          484          968         4887
01 40432923  17535  M  HIDROCLOROTI SP25 X20CO                     4     11105     13065      7840     44420       000  000  000 1500  000  000         1  7590027002819        4428625       23030975   548744250001  N  0                          2874 01/10/2026       USD          227          909         4887
01 40432923  SP008  M  IBUPRO-TIOCOL SP400/4 X10                   6     12639     14869     13380     75834       000  000  000 1500  000  000         1  7590027002413        4428625       23030975   548744250001  N  0                          3064 01/11/2026       USD          259         1552         4887
01 40432923  18462  M  MONTDAC 10MG/5MG. X10TA                     2     12636     12636       000     25272       000  000  000  000  000  000         1  7598578000643        4428625       23030975   548744250001  N  0                          3445 01/08/2026       USD          259          517         4887
01 40432923  14375  M  PARACETA PORTU500 X100TA                    1     19905     20953      1048     19905       000  000  000  500  000  000         1  7750215496886        4428625       23030975   548744250001  N  0                       2080632 01/08/2025       USD          407          407         4887
01 40432923  MY290  M  TILODRIN GOTAS 15ML.                        1     15950     19938      3988     15950       000  000  000 2000  000  000         1  7592601100539        4428625       23030975   548744250001  N  0                        402701 01/07/2027       USD          326          326         4887
01 40432923  PA054  M  BETADERM PLUS CREMA 15GR.                   1     26910     29900      2990     26910       000  000  000 1000  000  000         2  7591243804164        4428625       23030975   548744250002  N  0                       9461201 01/11/2026       USD          551          551         4887
01 40432923  18784  M  CANDESARTAN SP8MG. X30CO                    6     19338     22750     20472    116028       000  000  000 1500  000  000         2  7590027002857        4428625       23030975   548744250002  N  0                          2434 01/09/2026       USD          396         2374         4887
01 40432923  ED100  M  CINAREN 75MG. X20CA                         1     16474     17160       686     16474       000  000  400  000  000  000         2  7592803000118        4428625       23030975   548744250002  N  0                       2407506 01/07/2028       USD          337          337         4887
01 40432923  12727  M  COFATODEX 0,3-0,1 OFT.5ML                   3     21031     21031       000     63093       000  000  000  000  000  000         2  7591818716885        4428625       23030975   548744250002  N  0                        208494 01/08/2026       USD          430         1291         4887
01 40432923  PA050  M  ERILON 0,05% CREMA 15GR.                    1     27495     30550      3055     27495       000  000  000 1000  000  000         2  7591243815757        4428625       23030975   548744250002  N  0                       9442801 01/09/2026       USD          563          563         4887
01 40432923  17227  M  EUSILEN DUAL 600-4 X10TA                    2     26601     26601       000     53202       000  000  000  000  000  000         2  7591818000274        4428625       23030975   548744250002  N  0                         40210 01/07/2027       USD          544         1089         4887
01 40432923  MO012  M  IBUTANMIGRA 400/40/1 10TA                   1     20888     20888       000     20888       000  000  000  000  000  000         2  7592601301622        4428625       23030975   548744250002  N  0                        436403 01/09/2026       USD          427          427         4887
01 40432923  LN165  M  MADECASSOL 2% POLVO 5GR.                    1     36625     36625       000     36625       000  000  000  000  000  000         2  7592348218108        4428625       23030975   548744250002  N  0                       2409053 01/09/2029       USD          749          749         4887
02 40432923         40        638556         15924         10410        664890    0    0    0  000    0    0    0   10/12/2024 3:11:06 p. m.   PR           000           000             0            16           USD         4887        13392
