01 40448333  15264  M  ACETAMINOFEN+P BM800 10TA                  20      1923      3845     38440     38460       000  000  000 5000  000  000         1  7598127000988        4448853       23042296   548964380001  N  0                        220661 01/06/2025       USD          038          764         5033
01 40448333  VM026  M  CANDER HCT 8/12,5 X30TA                     1     44286     44286       000     44286       000  000  000  000  000  000         1  7591020080637        4448853       23042296   548964380001  N  0                            55 01/10/2029       USD          880          880         5033
01 40448333  14290  M  CEFIXIMA FM400MG. X10TA                     6     24083     25350      7602    144498       000  000  000  500  000  000         1  8908020242948        4448853       23042296   548964380001  N  0                    CT2405001X 01/04/2027       USD          478         2871         5033
01 40448333  19689  M  DICLOFENAC P.BM75MG.X10A                    2     56687     59670      5966    113374       000  000  000  500  000  000         1  7598127002104        4448853       23042296   548964380001  N  0                      E24AM095 01/02/2027       USD         1126         2253         5033
01 40448333  ZA102  M  EVIGAX 125MG. X10CA.BLA                     2     22357     22357       000     44714       000  000  000  000  000  000         1  7592432900032        4448853       23042296   548964380001  N  0                        240177 01/07/2027       USD          444          888         5033
01 40448333  LO175  M  GARABET SOL.OFT. 5ML.                       1     51236     51236       000     51236       000  000  000  000  000  000         1  7591196000255        4448853       23042296   548964380001  N  0                       I013696 01/02/2026       USD         1018         1018         5033
01 40448333  11437  M  MOXIDEX 0,50-0,10 SO.OF.5                   1     60765     60765       000     60765       000  000  000  000  000  000         1  7591196006110        4448853       23042296   548964380001  N  0                        084156 01/08/2027       USD         1207         1207         5033
01 40448333  11648  M  OMEFLUX 40MG. IV. X1                        4      9348     10387      4156     37392       000  000  000 1000  000  000         1       75971182        4448853       23042296   548964380001  N  0                       2124082 01/05/2027       USD          186          743         5033
01 40448333  VC580  M  OTAN GOTAS 5ML.                             2     45181     50201     10040     90362       000  000  000 1000  000  000         1  7592782000567        4448853       23042296   548964380001  N  0                      24090057 01/09/2026       USD          898         1795         5033
02 40448333         39        625087           000           000        625087    0    0    0  000    0    0    0   15/12/2024 1:27:38 p. m.   PR           000           000             0             9           USD         5033        12419
