01 40446828  13893  M  DESAZONA 4MG. X100TA                        1     88913     95605      6692     88913       000  000  000  700  000  000         1  7750215026250        4446337       23041294   548948540001  N  0                       2094493 01/09/2026       USD         1767         1767         5033
01 40446828  20350  M  FRONDOS 400/100 X7CBV                       1     36192     45240      9048     36192       000  000  000 2000  000  000         1  7593090001413        4447548       23041967   548948540001  N  0                      24080282 01/08/2026       USD          719          719         5033
01 40446828  14777  M  NIFEDIPINA LAT20MG. X30TA                   2     15730     15730       000     31460       000  000  000  000  000  000         1   720524031013        4446337       23041294   548948540001  N  0                         N2612 01/06/2027       USD          313          625         5033
01 40446828  NP024  M  NOTOLAC 20MG. X10TA                         3     26130     26130       000     78390       000  000  000  000  000  000         1  7591821902022        4446337       23041294   548948540001  N  0                       2410214 01/11/2027       USD          519         1557         5033
01 40446828  PA230  M  TAMOA 250MG.SUSP. 15ML.                     2     22113     24570      4914     44226       000  000  000 1000  000  000         1       75919511        4447548       23041967   548948540001  N  0                       9469902 01/09/2027       USD          439          879         5033
01 40446828  NP024  M  NOTOLAC 20MG. X10TA                         1     26130     26130       000     26130       000  000  000  000  000  000         2  7591821902022        4446337       23041294   548948540002  N  0                       2410214 01/11/2027       USD          519          519         5033
01 40446828  ED590  M  DOLAK 20MG. X10CO                           1     23920     23920       000     23920       000  000  000  000  000  000         3  7592803000460        4446337       23041294   548948540003  N  0                       2409575 01/09/2026       USD          475          475         5033
01 40446828  GB840  M  GLICERINA GC SUPOS.PED.X6                   2     20287     22541      4508     40574       000  000  000 1000  000  000         3  7592349923872        4446337       23041294   548948540003  N  0                       2408155 01/08/2026       USD          403          806         5033
01 40446828  FA003  M  HIDROTEN 12,5MG. X30TA                      2     20975     22799      5472     41950       000  000  000  800  000  000         3  7591821903791        4447548       23041294   548948540003  N  0                       2407313 01/08/2026       USD          417          833         5033
01 40446828  FA003  M  HIDROTEN 12,5MG. X30TA                      1     20975     22799      5472     20975       000  000  000  800  000  000         3  7591821903791        4446337       23041294   548948540003  N  0                       2407313 01/08/2026       USD          417          417         5033
01 40446828  12228  M  LUMBAX 400MG. X10TA                         3     10226     10226       000     30678       000  000  000  000  000  000         3  7592349001044        4446337       23041294   548948540003  N  0                       2409009 01/09/2026       USD          203          610         5033
01 40446828  FA304  M  RINOLAST 120MG. X10TA                       1     25415     29900      4485     25415       000  000  000 1500  000  000         3  7591821901179        4447168       23041745   548948540003  N  0                       2408354 01/09/2026       USD          505          505         5033
01 40446828  KV339  M  TERAGRIP FORTE 24H TAB. X14                 2     23883     27140      6514     47766       000  000  000 1200  000  000         3  7591821802414        4446337       23041294   548948540003  N  0                24083642408357 01/08/2026       USD          475          949         5033
02 40446828         22        536589           000           000        536589    0    0    0  000    0    0    0   15/12/2024 8:51:50 a. m.   PR           000           000             0            12           USD         5033        10661
