01 40477020  QO490  M  ANALPER FEMPLUS200/10 X10                   1     21702     25532      3830     21702       000  000  000 1500  000  000         1  7592454003063        4481417       23060031   549378640001  N  0                       3507691 01/09/2026       USD          420          420         5164
01 40477020  QO290  M  ANALPER PLUS 500/10 X10TA                   1     25873     27235      1362     25873       000  000  000  500  000  000         1  7592454000796        4481417       23060031   549378640001  N  0                       3507898 01/09/2026       USD          501          501         5164
01 40477020  10728  M  BIOCOR 20MG. X30TA                          1     37054     37054       000     37054       000  000  000  000  000  000         1  7591519000146        4481841       23060231   549378640001  N  0                         36025 01/07/2027       USD          718          718         5164
01 40477020  20174  M  DYMAZOL DUAL 3OV+CV20G.                     1     21119     21119       000     21119       000  000  000  000  000  000         1  7598252001003        4481417       23060031   549378640001  N  0                        240110 01/01/2027       USD          409          409         5164
01 40477020  GQ114  M  FLUDIL 10MG. X20TA                          1     33523     33523       000     33523       000  000  000  000  000  000         1  7592454345057        4481136       23059889   549378640001  N  0                       3508478 01/11/2027       USD          649          649         5164
01 40477020  DP970  M  LORATADINA DP 10MG. X10TA                  30      3426      4479     31590    102780       000  000 1000 1500  000  000         1  7592616361017        4481417       23060031   549378640001  N  0                         40878 01/09/2026       USD          066         1990         5164
01 40477020  13120  M  TAMSULOSINA BM0,4MG.X30TA                   6      8044      9464      8520     48264       000  000  000 1500  000  000         1  6972718560029        4481136       23059889   549378640001  N  0                        220449 01/04/2025       USD          156          935         5164
01 40477020  GQ874  M  VALSARTAN H.LS80/12,5 X14                   2     18625     21912      6574     37250       000  000  000 1500  000  000         1  7703763341092        4481841       23060231   549378640001  N  0                       3508158 01/10/2026       USD          361          721         5164
01 40477020  VM470  M  CO-SULTRIN SUSP. 100ML.                     2     19956     23478      7044     39912       000  000  000 1500  000  000         2  7591020001069        4481841       23060231   549378640002  N  0                           105 01/09/2027       USD          386          773         5164
02 40477020         45        367477           000           000        367477    0    0    0  000    0    0    0   26/12/2024 9:14:22 a. m.   PR           000           000             0             9           USD         5164         7116
