01 40482386  LT028  M  BIOTALOL 2,5MG. X30CO                       2     25866     25866       000     51732       000  000  000  000  000  000         1  7591585217172        4486474       23062273   549451110001  N  0                           094 01/10/2026       USD          501         1002         5164
01 40482386  LT031  M  BIOTALOL 5MG. X30CO                         4     29068     31256      8752    116272       000  000  000  700  000  000         1  7591585217165        4486474       23062273   549451110001  N  0                           146 01/10/2026       USD          563         2252         5164
01 40482386  17064  M  BISOPROLOL GN2,5MG.X20CO                    2     15235     15235       000     30470       000  000  000  000  000  000         1  7591585377173        4487400       23062876   549451110001  N  0                           093 01/09/2026       USD          295          590         5164
01 40482386  GN176  M  CARBAMAZEPINA GN 200X30CO                   1     31623     35935      4312     31623       000  000  000 1200  000  000         1  7591585278265        4486365       23062220   549451110001  N  0                           399 01/10/2029       USD          612          612         5164
01 40482386  KW003  C  CLIMAX CHOCO PRESERV. X3                    3      5590      5590       000     16770      2683  000  000  000  000  000         1  8852961006124        4487400       23062876   549451110001  N  0                        233605 01/08/2028       USD          108          325         5164
01 40482386  LA103  C  CLIMAX EXPLO PRESERV.X3                     3      5590      5590       000     16770      2683  000  000  000  000  000         1  8852961009392        4487400       23062876   549451110001  N  0                        233606 01/08/2028       USD          108          325         5164
01 40482386  20463  M  FLAVONID X30 COMP.                          3     50440     50440       000    151320       000  000  000  000  000  000         1  7896714203768        4486365       23062220   549451110001  N  0                      B24G0928 01/07/2026       USD          977         2930         5164
01 40482386  EL035  M  GENURIN 200MG. X10CO                        1     32807     32807       000     32807       000  000  000  000  000  000         1  7591062901198        4486723       23062452   549451110001  N  0                        24218A 01/10/2027       USD          635          635         5164
01 40482386  19839  M  IBUPROFENO LP800 X300TA                     1    180733    186323      5590    180733       000  000  000  300  000  000         1  7703038066606        4486365       23062220   549451110001  N  0                         94040 01/09/2026       USD         3500         3500         5164
01 40482386  EL290  M  LIOLACTIL 1,5G. PPSO X6S.                   2     55450     61611     12322    110900       000  000  000 1000  000  000         1  7591062013303        4487400       23062876   549451110001  N  0                        24134A 01/01/2026       USD         1074         2148         5164
01 40482386  EL534  M  LIOLACTIL 250MG. X20CA                      1     55695     55695       000     55695       000  000  000  000  000  000         1  7591062013389        4487400       23062876   549451110001  N  0                          3133 01/04/2026       USD         1079         1079         5164
01 40482386  11037  A  MULTIVITAMINICO LONGE60CA                   1     40300     40300       000     40300       000  000  000  000  000  000         1  7592253000935        4486365       23062220   549451110001  N  0                      21110245 01/10/2027       USD          780          780         5164
01 40482386  EL184  M  TALZIC SOL.ORAL 120ML.                      3     17382     17382       000     52146       000  000  000  000  000  000         1  7591062016649        4486365       23062220   549451110001  N  0                        24095A 01/06/2026       USD          337         1010         5164
01 40482386  11042  N  CITRATO POT. FG10,8% 1LT.                   1     32794     32794       000     32794       000  000  000  000  000  000         2       25526479        4487400       23062876   549451110002  N  0                          3354 01/11/2027       USD          635          635         5164
01 40482386  16145  N  CITRATO POT. FG10,8% 500                    1     21172     21172       000     21172       000  000  000  000  000  000         2   112345202237        4487400       23062876   549451110002  N  0                          3364 01/11/2027       USD          410          410         5164
02 40482386         29        907964         33540          5366        946870    0    0    0  000    0    0    0   26/12/2024 11:11:24 p. m.   PR           000           000             0            15           USD         5164        18232
