01 40488679  16742  M  ACIDO MEFENAM FM500 X10TA                   6      6084      6760      4056     36504       000  000  000 1000  000  000         1  8906005118370        4493022       23066318   549538820001  N  0                         T3788 01/07/2026       USD          117          703         5193
01 40488679  19498  M  AMOXI AC.GEA875/125 X14TA                   6     26455     48100    129870    158730       000  000  000 4500  000  000         1  8906120990103        4493217       23066398   549538820001  N  0                    BT2401002X 01/12/2025       USD          509         3056         5193
01 40488679  11619  M  AMTACILYM 1,5G. X1AMP.                     12      8658     10186     18336    103896       000  000  000 1500  000  000         1       75971304        4493217       23066398   549538820001  N  0                       3224075 01/05/2027       USD          167         2001         5193
01 40488679  16261  M  CO-TRIMOXAZOL QF80-400X20                   6      6634      7371      4422     39804       000  000  000 1000  000  000         1  7598484001093        4493512       23066548   549538820001  N  0                     TC1710006 01/02/2027       USD          128          766         5193
01 40488679  VM494  M  DUROVAL 50MG. X10TA                         2     42824     45078      4508     85648       000  000  000  500  000  000         1  7591020008440        4493307       23066446   549538820001  N  0                           699 01/05/2029       USD          825         1649         5193
01 40488679  ZA102  M  EVIGAX 125MG. X10CA.BLA                     2     24307     24307       000     48614       000  000  000  000  000  000         1  7592432900032        4493640       23066587   549538820001  N  0                        240177 01/07/2027       USD          468          936         5193
01 40488679  BQ190  M  FERCOR COMP. CAPS. X30                      3     20916     20916       000     62748       000  000  000  000  000  000         1  7594000850206        4493217       23066398   549538820001  N  0                        240909 01/09/2026       USD          403         1208         5193
01 40488679  MK694  M  FINASTERIDE +MK 5MG. X30                    1     30866     30866       000     30866       000  000  000  000  000  000         1  7591519050820        4493640       23066587   549538820001  N  0                         36177 01/08/2027       USD          594          594         5193
01 40488679  15723  M  METRONIDAZOL FM500 X10TA                   20      5704      6338     12680    114080       000  000  000 1000  000  000         1  8908020242900        4493371       23066486   549538820001  N  0                      ET012223 01/02/2027       USD          110         2197         5193
01 40488679  19265  M  ONDANSETRON ADN8MG. X10TA                   6     11095     11679      3504     66570       000  000  000  500  000  000         1  8904159415178        4493512       23066548   549538820001  N  0                       XT3D074 01/03/2026       USD          214         1282         5193
01 40488679  DP021  M  SILDENAFIL DP 50MG. X2TA                   20      4058      4746     13760     81160       000  000  500 1000  000  000         1  7592616576596        4493371       23066486   549538820001  N  0                         40887 01/09/2026       USD          078         1563         5193
01 40488679  19627  M  TOBRAPRADEX SUSP.OFT.5ML.                  10      5917      6228      3110     59170       000  000  000  500  000  000         1  8906112611399        4493217       23066398   549538820001  N  0                      19212401 01/05/2027       USD          114         1139         5193
01 40488679  GQ079  M  VIT C LS500NRJA.10B.X10TM                   1     50486     50486       000     50486       000  000  000  000  000  000         1  7703763984329        4493217       23066398   549538820001  N  0                       3334012 01/08/2027       USD          972          972         5193
02 40488679         95        938276           000           000        938276    0    0    0  000    0    0    0   28/12/2024 2:52:32 p. m.   PR           000           000             0            13           USD         5193        18067
