01 36751411  ET340  C  ADEMINA PLUS CR.CORP. 30GR.                 4  24699978  24699978       000  98799912  15807986    0    0    0    0    0         1  7591844000439       20718311       20718311   509605060001  N  0                    AP30200104 01/03/2023
01 36751411  RQ016  C  COLONIA CHICHI BABY 200CC                   4  25776108  25776108       000 103104432  16496709    0    0    0    0    0         1  7596097006740       20718311       20718311   509605060001  N  0                   00120871220 01/02/2025
01 36751411  10250  C  COLONIA CHICHI RENE 200CC                   4  19656404  19656404       000  78625616  12580099    0    0    0    0    0         1  7596097001608       20718311       20718311   509605060001  N  0                   00120871204 01/02/2025
01 36751411  10001  C  CREM PEIN HD CACAO 240CM3                   4  19383650  19383650       000  77534600  12405536    0    0    0    0    0         1  7593723001049       20718311       20718311   509605060001  N  0                       2001028 01/01/2023
01 36751411  10003  C  CREM PEIN HD SABILA 240CC                   4  19383650  19383650       000  77534600  12405536    0    0    0    0    0         1  7593723001025       20718311       20718311   509605060001  N  0                       2002033 01/02/2023
01 36751411  10191  C  CREM PEINAR MIMADITO200ML                   4  21175372  21175372       000  84701488  13552238    0    0    0    0    0         1  7591248470104       20718311       20718311   509605060001  N  0                   00120812385 01/03/2022
01 36751411  SQ130  C  LUBRIX GEL 120CC.                           3  32029368  32029368       000  96088104  15374097    0    0    0    0    0         1  7592904000024       20718311       20718311   509605060001  N  0                           001 01/02/2023
01 36751411  SQ120  C  LUBRIX GEL 60CC.                            3  28187819  28187819       000  84563457  13530153    0    0    0    0    0         1  7592904000017       20718311       20718311   509605060001  N  0                           926 01/11/2022
01 36751411  SQ220  C  LUBRIX GEL PI?A COLADA 60CC                 3  29859185  29859185       000  89577555  14332409    0    0    0    0    0         1  7592904000468       20718311       20718311   509605060001  N  0                           924 01/11/2022
01 36751411  ZY020  C  TOMI T.COLONIA NI?A 200ML                   2  22977500  22977500       000  45955000   7352800    0    0    0    0    0         1  7591195000508       20718311       20718311   509605060001  N  0                       1190119 01/03/2021
01 36751411  11143  N  BEUSAN CEB.MORADA JBE.240                   6  14917852  14917852       000  89507112       000    0    0    0    0    0         2  7592710001260       20718311       20718311   509605060002  N  0                       1362503 01/03/2022
01 36751411  11142  N  BEUSAN EXPECTO JBE.240ML                    6  16575000  16575000       000  99450000       000    0    0    0    0    0         2  7592710001277       20718311       20718311   509605060002  N  0                       1341404 01/04/2022
01 36751411  11144  N  BEUSAN PLUS JBE. 240ML.                     2  16095169  16095169       000  32190338       000    0    0    0    0    0         2  7592710001253       20718311       20718311   509605060002  N  0                       1352004 01/04/2022
02 36751411         49     221147450     836484764     133837562    1191469776    0    0    0  000    0    0    0   19/05/2020 03:10:51 p.m.   PR           000           000             0            13
