01 36790831  12137  M  ATENOLOL BM100MG. X100TA                    1 154700000 154700000       000 154700000       000    0    0    0    0    0         1  6930169708063       20770004       20770004   509996820001  N  0                        190446 01/03/2022
01 36790831  LO484  M  CLARIX SOL.NASAL AD.15ML.                   6  40007965  40007965       000 240047790       000    0    0    0    0    0         1  7591196003171       20770018       20770018   509996820001  N  0                        030522 01/06/2025
01 36790831  KN400  M  FERGANIC FOLIC GOTAS 30ML.                  2  72800000  72800000       000 145600000       000    0    0    0    0    0         1  7591955003077       20770004       20770004   509996820001  N  0                          0066 01/05/2022
01 36790831  PD109  M  FERGANIC FOLIC TM X20                       2  74100000  74100000       000 148200000       000    0    0    0    0    0         1  7591955002797       20770004       20770004   509996820001  N  0                          0280 01/10/2021
01 36790831  KN280  M  FERGANIC FOLIC TM X30                       3 113100000 113100000       000 339300000       000    0    0    0    0    0         1  7591955003053       20770004       20770004   509996820001  N  0                          0272 01/07/2021
01 36790831  LP420  M  GULAPER JBE.AD. 120ML.                      1  89700000  89700000       000  89700000       000    0    0    0    0    0         1  7591955001288       20770004       20770004   509996820001  N  0                          0047 01/09/2021
01 36790831  LT210  M  LONGACEF 100MG.PPSO 60ML.                   2 195260000 195260000       000 390520000       000    0    0    0    0    0         1  7591585116208       20770004       20770004   509996820001  N  0                           488 01/03/2022
01 36790831  LT023  M  LONGACEF 400MG. X5CA                        4 258258000 258258000       0001033032000       000    0    0    0    0    0         1  7591585112224       20770004       20770004   509996820001  N  0                           034 01/05/2022
01 36790831  RL110  M  MENTOL DAVIS X12 1 ONZA                     1 413651845 413651845       000 413651845       000    0    0    0    0    0         1 17594001560385       20770018       20770018   509996820001  N  0                          3767 01/02/2022
01 36790831  AP360  M  METREN 250MG.SUSP. 120ML.                   4 126750000 126750000       000 507000000       000    0    0    0    0    0         1  7592601200307       20770004       20770004   509996820001  N  0                        027401 01/02/2022
01 36790831  LT043  M  PEGYT 75MG. X20CA                           3  86568300  86568300       000 259704900       000    0    0    0    0    0         1  7591585317018       20770018       20770018   509996820001  N  0                           039 01/02/2023
01 36790831  10894  C  SILICONA CAB RHELEN 30CC                    2  36224741  38131306   3813130  72449482  11591917    0    0    5    0    0         1  7593434000836       20770018       20770018   509996820001  N  0                     227418053 01/12/2022
01 36790831  LT065  M  SITAGLISMET 50-500 X30CO                    2 199017000 199017000       000 398034000       000    0    0    0    0    0         1  7591585118066       20770018       20770018   509996820001  N  0                           067 01/05/2022
01 36790831  TJ028  C  SONDA FOLEY 2V FR20 GAESC                   2 118300000 118300000       000 236600000       000    0    0    0    0    0         1  7592285000378       20770018       20770018   509996820001  N  0                      20190918 01/09/2023
01 36790831  TJ026  C  SONDA FOLEY 3V FR16 GAESC                   2 188500000 188500000       000 377000000       000    0    0    0    0    0         2    11196981701       20770018       20770018   509996820002  N  0                      20190918 01/09/2023
01 36790831  PD990  M  FERGANIC FOLIC JBE. 120CC.                  3  70200000  70200000       000 210600000       000    0    0    0    0    0         3  7591955002803       20770004       20770004   509996820003  N  0                          0102 01/02/2023
01 36790831  LP690  M  FERGANIC GOTAS 15ML.                        2  70200000  70200000       000 140400000       000    0    0    0    0    0         3  7591955001271       20770004       20770004   509996820003  N  0                          0068 01/09/2021
02 36790831         42    4470490535     686049482      11591917    5168131934    0    0    0  000    0    0    0   22/07/2020 05:22:53 p.m.   PR           000           000             0            17
