01 36796925  10854  C  ARNICA FC FORTE90GR.BOL                     2  34031540  34031540       000  68063080  10890093    0    0    0    0    0         1  7593090000676       20779601       20779601   510063970001  N  0                       2020001 01/05/2023
01 36796925  12250  C  DECOLORANTE POL AZUL 30GR                   4  30345900  30345900       000 121383600  19421376    0    0    0    0    0         1  7593723001216       20779601       20779601   510063970001  N  0                       2007189 01/07/2023
01 36796925  KA290  C  EVERY N.D.BOL. POWDER 90                    4  18885207  20983563   8393424  75540828  12086532    0    0   10    0    0         1  7590005135034       20779601       20779601   510063970001  N  0                       2006314 01/06/2022
01 36796925  KA280  C  EVERY N.D.BOL.BABY PINK90                   4  18885207  20983563   8393424  75540828  12086532    0    0   10    0    0         1  7590005134037       20779601       20779601   510063970001  N  0                       2007086 01/07/2022
01 36796925  11393  C  EVERY N.D.BOL.NATURELLE90                   4  18559228  20621364   8248544  74236912  11877906    0    0   10    0    0         1  7590005132033       20779601       20779601   510063970001  N  0                       2006318 01/06/2022
01 36796925  10572  C  HILO DENTAL MATRIX 35M.                     2  21367466  21367466       000  42734932   6837589    0    0    0    0    0         1  7453010092726       20778828       20779065   510063970001  N  0                           10X 01/01/2030
01 36796925  XM005  C  PERLAVIS FEM INTIMA 200ML                   2  47778647  47778647       000  95557294  15289167    0    0    0    0    0         1  7593090000324       20778828       20779065   510063970001  N  0                        031019 01/10/2022
01 36796925  XM009  C  PERLAVIS FEM INTIMA 360ML                   2  73846635  73846635       000 147693270  23630923    0    0    0    0    0         1  7593090000508       20778828       20779065   510063970001  N  0                        021019 01/10/2022
01 36796925  11212  C  PERLAVIS FEMTEENS INTI200                   2  52014377  52014377       000 104028754  16644601    0    0    0    0    0         1  7593090000768       20778828       20779065   510063970001  N  0                        010919 01/09/2022
01 36796925  PD390  M  FLEMICAINE SOL.TOP. 5ML.                    4  58500000  58500000       000 234000000       000    0    0    0    0    0         2  7591955000489       20779601       20779601   510063970002  N  0                          0025 01/03/2023
02 36796925         30     234000000     804779498     128764720    1167544218    0    0    0  000    0    0    0   30/07/2020 10:29:47 a.m.   PR           000           000             0            10
