01 36819480  ET340  C  ADEMINA PLUS CR.CORP. 30GR.                 6  40095250  40095250       000 240571500  38491440    0    0    0    0    0         1  7591844000439       20810067       20810067   510293230001  N  0                    AP30200108 01/04/2023
01 36819480  CR240  C  COLONIA MIMADITO 200ML.                     4  62323557  62323557       000 249294228  39887076    0    0    0    0    0         1  7591248510312       20810067       20810067   510293230001  N  0                   00920812354 01/04/2022
01 36819480  KA290  C  EVERY N.D.BOL. POWDER 90                    4  23562848  23562848       000  94251392  15080223    0    0    0    0    0         1  7590005135034       20810067       20810067   510293230001  N  0                       2008020 01/08/2022
01 36819480  KA300  C  EVERY N.D.BOL. S.FRESH 90                   4  27668338  27668338       000 110673352  17707736    0    0    0    0    0         1  7590005133030       20810067       20810067   510293230001  N  0                       2005184 01/05/2022
01 36819480  KA280  C  EVERY N.D.BOL.BABY PINK90                   4  27668338  27668338       000 110673352  17707736    0    0    0    0    0         1  7590005134037       20810067       20810067   510293230001  N  0                       2007086 01/07/2022
01 36819480  11393  C  EVERY N.D.BOL.NATURELLE90                   4  24340932  24340932       000  97363728  15578196    0    0    0    0    0         1  7590005132033       20810067       20810067   510293230001  N  0                     PS2007139 01/07/2022
01 36819480  12616  C  EVERY N.MEN D.BOL FRESH90                   4  24340932  24340932       000  97363728  15578196    0    0    0    0    0         1  7590005168834       20810067       20810067   510293230001  N  0                       2008027 01/08/2022
01 36819480  10586  C  GEL MASAJE STEFANY 130GR.                   2  35250800  35250800       000  70501600  11280256    0    0    0    0    0         1  7595630000375       20810034       20810034   510293230001  N  0                    3107202001 01/07/2023
01 36819480  12329  C  LACTACYD JAB. LIQ 200ML                     2 132990000 132990000       000 265980000  42556800    0    0    0    0    0         1  7891058018634       20810067       20810067   510293230001  N  0                      9RA03382 01/04/2021
01 36819480  BM050  C  MUM COL. DESO.BOL. 90GR.                    4  41366437  41366437       000 165465748  26474520    0    0    0    0    0         1       75900243       20810034       20810034   510293230001  N  0                           108 01/01/2030
01 36819480  PB089  C  OVERSKIN 40% CR. 50GR.                      3  54869411  57155636   6858675 164608233  26337317    0    4    0    0    0         1  7591309000622       20809704       20809704   510293230001  N  0                      A2007216 01/07/2023
01 36819480  PB089  C  OVERSKIN 40% CR. 50GR.                      1  57155636  57155636       000  57155636   9144902    0    0    0    0    0         1  7591309000622       20809704       20809704   510293230001  N  0                      A2007216 01/07/2023
01 36819480  LT284  M  ANTUX SOL.ORAL 180ML.                       4 122064800 125840000  15100800 488259200       000    0    3    0    0    0         2  7591585214706       20809704       20809704   510293230002  N  0                           272 01/05/2022
01 36819480  GQ474  M  CEFADROXILO ELTER250 60ML                   4  99505250 117065000  70239000 398021000       000    0   15    0    0    0         2  7703763180318       20809704       20809704   510293230002  N  0                       3231848 01/07/2021
01 36819480  LT199  M  DIKLASON SUSP. 120CC.                       2  59488000  59488000       000 118976000       000    0    0    0    0    0         2  7591585218254       20810067       20810067   510293230002  N  0                           180 01/03/2022
01 36819480  AP440  M  PLEXAMIN JBE. 120ML.                        3  88108855  88108855       000 264326565       000    0    0    0    0    0         2  7592601200413       20810034       20810034   510293230002  N  0                        016602 01/01/2022
02 36819480         55    1269582765    1723902497     275824400    3269309662    0    0    0  000    0    0    0   03/09/2020 01:06:16 p.m.   PR           000           000             0            16
