01 36827385  ET350  C  ADEMINA PLUS CR.CORP. 60GR.                 6  89789700  89789700       000 538738200  86198112    0    0    0    0    0         1  7591844000446       20820352       20820352   510364080001  N  0                    AP60200109 01/06/2023
01 36827385  12229  C  AGUA OX. PAS 3% V10 120ML                  12  19781450  19781450       000 237377400  37980384    0    0    0    0    0         1  7593723002602       20821469       20821469   510364080001  N  0                       2008233 01/08/2023
01 36827385  12230  C  AGUA OX. PAS 9% V30 120ML                  12  19781450  19781450       000 237377400  37980384    0    0    0    0    0         1  7593723002558       20821469       20821469   510364080001  N  0                       2008229 01/08/2023
01 36827385  PO175  M  BACITRACINA PO UNG. 15 GR.                  4  74100000  74100000       000 296400000       000    0    0    0    0    0         1  7592806141016       20820352       20820352   510364080001  N  0                        008087 01/08/2023
01 36827385  PA126  M  BETADERM CR. 0,05% 15GR.                    6  76921472  76921472       000 461528832       000    0    0    0    0    0         1  7591243804140       20821540       20821540   510364080001  N  0                       9210501 01/07/2022
01 36827385  PA054  M  BETADERM PLUS CREMA 15GR.                   6  82526855  82526855       000 495161130       000    0    0    0    0    0         1  7591243804164       20821540       20821540   510364080001  N  0                       9211402 01/08/2022
01 36827385  KW005  C  CLIMAX 6 SENTIDO PRES. X3                   3  50050000  50050000       000 150150000  24024000    0    0    0    0    0         1  8852961006131       20820671       20820671   510364080001  N  0                        174401 01/10/2022
01 36827385  KW004  C  CLIMAX AROS PRESERV. X3                     3  50050000  50050000       000 150150000  24024000    0    0    0    0    0         1  8852961006117       20820671       20820671   510364080001  N  0                        174604 01/10/2022
01 36827385  LA102  C  CLIMAX BANANA PRESERV. X3                   3  50050000  50050000       000 150150000  24024000    0    0    0    0    0         1  8852961008661       20820671       20820671   510364080001  N  0                     L35170301 01/02/2022
01 36827385  KW003  C  CLIMAX CHOCO PRESERV. X3                    3  50050000  50050000       000 150150000  24024000    0    0    0    0    0         1  8852961006124       20820671       20820671   510364080001  N  0                     L35170303 01/02/2022
01 36827385  KW001  C  CLIMAX FRESA PRESERV. X3                    3  50050000  50050000       000 150150000  24024000    0    0    0    0    0         1  8852961006179       20820671       20820671   510364080001  N  0                        174503 01/10/2022
01 36827385  LA104  C  CLIMAX FRUTAS PRESERV. X3                   3  50050000  50050000       000 150150000  24024000    0    0    0    0    0         1  8852961008678       20820671       20820671   510364080001  N  0                     TRY170201 01/01/2022
01 36827385  KW002  C  CLIMAX MENTA PRESERV. X3                    2  50050000  50050000       000 100100000  16016000    0    0    0    0    0         1  8852961006155       20820671       20820671   510364080001  N  0                        174601 01/10/2022
01 36827385  11261  C  CLIMAX P.MASTER PRESER.X3                   3  50050000  50050000       000 150150000  24024000    0    0    0    0    0         1  8852961010848       20820671       20820671   510364080001  N  0                        174403 01/10/2022
01 36827385  PB245  M  DENCORUB GEL 40 GR.                         6  67546561  67546561       000 405279366       000    0    0    0    0    0         1  7591309010416       20820310       20820310   510364080001  N  0                       2006008 01/06/2022
01 36827385  QM490  M  DICIGEL SUSP. 240ML.                        4 194610000 194610000       000 778440000       000    0    0    0    0    0         1  7592454889216       20820352       20820352   510364080001  N  0                       3246934 01/05/2022
01 36827385  11841  C  EVERY N.LOC CORP.MILK 200                   2  37056873  37056873       000  74113746  11858199    0    0    0    0    0         1  7590005166656       20820352       20820352   510364080001  N  0                     PS2007125 01/07/2022
01 36827385  AP980  M  IBUTAN 200MG. SUSP.60ML.                    3 100741815 120764583  60068304 302225445       000    0    3   14    0    0         1  7592601201205       20820352       20820352   510364080001  N  0                        934703 01/09/2021
01 36827385  AH335  M  MAALOX SUSP.MENTA 180ML.                    4 203632000 203632000       000 814528000       000    0    0    0    0    0         1  7501072325396       20820310       20820310   510364080001  N  0                       AMXA001 01/04/2022
01 36827385  10523  C  MENTORUB UNG.CORP. 30GR.                    4  65131836  65131836       000 260527344  41684375    0    0    0    0    0         1  7593090000959       20821468       20821468   510364080001  N  0                        200801 01/08/2023
01 36827385  12344  C  PRESERVATIVO MZONE RET X4                   3  37674000  37674000       000 113022000  18083520    0    0    0    0    0         1  6922954822153       20820671       20820671   510364080001  N  0                       1908532 01/07/2024
01 36827385  10056  C  PRUDENCE AROMA SAB MIX 5                    3  78344500  92170000  41476500 235033500  37605360    0   15    0    0    0         1  7502214982811       20820671       20820671   510364080001  N  0                        19F091 01/01/2024
01 36827385  10055  C  PRUDENCE CARIBEAN MIX 5UN                   3  78344500  92170000  41476500 235033500  37605360    0   15    0    0    0         1  7502214983573       20820671       20820671   510364080001  N  0                       19F0105 01/01/2024
01 36827385  10049  C  PRUDENCE EXTR FUERTE 3UND                   3  53868750  63375000  28518750 161606250  25857000    0   15    0    0    0         1  7502214982576       20820671       20820671   510364080001  N  0                       18N0821 01/05/2023
01 36827385  10047  C  PRUDENCE MENTA 3UND                         3  50830000  59800000  26910000 152490000  24398400    0   15    0    0    0         1  7502214982484       20820671       20820671   510364080001  N  0                       19F0109 01/12/2023
01 36827385  CV220  C  SANALO CR. FACIAL 30GR.                     4  46670000  46670000       000 186680000  29868800    0    0    0    0    0         1  7591138073323       20820352       20820352   510364080001  N  0                        200308 01/08/2025
01 36827385  12034  M  ACETAMINOFEN AL500 X20TA                   17  60660629  60660629       0001031230693       000    0    0    0    0    0         2  7597758000596       20820369       20820369   510364080002  N  0                         DL056 01/07/2022
01 36827385  12246  C  AGUA OX. PAS 3% V20 120ML                  12  19781450  19781450       000 237377400  37980384    0    0    0    0    0         2  7593723002541       20821469       20821469   510364080002  N  0                       2008232 01/08/2023
01 36827385  PA385  M  BETADERM  C/GENT. CR.15GR                   6  81312002  81312002       000 487872012       000    0    0    0    0    0         2  7591243804041       20821540       20821540   510364080002  N  0                       9210202 01/07/2022
01 36827385  VC310  M  BEVINDAZOL400 SUSP.10ML                    12  55575000  61750000  74100000 666900000       000    0   10    0    0    0         2  7592782000055       20821540       20821540   510364080002  N  0                       2070007 01/07/2022
01 36827385  12296  M  BLOCAX 16MG X150 TA                         1 905004669 905004669       000 905004669       000    0    0    0    0    0         2  7591243805383       20821540       20821540   510364080002  N  0                       9217801 01/07/2022
01 36827385  LT414  M  DIKLASON AMP. 75MG. X1 3ML.                10  63050000  63050000       000 630500000       000    0    0    0    0    0         2  7591585219275       20820352       20820352   510364080002  N  0                           027 01/06/2022
01 36827385  VM209  M  DUROVAL 50MG. X3TA                          6  33020000  33020000       000 198120000       000    0    0    0    0    0         2  7591020005029       20821472       20821472   510364080002  N  0                           610 01/05/2025
01 36827385  CO450  M  KETOPROFENO CO 2ML.X1AMP.                  10  66568450  66568450       000 665684500       000    0    0    0    0    0         2  7591818131039       20821411       20821411   510364080002  N  0                         90162 01/02/2024
01 36827385  12147  M  LEVONORGESTREL MF1,5 X1TA                  12  78455000  92300000 166140000 941460000       000    0   15    0    0    0         2  7502214985935       20820352       20820352   510364080002  N  0                       9FH132A 01/06/2021
01 36827385  CO540  M  MIOVIT COMP.AMP.3ML. X3 KIT                20 176789860 176789860       0003535797200       000    0    0    0    0    0         2  7591818026366       20820352       20820352   510364080002  N  0                         00208 01/05/2023
01 36827385  10050  C  PRUDENCE ANILLO TEXT 3UND                   3  53868750  63375000  28518750 161606250  25857000    0   15    0    0    0         2  7502214982538       20820671       20820671   510364080002  N  0                       19N0171 01/12/2023
01 36827385  GQ269  M  SILDENAFIL ELTER50MG.X1TA                   6  14263600  21944000  46082400  85581600       000    0    0   35    0    0         2  7592454173971       20821472       20821472   510364080002  N  0                       3227319 01/04/2021
01 36827385  12034  M  ACETAMINOFEN AL500 X20TA                    3  60660629  60660629       000 181981887       000    0    0    0    0    0         3  7597758000596       20820369       20820369   510364080003  N  0                         DL056 01/07/2022
01 36827385  OH002  M  ANFLAT 125MG. X20CA.BLAN.                   4 242219250 242219250       000 968877000       000    0    0    0    0    0         3  7592442000029       20821535       20821535   510364080003  N  0                        200099 01/05/2023
01 36827385  PA275  M  BETAGEN SOLSPEN 1ML.1AMP.                   8  89373036  89373036       000 714984288       000    0    0    0    0    0         3  7591243804409       20821540       20820416   510364080003  N  0                         91877 01/11/2021
01 36827385  PA275  M  BETAGEN SOLSPEN 1ML.1AMP.                  10  89373036  89373036       000 893730360       000    0    0    0    0    0         3  7591243804409       20820416       20820416   510364080003  N  0                         91877 01/11/2021
01 36827385  10729  M  BIOCOR 40MG. X30TA                          3 243828000 243828000       000 731484000       000    0    0    0    0    0         3  7591519000122       20820352       20820352   510364080003  N  0                         31252 01/04/2022
01 36827385  13009  M  BIOCOR HTC 20-12,5 X10TA                    2  69849000  77610000  15522000 139698000       000    0    0   10    0    0         3  7591519317664       20820352       20820352   510364080003  N  0                         30802 01/08/2021
01 36827385  LT031  M  BIOTALOL 5MG. X30CO                        12 114140000 114140000       0001369680000       000    0    0    0    0    0         3  7591585217165       20820310       20820310   510364080003  N  0                           107 01/07/2022
01 36827385  EL009  M  BRUGESIC 200MG. X10CO                      12  41942131  41942131       000 503305572       000    0    0    0    0    0         3  7591062902379       20820310       20820310   510364080003  N  0                        20048A 01/05/2022
01 36827385  VP304  M  CUTICLIN 20MG. X30CA                        3 372021421 372021421       0001116064263       000    0    0    0    0    0         3  7592432005515       20820310       20820310   510364080003  N  0                        200152 01/07/2023
01 36827385  PO195  M  DECOBEL VIAL 8MG. 2ML.                     12  85800000  85800000       0001029600000       000    0    0    0    0    0         3  7592806112047       20820310       20820310   510364080003  N  0                        008086 01/08/2023
01 36827385  11995  M  HIDROCORTISONA EM100 X1A.                   4  64220000  64220000       000 256880000       000    0    0    0    0    0         3   652931974167       20820352       20820352   510364080003  N  0                         ZI031 01/06/2021
01 36827385  11418  M  LODESTAR HCT 50-12,5 30TA                   8  79218750  79218750       000 633750000       000    0    0    0    0    0         3  7591020080972       20820352       20820352   510364080003  N  0                            09 01/06/2022
01 36827385  NP640  M  MACRODANTINA 50MG. X30CA                    2 154052850 154052850       000 308105700       000    0    0    0    0    0         3  7591821901858       20820352       20820352   510364080003  N  0                       2005024 01/06/2023
01 36827385  CO500  M  MIOVIT COMP.AMP.3ML. X1 KIT                 4  69282590  69282590       000 277130360       000    0    0    0    0    0         3  7591818113011       20820352       20820352   510364080003  N  0                         00186 01/05/2023
01 36827385  LT043  M  PEGYT 75MG. X20CA                           4 146846700 146846700       000 587386800       000    0    0    0    0    0         3  7591585317018       20820310       20820310   510364080003  N  0                           042 01/07/2023
01 36827385  KL084  M  PLIDAN COMP.10-125  X10CO                  12 110500000 110500000       0001326000000       000    0    0    0    0    0         3  7591619518695       20821518       20821518   510364080003  N  0                          0005 01/06/2023
01 36827385  KL649  M  ROVARTAL 10MG. X30CO                        2 182000000 182000000       000 364000000       000    0    0    0    0    0         3  7591619518190       20820352       20820352   510364080003  N  0                          0003 01/03/2023
01 36827385  DP021  M  SILDENAFIL DP 50MG. X2TA                    6  25443516  25443516       000 152661096       000    0    0    0    0    0         3  7592616576596       20821472       20821472   510364080003  N  0                         00223 01/03/2022
01 36827385  KX100  C  TEST DE EMBARAZO KX                         4 102700000 102700000       000 410800000       000    0    0    0    0    0         3   813333014589       20821411       20821411   510364080003  N  0                     W00100309 01/03/2022
01 36827385  ED359  M  ZOST 50MG. X1CO                             6  13975000  13975000       000  83850000       000    0    0    0    0    0         3  7592803002358       20821472       20821472   510364080003  N  0                       2005393 01/06/2023
02 36827385        347   24340882773    4392932990     637141278   29370957041    0    0    0  000    0    0    0   15/09/2020 06:09:24 p.m.   PR           000           000             0            57
