01 36831062  GM239  M  AC FOLICO MY 10MG. X30TA                   10  58739236  58739236       000 587392360       000    0    0    0    0    0         1  7592601301486       20826844       20826844   510402970001  N  0                        053019 01/07/2022
01 36831062  12319  M  AMPICILINA 500MG X100CA                     1 478400000 478400000       000 478400000       000    0    0    0    0    0         1  6921875009612       20826844       20826844   510402970001  N  0                       1908407 01/08/2022
01 36831062  12193  M  AZITROMICINA AL200 22,5ML                   4 117642433 117642433       000 470569732       000    0    0    0    0    0         1  7597758000152       20826991       20826991   510402970001  N  0                         DL073 01/08/2022
01 36831062  PO180  M  BACTRON SUSP. 100ML.                        9 104975000 110500000  49725000 944775000       000    0    5    0    0    0         1  7592806122015       20826133       20826133   510402970001  N  0                        004052 01/04/2025
01 36831062  PO180  M  BACTRON SUSP. 100ML.                        1 110500000 110500000       000 110500000       000    0    0    0    0    0         1  7592806122015       20826133       20826133   510402970001  N  0                        004052 01/04/2025
01 36831062  12996  C  BATERIA MAXELL CR2016 X5U                   1 263291578 263291578       000 263291578  42126652    0    0    0    0    0         1   025215736469       20826844       20826844   510402970001  N  0                           10X 01/12/2030
01 36831062  12995  C  BATERIA MAXELL CR2025 X5U                   1 263291578 263291578       000 263291578  42126652    0    0    0    0    0         1   025215736476       20826844       20826844   510402970001  N  0                           10X 01/12/2030
01 36831062  12994  C  BATERIA MAXELL CR2032 X5U                   1 263291578 263291578       000 263291578  42126652    0    0    0    0    0         1   025215736483       20826844       20826844   510402970001  N  0                           10X 01/12/2030
01 36831062  MY185  M  BENDAMEN 100MG. X6TA                        4  47395833  47395833       000 189583332       000    0    0    0    0    0         1  7592601100218       20826844       20826844   510402970001  N  0                        011602 01/07/2025
01 36831062  12296  M  BLOCAX 16MG X150 TA                         1 905004669 905004669       000 905004669       000    0    0    0    0    0         1  7591243805383       20826844       20826844   510402970001  N  0                       9217801 01/07/2022
01 36831062  MK133  M  CAPTOPRIL +MK 50MG. X30TA                   2 137826000 153140000  30628000 275652000       000    0    0   10    0    0         1  7591519051292       20826133       20826133   510402970001  N  0                         31208 01/03/2023
01 36831062  CO003  M  CELAY SOL.ORAL. 100ML.                     10  78000923 111429890 334289670 780009230       000    0    0   30    0    0         1  7591818215050       20826133       20826133   510402970001  N  0                         00047 01/02/2022
01 36831062  12373  M  CLOPIDOGREL 75MG X30TA                      4 205201071 205201071       000 820804284       000    0    0    0    0    0         1  7598176000014       20826133       20826133   510402970001  N  0                       TEMF063 01/05/2022
01 36831062  NJ220  C  CORTA U?AS TOMI TIPI                        2  73110535  76958458   7695846 146221070  23395371    0    0    5    0    0         1  8850217080096       20826133       20826133   510402970001  N  0                        739217 01/12/2030
01 36831062  KN350  M  CURPINOL 12,5MG. X30CO                      3 123500000 123500000       000 370500000       000    0    0    0    0    0         1  7591955558232       20826845       20826845   510402970001  N  0                          0023 01/02/2023
01 36831062  KN330  M  CURPINOL 25MG. X30CO                        2 156000000 156000000       000 312000000       000    0    0    0    0    0         1  7591955558225       20826845       20826845   510402970001  N  0                          0018 01/07/2022
01 36831062  KN340  M  CURPINOL 6,25MG. X30CO                      2 104000000 104000000       000 208000000       000    0    0    0    0    0         1  7591955558218       20826845       20826845   510402970001  N  0                          0027 01/05/2023
01 36831062  KL290  M  CYPRODEX 4MG. X30CO                         3  97500000  97500000       000 292500000       000    0    0    0    0    0         1  7591619119014       20826133       20826133   510402970001  N  0                          0068 01/02/2021
01 36831062  KF200  M  DERMAZOL 0,05% UNG.30GR.                    2 143000000 143000000       000 286000000       000    0    0    0    0    0         1  7591619519043       20826844       20826844   510402970001  N  0                          0043 01/07/2022
01 36831062  GQ794  M  DESLORATADINA ELTER JBE.60                 12  63843000  63843000       000 766116000       000    0    0    0    0    0         1  7703763393053       20826991       20826991   510402970001  N  0                       3247247 01/06/2022
01 36831062  PD109  M  FERGANIC FOLIC TM X20                       2  91000000  91000000       000 182000000       000    0    0    0    0    0         1  7591955002797       20826844       20826844   510402970001  N  0                          0280 01/10/2021
01 36831062  11891  M  HIDROCORTI AL500IM-IV X10                   116937701301693770130       0001693770130       000    0    0    0    0    0         1  7597758000022       20826844       20826844   510402970001  N  0                       1219072 01/11/2022
01 36831062  MY250  M  IMAZOL 1% CR.TOPICA 20GR.                   6  77634375  77634375       000 465806250       000    0    0    0    0    0         1  7592601100454       20826844       20826844   510402970001  N  0                        008701 01/07/2024
01 36831062  LT210  M  LONGACEF 100MG.PPSO 60ML.                   2 381095000 381095000       000 762190000       000    0    0    0    0    0         1  7591585116208       20826844       20826844   510402970001  N  0                           492 01/05/2022
01 36831062  KL564  M  MAILEN 5MG. X10CO                          14  49140000  49140000       000 687960000       000    0    0    0    0    0         1  7591619519159       20826133       20826133   510402970001  N  0                          0010 01/02/2021
01 36831062  12929  M  MICONAZOL N. 400MG X3OVU                    4 182001157 182001157       000 728004628       000    0    0    0    0    0         1  7597758000640       20826133       20826133   510402970001  N  0                      K1ANN004 01/05/2022
01 36831062  KL419  M  MIGRADORIXINA 125-1 X10CO                   3  87100000  87100000       000 261300000       000    0    0    0    0    0         1  7591619518688       20826133       20826133   510402970001  N  0                          0009 01/11/2022
01 36831062  GP480  M  NAFINA CREMA 1% 15GR.                       4  54600000  54600000       000 218400000       000    0    0    0    0    0         1  7594000491164       20826133       20826133   510402970001  N  0                          0022 01/04/2022
01 36831062  11648  M  OMEFLUX 40MG. IV. X1                        8  70000445  70000445       000 560003560       000    0    0    0    0    0         1       75971182       20826844       20826844   510402970001  N  0                        DG1944 01/06/2022
01 36831062  LP220  M  PROTOSULFIL 1% CR. 30GR.                    2  83980000  83980000       000 167960000       000    0    0    0    0    0         1  7591955001486       20826844       20826844   510402970001  N  0                          0287 01/05/2022
01 36831062  LP330  M  PROTOSULFIL POLVO 15 GR.                    4  65520000  65520000       000 262080000       000    0    0    0    0    0         1  7591955001509       20826844       20826844   510402970001  N  0                          0075 01/09/2022
01 36831062  MY104  N  SEDIVAL TAB. X30                            2 124954375 124954375       000 249908750       000    0    0    0    0    0         1  7592601100836       20826844       20826844   510402970001  N  0                        960502 01/10/2021
01 36831062  ED224  M  TALERC 10MG. GOTAS 15ML.                    4  61100000  61100000       000 244400000       000    0    0    0    0    0         1  7592803001825       20826991       20826991   510402970001  N  0                       2001309 01/01/2023
01 36831062  EL775  M  TALZIC SOL.GOTAS 20ML.                      4  16666910  16666910       000  66667640       000    0    0    0    0    0         1  7591062016670       20826991       20826991   510402970001  N  0                        19077A 01/08/2021
01 36831062  EL184  M  TALZIC SOL.ORAL 120ML.                      4 108443999 108443999       000 433775996       000    0    0    0    0    0         1  7591062016649       20826991       20826991   510402970001  N  0                        20063A 01/06/2022
01 36831062  12543  M  ATOVAROL 20MG X14CA                         4 132472223 132472223       000 529888892       000    0    0    0    0    0         2  7592432901435       20826844       20826844   510402970002  N  0                        200183 01/08/2022
01 36831062  PD565  M  BARGONIL UNG. 10GR.                         2  78000000  78000000       000 156000000       000    0    0    0    0    0         2  7591955000045       20826133       20826133   510402970002  N  0                          0083 01/04/2021
01 36831062  PD830  M  BARGONIL UNG. 30GR.                         2  97500000  97500000       000 195000000       000    0    0    0    0    0         2  7591955000052       20826133       20826133   510402970002  N  0                          0085 01/07/2021
01 36831062  VP610  M  CETIRIVAX 10MG. X10CA.BL.                  10  44390360  44390360       000 443903600       000    0    0    0    0    0         2  7592432001654       20826133       20826133   510402970002  N  0                        200080 01/04/2023
01 36831062  VP990  M  CEVAX 500MG. X30CA.BLA                      4 266299739 266299739       0001065198956       000    0    0    0    0    0         2  7592432007649       20826844       20826844   510402970002  N  0                        200193 01/08/2022
01 36831062  LO479  M  DESLORAT 5MG. X20TA                        11  76083764  76083764       000 836921404       000    0    0    0    0    0         2  7591196002976       20826844       20826844   510402970002  N  0                       I119349 01/01/2022
01 36831062  LO479  M  DESLORAT 5MG. X20TA                         1  76083764  76083764       000  76083764       000    0    0    0    0    0         2  7591196002976       20826844       20826844   510402970002  N  0                       I060926 01/06/2022
01 36831062  11423  M  HIDROCLOROTI GN12,5 X30CO                   6  62270000  62270000       000 373620000       000    0    0    0    0    0         2  7591585172686       20827048       20827048   510402970002  N  0                           010 01/06/2022
01 36831062  FA003  M  HIDROTEN 12,5MG. X30TA                     12  84023975  84023975       0001008287700       000    0    0    0    0    0         2  7591821903791       20827048       20827048   510402970002  N  0                       2004046 01/04/2022
01 36831062  LT037  M  LISILET 10MG. X30CO                         4 119068950 119068950       000 476275800       000    0    0    0    0    0         2  7591585314369       20827048       20827048   510402970002  N  0                           127 01/04/2023
01 36831062  GQ164  M  MELOXICAM ELTE15MG. X10TA                  12  49982400  55536000  66643200 599788800       000    0    0   10    0    0         2  7592454162050       20826991       20826991   510402970002  N  0                       3242960 01/03/2023
01 36831062  PG110  M  NINAZO GOTAS AD. 15ML.                     12  45968420  45968420       000 551621040       000    0    0    0    0    0         2  7591821802957       20826133       20826133   510402970002  N  0                      2006022C 01/12/2021
01 36831062  CE120  M  NIOSILIN UNG. 20GR.TUBO                     2 118527500 118527500       000 237055000       000    0    0    0    0    0         2  7594003280048       20826133       20826133   510402970002  N  0                       2006019 01/06/2022
01 36831062  EL001  M  TALZIC 10MG. X10CO                         12  44827010  44827010       000 537924120       000    0    0    0    0    0         2  7591062016700       20826991       20826991   510402970002  N  0                        20086A 01/08/2022
01 36831062  PD124  M  TRIDETARMON CR. 15GR.                       6  87100000  87100000       000 522600000       000    0    0    0    0    0         2  7591955000762       20826844       20826844   510402970002  N  0                          0077 01/07/2022
01 36831062  LT993  M  ZONTRICON 500MG. X6CO                       4 172250000 172250000       000 689000000       000    0    0    0    0    0         2  7591585118462       20826844       20826844   510402970002  N  0                           082 01/10/2021
02 36831062        243   23081202637     936095804     149775329   24167073770    0    0    0  000    0    0    0   21/09/2020 06:20:28 p.m.   PR           000           000             0            51
