01 36842208  13123  M  AZITROMICINA BM 500MGX6CA                   8 193050000 193050000       0001544400000       000    0    0    0    0    0         1  6972718560043       20843174       20843174   510522570001  N  0                        191245 01/11/2022
01 36842208  11741  M  CRISOMET 50-500 X30TA                       2 509773425 509773425       0001019546850       000    0    0    0    0    0         1  7591821210509       20843326       20843326   510522570001  N  0                       2006305 01/07/2022
01 36842208  QM490  M  DICIGEL SUSP. 240ML.                        4 224770000 224770000       000 899080000       000    0    0    0    0    0         1  7592454889216       20843174       20843174   510522570001  N  0                       3246932 01/05/2022
01 36842208  ED780  M  FAZOL 500MG. X4CO                           6  37537500  50050000  75075000 225225000       000    0   25    0    0    0         1  7592803001276       20843326       20843326   510522570001  N  0                        803065 01/05/2021
01 36842208  ED780  M  FAZOL 500MG. X4CO                           2  50050000  50050000       000 100100000       000    0    0    0    0    0         1  7592803001276       20843326       20843326   510522570001  N  0                        803065 01/05/2021
01 36842208  GB840  M  GLICERINA GC SUPOS.PED. X6                  4 102697247 102697247       000 410788988       000    0    0    0    0    0         1  7591136923873       20843318       20843318   510522570001  N  0                       2006131 01/06/2022
01 36842208  BQ230  M  LANCERAN GOTAS PED. 30ML.                   6  51268750  51268750       000 307612500       000    0    0    0    0    0         1  7594000850220       20843326       20843326   510522570001  N  0                        200702 01/07/2023
01 36842208  10735  M  LANCERAN JBE. 90ML.                         6  54031250  54031250       000 324187500       000    0    0    0    0    0         1  7594000850954       20843326       20843326   510522570001  N  0                        200902 01/09/2022
01 36842208  11161  M  VITAMINA C VERA 400MG.X30                   4 126734400 126734400       000 506937600       000    0    0    0    0    0         1  7593089000076       20843174       20843174   510522570001  N  0                   019VC020920 01/09/2022
02 36842208         42    5337878438           000           000    5337878438    0    0    0  000    0    0    0   08/10/2020 10:25:31 a.m.   PR           000           000             0             9
