01 36846789  QO320  M  ANALPER NAX CAPS. 250 X10                   6  80600000  80600000       000 483600000       000    0    0    0    0    0         1  7592454000789       20849452       20849452   510566680001  N  0                       3249990 01/07/2022
01 36846789  QO290  M  ANALPER PLUS TAB. X10                      10 107471000 107471000       0001074710000       000    0    0    0    0    0         1  7592454000796       20849452       20849452   510566680001  N  0                       3251811 01/08/2022
01 36846789  13525  M  CLORACI 1000MG X30TA                        4 337350000 337350000       0001349400000       000    0    0    0    0    0         1  7591818000106       20849452       20849452   510566680001  N  0                        009072 01/09/2022
01 36846789  MK027  M  DEFLAZACORT +MK 6MG. X10                    2 227240000 227240000       000 454480000       000    0    0    0    0    0         1  7591519008197       20849420       20849420   510566680001  N  0                         31139 01/02/2023
01 36846789  11599  M  DESLER 5MG. X10TA                           4  83009940  89258000  24992240 332039760       000    0    0    7    0    0         1  7592454891325       20849452       20849452   510566680001  N  0                       3234330 01/09/2021
01 36846789  11582  M  ETORICOXIB +MK90MG. X10TA                   2 125580000 125580000       000 251160000       000    0    0    0    0    0         1  7591519317268       20849420       20849420   510566680001  N  0                         30821 01/08/2021
01 36846789  KN280  M  FERGANIC FOLIC TM X30                       3 234000000 234000000       000 702000000       000    0    0    0    0    0         1  7591955003053       20849420       20849420   510566680001  N  0                          0276 01/09/2021
01 36846789  MG604  M  FULGRAM SUSP. 600/42,9 60CC                 2 242580000 242580000       000 485160000       000    0    0    0    0    0         1  7591585113139       20849420       20849420   510566680001  N  0                           315 01/05/2022
01 36846789  KL170  M  FURFURIL APOS.SOL. 30GR.                    2 100100000 100100000       000 200200000       000    0    0    0    0    0         1  7591619122014       20849420       20849420   510566680001  N  0                          0107 01/03/2022
01 36846789  GB850  M  GLICERINA GC SUPOS.AD. X6                   2 138640307 138640307       000 277280614       000    0    0    0    0    0         1  7591136923958       20849420       20849420   510566680001  N  0                       2004155 01/04/2022
01 36846789  11423  M  HIDROCLOROTI GN12,5 X30CO                  12  86404500  86404500       0001036854000       000    0    0    0    0    0         1  7591585172686       20849600       20849600   510566680001  N  0                           013 01/08/2022
01 36846789  GQ037  M  LORATADINA ELTER 10MG.X20                  12  85085000  85085000       0001021020000       000    0    0    0    0    0         1  7592454889605       20849452       20849452   510566680001  N  0                       3250182 01/07/2023
01 36846789  LP220  M  PROTOSULFIL 1% CR. 30GR.                    3 105885000 117650000  35295000 317655000       000    0    0   10    0    0         1  7591955001486       20849420       20849420   510566680001  N  0                          0287 01/05/2022
01 36846789  LT993  M  ZONTRICON 500MG. X6CO                       5 228800000 228800000       0001144000000       000    0    0    0    0    0         1  7591585118462       20849420       20849420   510566680001  N  0                           085 01/02/2022
02 36846789         69    9129559374           000           000    9129559374    0    0    0  000    0    0    0   19/10/2020 03:33:01 p.m.   PR           000           000             0            14
