01 36872650  LO120  M  CLARASOL SOL.OFT. 15ML.                     6 100264388 100264388       000 601586328       000    0    0    0    0    0         1  7591196000071       20884660       20884660   510826950001  N  0                       I050922 01/06/2023       USD        0.9541        5.7249  1050811.9800
01 36872650  12078  M  CLAUSY SUSP.ORAL X10 5ML.                   216005600001600560000       0003201120000       000    0    0    0    0    0         1  8936187370020       20884660       20884660   510826950001  N  0                         10320 01/03/2022       USD       15.2316       30.4632  1050811.9800
01 36872650  VM364  M  COLVAL AMP. 2 CC. X 2                       4 139192222 139192222       000 556768888       000    0    0    0    0    0         1  7591020007818       20884660       20884660   510826950001  N  0                           160 01/08/2025       USD        1.3246        5.2984  1050811.9800
01 36872650  FA003  M  HIDROTEN 12,5MG. X30TA                      4 193417788 193417788       000 773671152       000    0    0    0    0    0         1  7591821903791       20884660       20884660   510826950001  N  0                       2006382 01/07/2022       USD        1.8406        7.3626  1050811.9800
01 36872650  GQ042  M  LOSARTAN P.ELTER50MG.X30                   10 288990000 304200000 1521000002889900000       000    0    0    5    0    0         1  7592454889841       20884660       20884660   510826950001  N  0                       3253883 01/10/2022       USD        2.7501       27.5015  1050811.9800
01 36872650  CO500  M  MIOVIT COMP.AMP.3ML. X1 KIT                 4 134938563 149931737  59972696 539754252       000    0    0   10    0    0         1  7591818113011       20884660       20884660   510826950001  N  0                         00204 01/05/2023       USD        1.2841        5.1365  1050811.9800
01 36872650  CO540  M  MIOVIT COMP.AMP.3ML. X3 KIT                 6 344325605 382584006 2295504062065953630       000    0    0   10    0    0         1  7591818026366       20884660       20884660   510826950001  N  0                         00261 01/07/2023       USD        3.2767       19.6605  1050811.9800
01 36872650  CE120  M  NIOSILIN UNG. 20GR.TUBO                     3 311870000 311870000       000 935610000       000    0    0    0    0    0         1  7594003280048       20884660       20884660   510826950001  N  0                       2008020 01/08/2022       USD        2.9678        8.9036  1050811.9800
01 36872650  13515  M  PROLARDII 10 SOBX1.3GR                      2 702643500 780715000 1561430001405287000       000    0    0   10    0    0         1  7709137132242       20884660       20884660   510826950001  N  0                       0093081 01/07/2022       USD        6.6866       13.3733  1050811.9800
01 36872650  PA096  M  TIOCOLCHICOSIDO 4MGX12 BT                   4 301204623 301204623       0001204818492       000    0    0    0    0    0         1  7591243850758       20884660       20884660   510826950001  N  0                       9233901 01/10/2023       USD        2.8663       11.4655  1050811.9800
02 36872650         45   14174469742           000           000   14174469742    0    0    0  000    0    0    0   01/12/2020 09:36:45 a.m.   PR           000           000             0            10           USD  1050811.9800      134.8900
