01 36875603  12230  C  AGUA OX. PAS 9% V30 120ML                  12  67340000  67340000       000 808080000 129292800    0    0    0    0    0         1  7593723002558       20889232       20889232   510858740001  N  0                       2008229 01/08/2023       USD        0.6199        7.4399  1086140.7200
01 36875603  ZV009  N  ARNICA+CALEND.VIHOM200CR.                   1 175051293 175051293       000 175051293       000    0    0    0    0    0         1  7593533004537       20889232       20889232   510858740001  N  0                     031019725 01/10/2022       USD        1.6116        1.6116  1086140.7200
01 36875603  NP099  N  CALCIBON NATAL FORTE 30TAB.                 4 942500000 942500000       0003770000000 603200000    0    0    0    0    0         1  7591821102071       20888508       20888508   510858740001  N  0                       2011033 01/11/2022       USD        8.6775       34.7100  1086140.7200
01 36875603  CO003  M  CELAY SOL.ORAL. 100ML.                      4 275029087 275029087       0001100116348       000    0    0    0    0    0         1  7591818215050       20888508       20888508   510858740001  N  0                         00047 01/02/2022       USD        2.5321       10.1286  1086140.7200
01 36875603  KW005  C  CLIMAX 6 SENTIDO PRES. X3                   2  82436250  86775000   8677500 164872500  26379600    0    0    5    0    0         1  8852961006131       20889239       20889239   510858740001  N  0                        174401 01/10/2022       USD        0.7589        1.5179  1086140.7200
01 36875603  KW004  C  CLIMAX AROS PRESERV. X3                     2  82436250  86775000   8677500 164872500  26379600    0    0    5    0    0         1  8852961006117       20889239       20889239   510858740001  N  0                        174604 01/10/2022       USD        0.7589        1.5179  1086140.7200
01 36875603  LA102  C  CLIMAX BANANA PRESERV. X3                   2  82436250  86775000   8677500 164872500  26379600    0    0    5    0    0         1  8852961008661       20889239       20889239   510858740001  N  0                     L35170301 01/02/2022       USD        0.7589        1.5179  1086140.7200
01 36875603  KW003  C  CLIMAX CHOCO PRESERV. X3                    2  82436250  86775000   8677500 164872500  26379600    0    0    5    0    0         1  8852961006124       20889239       20889239   510858740001  N  0                     L35170303 01/02/2022       USD        0.7589        1.5179  1086140.7200
01 36875603  LA103  C  CLIMAX EXPLO PRESERV.X3                     2  82436250  86775000   8677500 164872500  26379600    0    0    5    0    0         1  8852961009392       20889239       20889239   510858740001  N  0                        174402 01/10/2022       USD        0.7589        1.5179  1086140.7200
01 36875603  KW001  C  CLIMAX FRESA PRESERV. X3                    2  82436250  86775000   8677500 164872500  26379600    0    0    5    0    0         1  8852961006179       20889239       20889239   510858740001  N  0                        174503 01/10/2022       USD        0.7589        1.5179  1086140.7200
01 36875603  LA104  C  CLIMAX FRUTAS PRESERV. X3                   2  82436250  86775000   8677500 164872500  26379600    0    0    5    0    0         1  8852961008678       20889239       20889239   510858740001  N  0                     TRY170201 01/01/2022       USD        0.7589        1.5179  1086140.7200
01 36875603  KW007  C  CLIMAX MAXIMA PRESERV. X3                   2  82436250  86775000   8677500 164872500  26379600    0    0    5    0    0         1  8852961006148       20889239       20889239   510858740001  N  0                        174602 01/10/2022       USD        0.7589        1.5179  1086140.7200
01 36875603  KW002  C  CLIMAX MENTA PRESERV. X3                    2  82436250  86775000   8677500 164872500  26379600    0    0    5    0    0         1  8852961006155       20889239       20889239   510858740001  N  0                        174601 01/10/2022       USD        0.7589        1.5179  1086140.7200
01 36875603  11261  C  CLIMAX P.MASTER PRESER.X3                   2  82436250  86775000   8677500 164872500  26379600    0    0    5    0    0         1  8852961010848       20889239       20889239   510858740001  N  0                        174403 01/10/2022       USD        0.7589        1.5179  1086140.7200
01 36875603  KW006  C  CLIMAX PUNTOS PRESERV. X3                   2  82436250  86775000   8677500 164872500  26379600    0    0    5    0    0         1  8852961006162       20889239       20889239   510858740001  N  0                        174603 01/10/2022       USD        0.7589        1.5179  1086140.7200
01 36875603  LA101  C  CLIMAX SENS.NAT.PRESER.X3                   2  82436250  86775000   8677500 164872500  26379600    0    0    5    0    0         1  8852961007800       20889239       20889239   510858740001  N  0                        174404 01/10/2022       USD        0.7589        1.5179  1086140.7200
01 36875603  12660  C  CONTROLE ULT SOFT AD MX8                    1 798633882 798633882       000 798633882 127781421    0    0    0    0    0         1  7591248180416       20889232       20889232   510858740001  N  0                   12312601001 01/05/2023       USD        7.3529        7.3529  1086140.7200
01 36875603  VM494  M  DUROVAL 50MG. X10TA                        10 327275000 327275000       0003272750000       000    0    0    0    0    0         1  7591020008440       20889232       20889232   510858740001  N  0                           618 01/11/2025       USD        3.0131       30.1319  1086140.7200
01 36875603  VC003  M  GENCIVOL COMPUESTO SOL.15ML                 1 198250000 198250000       000 198250000       000    0    0    0    0    0         1  7592782000529       20889232       20889232   510858740001  N  0                       2090001 01/09/2022       USD        1.8252        1.8252  1086140.7200
01 36875603  MG154  M  GENESA COMPR. 3/30 X21                      1 729986400 729986400       000 729986400       000    0    0    0    0    0         1  7591585116598       20889232       20889232   510858740001  N  0                      LF20011B 01/03/2022       USD        6.7209        6.7209  1086140.7200
01 36875603  SA520  M  MESIGYNA INSTAYECT 1ML.                     2 721252350 721252350       0001442504700       000    0    0    0    0    0         1  7501303443318       20889232       20889232   510858740001  N  0                       XB30LAH 01/04/2022       USD        6.6405       13.2810  1086140.7200
01 36875603  11229  C  REPE INS LOC.DERNI 200                      1 162122104 162122104       000 162122104  25939537    0    0    0    0    0         1  7596548000648       20888508       20888508   510858740001  N  0                      20080513 01/08/2022       USD        1.4926        1.4926  1086140.7200
01 36875603  10931  M  VIANCA35 X21TA                              2 819910000 819910000       0001639820000       000    0    0    0    0    0         1  7468999193647       20889232       20889232   510858740001  N  0                         19005 01/10/2024       USD        7.5488       15.0976  1086140.7200
02 36875603         63   12328478741    3747305986    1202768958   17278553685    0    0    0  000    0    0    0   07/12/2020 10:33:10 a.m.   PR           000           000             0            23           USD  1086140.7200      148.0100
