01 36874047  12586  M  ACICLOVIR KMPLUS 200MGX10                   2 136500000 136500000       000 273000000       000    0    0    0    0    0         1  6921875010748       20886196       20886196   510839040001  N  0                       2004421 01/04/2023       USD        1.3509        2.7018  1010404.1500
01 36874047  12247  C  AGUA OX. PAS 9% V40 120ML                   6  67340000  67340000       000 404040000  64646400    0    0    0    0    0         1  7593723002565       20886196       20886196   510839040001  N  0                       2009262 01/09/2023       USD        0.6664        3.9987  1010404.1500
01 36874047  MY019  M  ALANTAMIDA CREMA 20GR.                      1 408436363 408436363       000 408436363       000    0    0    0    0    0         1  7592601100645       20886196       20886196   510839040001  N  0                        906602 01/11/2022       USD        4.0423        4.0423  1010404.1500
01 36874047  PF204  M  ATAMEL FORTE 650MG. X10TA                  12 158861985 158861985       0001906343820       000    0    0    0    0    0         1  7591257000552       20886196       20886196   510839040001  N  0                     926132051 01/10/2022       USD        1.5722       18.8671  1010404.1500
01 36874047  GQ669  M  ATENOLOL ELTER 50X30                        2 142207000 142207000       000 284414000       000    0    0    0    0    0         1  7703763090341       20886196       20886196   510839040001  N  0                       3257271 01/10/2022       USD        1.4074        2.8148  1010404.1500
01 36874047  GN202  M  BABILIN SOL.GOTAS 30ML.                     2 154911900 154911900       000 309823800       000    0    0    0    0    0         1  7591585117649       20886196       20886196   510839040001  N  0                           024 01/05/2022       USD        1.5331        3.0663  1010404.1500
01 36874047  PO175  M  BACITRACINA PO UNG. 15 GR.                  2 214500000 214500000       000 429000000       000    0    0    0    0    0         1  7592806141016       20886196       20886196   510839040001  N  0                        008088 01/08/2023       USD        2.1229        4.2458  1010404.1500
01 36874047  PD565  M  BARGONIL UNG. 10GR.                         2 299000000 299000000       000 598000000       000    0    0    0    0    0         1  7591955000045       20886196       20886196   510839040001  N  0                          0084 01/05/2021       USD        2.9592        5.9184  1010404.1500
01 36874047  KL991  M  COROPRES 16MG. X30CO                        2 650000000 650000000       0001300000000       000    0    0    0    0    0         1  7591619520346       20886196       20886196   510839040001  N  0                          0004 01/10/2023       USD        6.4330       12.8661  1010404.1500
01 36874047  KL047  M  COROPRES H 16/12,5 X30CO                    2 702000000 702000000       0001404000000       000    0    0    0    0    0         1  7591619520360       20886196       20886196   510839040001  N  0                          0003 01/09/2023       USD        6.9477       13.8954  1010404.1500
01 36874047  KF190  M  DERMAZOL 0,05% CR.30GR.                     4 494000000 494000000       0001976000000       000    0    0    0    0    0         1  7591619519036       20886196       20886196   510839040001  N  0                          0054 01/10/2022       USD        4.8891       19.5565  1010404.1500
01 36874047  10797  M  DERMAZOL 0,05% L.CAP.25ML                   1 455000000 455000000       000 455000000       000    0    0    0    0    0         1  7591619519098       20886196       20886196   510839040001  N  0                          0014 01/11/2022       USD        4.5031        4.5031  1010404.1500
01 36874047  KF200  M  DERMAZOL 0,05% UNG.30GR.                    2 520000000 520000000       0001040000000       000    0    0    0    0    0         1  7591619519043       20886196       20886196   510839040001  N  0                          0044 01/10/2022       USD        5.1464       10.2929  1010404.1500
01 36874047  MY585  M  DOCE PLEX ELIXIR 120ML.                     1 392796970 392796970       000 392796970       000    0    0    0    0    0         1  7592601100331       20886196       20886196   510839040001  N  0                        001002 01/04/2022       USD        3.8875        3.8875  1010404.1500
01 36874047  PA050  M  ERILON 0,05% CREMA 15GR.                    1 231813601 244014317  12200716 231813601       000    0    0    5    0    0         1  7591243815757       20886196       20886196   510839040001  N  0                       9227202 01/10/2022       USD        2.2942        2.2942  1010404.1500
01 36874047  GM169  M  ESPIRONOLACTONA MY 100X10                   2 640151515 640151515       0001280303030       000    0    0    0    0    0         1  7592601301127       20886196       20886196   510839040001  N  0                        058103 01/08/2022       USD        6.3355       12.6711  1010404.1500
01 36874047  GM139  M  ESPIRONOLACTONA MY 25X20                    2 409696970 409696970       000 819393940       000    0    0    0    0    0         1  7592601300984       20886196       20886196   510839040001  N  0                        056805 01/10/2022       USD        4.0547        8.1095  1010404.1500
01 36874047  KL814  M  FARBICIL 1% CR.TOP. 15GR.                   1 234000000 234000000       000 234000000       000    0    0    0    0    0         1  7591619520377       20886196       20886196   510839040001  N  0                          0001 01/02/2023       USD        2.3159        2.3159  1010404.1500
01 36874047  KL804  M  FARBICIL LOC.1% 30CC.                       1 260000000 260000000       000 260000000       000    0    0    0    0    0         1  7591619520384       20886196       20886196   510839040001  N  0                          0003 01/05/2023       USD        2.5732        2.5732  1010404.1500
01 36874047  DT240  N  GLICERINA DT 30 X12                         1 778440000 778440000       000 778440000       000    0    0    0    0    0         1 17591616000664       20886196       20886196   510839040001  N  0                        667062 01/10/2023       USD        7.7042        7.7042  1010404.1500
01 36874047  LP425  M  GULAPER JBE.PED. 120ML.                     2 325000000 325000000       000 650000000       000    0    0    0    0    0         1  7591955001295       20886196       20886196   510839040001  N  0                          0041 01/11/2022       USD        3.2165        6.4330  1010404.1500
01 36874047  AH235  M  HEXOMEDINE COLUT.AER.30GR                   2 520000000 520000000       0001040000000       000    0    0    0    0    0         1  7591044401463       20886196       20886196   510839040001  N  0                         30840 01/10/2021       USD        5.1464       10.2929  1010404.1500
01 36874047  FA003  M  HIDROTEN 12,5MG. X30TA                      4 193417788 193417788       000 773671152       000    0    0    0    0    0         1  7591821903791       20886196       20886196   510839040001  N  0                       2006382 01/07/2022       USD        1.9142        7.6570  1010404.1500
01 36874047  AH295  M  LASIX 20MG. X24CO                           6 416000000 416000000       0002496000000       000    0    0    0    0    0         1  7592205000037       20886196       20886196   510839040001  N  0                       8VE0093 01/09/2021       USD        4.1171       24.7029  1010404.1500
01 36874047  AH295  M  LASIX 20MG. X24CO                           1 416000000 416000000       000 416000000       000    0    0    0    0    0         1  7592205000037       20886196       20886196   510839040001  N  0                         30706 01/06/2022       USD        4.1171        4.1171  1010404.1500
01 36874047  RZ340  M  LORADEX TAB. 10MG. X10                     12 106624180 106624180       0001279490160       000    0    0    0    0    0         1  7594001101383       20886196       20886196   510839040001  N  0                          5669 01/10/2023       USD        1.0552       12.6631  1010404.1500
01 36874047  13584  M  METRONIDAZOL 250MG 100SUS                   2 346381313 346381313       000 692762626       000    0    0    0    0    0         1  7598252101291       20886196       20886196   510839040001  N  0                        200573 01/05/2023       USD        3.4281        6.8562  1010404.1500
01 36874047  12802  M  METRONIDAZOL 500MG X100TA                   1 877500000 877500000       000 877500000       000    0    0    0    0    0         1  7702184010181       20886196       20886196   510839040001  N  0                       2006483 01/06/2022       USD        8.6846        8.6846  1010404.1500
01 36874047  FA514  M  NEURIXA 75MG. X14CA                         2 229314263 229314263       000 458628526       000    0    0    0    0    0         1  7591821903616       20886196       20886196   510839040001  N  0                       2003974 01/04/2022       USD        2.2695        4.5390  1010404.1500
01 36874047  NP024  M  NOTOLAC 20MG. X10TA                         3 176779898 176779898       000 530339694       000    0    0    0    0    0         1  7591821902022       20886196       20886196   510839040001  N  0                       2007527 01/08/2023       USD        1.7495        5.2487  1010404.1500
01 36874047  LP220  M  PROTOSULFIL 1% CR. 30GR.                    2 325000000 325000000       000 650000000       000    0    0    0    0    0         1  7591955001486       20886196       20886196   510839040001  N  0                          0285 01/05/2022       USD        3.2165        6.4330  1010404.1500
01 36874047  12811  M  SOL. FISIOL 0.9% BP 500ML                   4 113750000 113750000       000 455000000       000    0    0    0    0    0         1  7592253003066       20886196       20886196   510839040001  N  0                    1912261908 01/12/2025       USD        1.1257        4.5031  1010404.1500
02 36874047         90   24700157682     404040000      64646400   25168844082    0    0    0  000    0    0    0   03/12/2020 10:30:31 a.m.   PR           000           000             0            32           USD  1010404.1500      248.4600
