01 36884095  DP105  M  BACITRACINA DP UNG. 15GR.                   2 110654890 117717968  14126156 221309780       000    0    0    6    0    0         1  7592616021010       20897734       20897734   510943740001  N  0                         01078 01/10/2023       USD        1.0289        2.0578  1075442.1600
01 36884095  VP534  M  CARVIX CAPS.BLANDAS X30                     2 299720769 308990484  18539430 599441538       000    0    0    3    0    0         1  7592432009728       20897734       20897734   510943740001  N  0                        200253 01/09/2023       USD        2.7869        5.5739  1075442.1600
01 36884095  12178  M  CIPROFLOXACI BM500 X100TA                   113650000001365000000       0001365000000       000    0    0    0    0    0         1  6930169708254       20897734       20897734   510943740001  N  0                        190555 01/04/2022       USD       12.6924       12.6924  1075442.1600
01 36884095  11288  M  COLYPAN 200MG. X10TA                        4 325242322 335301363  402361641300969288       000    0    0    3    0    0         1  7591821210264       20897734       20897734   510943740001  N  0                       2011025 01/11/2023       USD        3.0242       12.0970  1075442.1600
01 36884095  RZ140  M  DICLODEX 50MG. X20TA                       12 213435040 213435040       0002561220480       000    0    0    0    0    0         1  7594001101376       20897734       20897734   510943740001  N  0                          5653 01/09/2022       USD        1.9846       23.8155  1075442.1600
01 36884095  FA021  M  FITEX  TAB 5MG X10                          2 179961513 179961513       000 359923026       000    0    0    0    0    0         1  7591821904323       20897734       20897734   510943740001  N  0                       2007505 01/09/2022       USD        1.6733        3.3467  1075442.1600
01 36884095  12147  M  LEVONORGESTREL MF1,5 X1TA                   4 292500000 325000000 1300000001170000000       000    0    0   10    0    0         1  7502214985935       20897734       20897734   510943740001  N  0                       9FH132A 01/06/2021       USD        2.7198       10.8792  1075442.1600
01 36884095  11502  M  LOPERAM 2MG. X10TA                          4 270097095 270097095       0001080388380       000    0    0    0    0    0         1  7592349723571       20897734       20897734   510943740001  N  0                       2007443 01/07/2025       USD        2.5114       10.0459  1075442.1600
01 36884095  PA082  M  MONTRAX TAB. 10MG. X30                      4 529118363 529118363       0002116473452       000    0    0    0    0    0         1  7591243834185       20897734       20897734   510943740001  N  0                       9235502 01/09/2022       USD        4.9200       19.6800  1075442.1600
01 36884095  MY270  M  MULTIVIRAL CAPS. X 30                       2 590158730 590158730       0001180317460       000    0    0    0    0    0         1  7592601100492       20897734       20897734   510943740001  N  0                        002106 01/11/2022       USD        5.4875       10.9751  1075442.1600
01 36884095  LO320  M  TODEX 0,3%-0,1%SU.OF.5ML                   12 189524530 189524530       0002274294360       000    0    0    0    0    0         1  7591196000514       20897734       20897734   510943740001  N  0                        100114 01/11/2022       USD        1.7622       21.1475  1075442.1600
01 36884095  12081  M  XANEXTRA 500MG. IV X1A.                     2 215146294 215146294       000 430292588       000    0    0    0    0    0         1       75971335       20897734       20897734   510943740001  N  0                       2220116 01/07/2023       USD        2.0005        4.0010  1075442.1600
01 36884095  ET340  C  ADEMINA PLUS CR.CORP. 30GR.                 4 202800000 202800000       000 811200000 129792000    0    0    0    0    0         2  7591844000439       20897734       20897734   510943740002  N  0                    AP30200114 01/10/2023       USD        1.8857        7.5429  1075442.1600
01 36884095  10486  C  CHUP SIL.ORTO TOMI T.0+M                    2  81807700  81807700       000 163615400  26178464    0    0    0    0    0         2  8859140112195       20897734       20897734   510943740002  N  0                        734120 01/12/2030       USD        0.7606        1.5213  1075442.1600
01 36884095  11143  N  BEUSAN CEB.MORADA JBE.240                   2 221162500 221162500       000 442325000       000    0    0    0    0    0         3  7592710001260       20897734       20897734   510943740003  N  0                       1360412 01/12/2022       USD        2.0564        4.1129  1075442.1600
01 36884095  11142  N  BEUSAN EXPECTO JBE.240ML                    3 221162500 221162500       000 663487500       000    0    0    0    0    0         3  7592710001277       20897734       20897734   510943740003  N  0                       1343011 01/11/2022       USD        2.0564        6.1694  1075442.1600
01 36884095  QO540  M  BROXOL ALERG S.ORAL 100ML                   2 381745000 381745000       000 763490000       000    0    0    0    0    0         3  7592454889513       20897734       20897734   510943740003  N  0                       3256024 01/10/2022       USD        3.5496        7.0993  1075442.1600
01 36884095  PM190  M  CLODOXIN JBE. 120ML.                        2 256427730 256427730       000 512855460       000    0    0    0    0    0         3  7594001100577       20897734       20897734   510943740003  N  0                          5493 01/11/2023       USD        2.3843        4.7687  1075442.1600
01 36884095  GN180  M  DESLORATADINA GN JBE.90ML                   4 244920000 244920000       000 979680000       000    0    0    0    0    0         3  7591585277442       20897734       20897734   510943740003  N  0                          0501 01/09/2022       USD        2.2773        9.1095  1075442.1600
01 36884095  11260  M  PEDIACORT SOL.PED. 60ML.                    2 438652000 438652000       000 877304000       000    0    0    0    0    0         3  7591196006097       20897734       20897734   510943740003  N  0                        030700 01/04/2023       USD        4.0788        8.1576  1075442.1600
01 36884095  EL167  M  PEREBRON JBE.AD.FRANB120                    2 219914630 219914630       000 439829260       000    0    0    0    0    0         3  7591062011217       20897734       20897734   510943740003  N  0                        20065A 01/06/2022       USD        2.0448        4.0897  1075442.1600
01 36884095  OJ033  N  TOTUMO PLUS HP JBE. 240ML                   2  88066155  88066155       000 176132310       000    0    0    0    0    0         3  7592710001284       20897734       20897734   510943740003  N  0                       0712105 01/05/2022       USD        0.8188        1.6377  1075442.1600
02 36884095         76   19514733882     974815400     155970464   20645519746    0    0    0  000    0    0    0   17/12/2020 10:32:56 a.m.   PR           000           000             0            22           USD  1075442.1600      190.5200
