01 36899005  LN260  M  ACICLOVIR LN 200MG. X25TA                   2 592962276 592962276       0001185924552       000    0    0    0    0    0         1  7592348201100       20915097       20915097   511099950001  N  0                       2006053 01/06/2023       USD        4.5001        9.0002  1317659.5800
01 36899005  LN001  M  ACICLOVIR LN CR.TOP. 20GR.                  3 474413728 474413728       0001423241184       000    0    0    0    0    0         1  7592348201117       20915097       20915097   511099950001  N  0                       2006100 01/06/2023       USD        3.6004       10.8012  1317659.5800
01 36899005  MK088  M  AZITROMICINA +MK 500 X 3                   10 242112000 249600000  748800002421120000       000    0    0    3    0    0         1  7591519002027       20915097       20915097   511099950001  N  0                         31531 01/10/2022       USD        1.8374       18.3743  1317659.5800
01 36899005  12193  M  AZITROMICINA AL200 22,5ML                   8 373731961 373731961       0002989855688       000    0    0    0    0    0         1  7597758000152       20915097       20915097   511099950001  N  0                         DL073 01/08/2022       USD        2.8363       22.6906  1317659.5800
01 36899005  GN629  M  AZITROMICINA GN 500 X 5                     6 422500000 422500000       0002535000000       000    0    0    0    0    0         1  7591585279460       20915097       20915097   511099950001  N  0                           315 01/10/2022       USD        3.2064       19.2386  1317659.5800
01 36899005  EL009  M  BRUGESIC 200MG. X10CO                      10 117177190 117177190       0001171771900       000    0    0    0    0    0         1  7591062902379       20915097       20915097   511099950001  N  0                        20048A 01/05/2022       USD        0.8892        8.8928  1317659.5800
01 36899005  EL920  M  BRUGESIC 400MG CO X 10                      6 161644470 161644470       000 969866820       000    0    0    0    0    0         1  7591062902546       20915097       20915097   511099950001  N  0                        20112B 01/09/2022       USD        1.2267        7.3605  1317659.5800
01 36899005  VP534  M  CARVIX CAPS.BLANDAS X30                     4 474059599 474059599       0001896238396       000    0    0    0    0    0         1  7592432009728       20915097       20915097   511099950001  N  0                        200254 01/09/2023       USD        3.5977       14.3909  1317659.5800
01 36899005  PM110  M  CLODOXIN GOTAS PED. 30ML.                   6 253531460 253531460       0001521188760       000    0    0    0    0    0         1  7594001100560       20915097       20915097   511099950001  N  0                          5699 01/10/2022       USD        1.9241       11.5446  1317659.5800
01 36899005  LO509  M  DESLORAT 0,5MG. JBE.60ML.                  10 253074553 253074553       0002530745530       000    0    0    0    0    0         1  7591196004161       20915097       20915097   511099950001  N  0                       I100020 01/10/2022       USD        1.9206       19.2063  1317659.5800
01 36899005  12573  M  DIPIRONA KMPLUS 500 X10TA                   1 114400000 114400000       000 114400000       000    0    0    0    0    0         1  6921875010861       20915097       20915097   511099950001  N  0                       2004434 01/04/2023       USD        0.8682        0.8682  1317659.5800
01 36899005  PA184  N  FLEXURAT 500/400 X30TA                      111484816291148481629       0001148481629       000    0    0    0    0    0         1  7591241817968       20915097       20915097   511099950001  N  0                       9218802 01/07/2022       USD        8.7160        8.7160  1317659.5800
01 36899005  12147  M  LEVONORGESTREL MF1,5 X1TA                   8 481000000 481000000       0003848000000       000    0    0    0    0    0         1  7502214985935       20915097       20915097   511099950001  N  0                       9FH132A 01/06/2021       USD        3.6504       29.2032  1317659.5800
01 36899005  NP640  M  MACRODANTINA 50MG. X30CA                    2 664149285 664149285       0001328298570       000    0    0    0    0    0         1  7591821901858       20915097       20915097   511099950001  N  0                       2008110 01/10/2023       USD        5.0403       10.0807  1317659.5800
01 36899005  AY201  C  MACROGOTERO KX 1Y21-1 1/2                  12  44200000  44200000       000 530400000       000    0    0    0    0    0         1   813333014541       20915097       20915097   511099950001  N  0                        191101 01/12/2024       USD        0.3354        4.0253  1317659.5800
01 36899005  PG110  M  NINAZO GOTAS AD. 15ML.                     12 149497516 149497516       0001793970192       000    0    0    0    0    0         1  7591821802957       20915097       20915097   511099950001  N  0                       2009009 01/03/2022       USD        1.1345       13.6148  1317659.5800
01 36899005  13505  M  PEDIALY MAX 60 COCO 500ML                   4 430090556 430090556       0001720362224       000    0    0    0    0    0         1  7501033961540       20915097       20915097   511099950001  N  0                       21442MC 01/09/2022       USD        3.2640       13.0561  1317659.5800
01 36899005  PM190  M  CLODOXIN JBE. 120ML.                        6 351990860 351990860       0002111945160       000    0    0    0    0    0         2  7594001100577       20915097       20915097   511099950002  N  0                          5493 01/11/2023       USD        2.6713       16.0280  1317659.5800
01 36899005  NQ110  N  GLUCOSAMINE+CHONDROX30VAL                   2 839800000 839800000       0001679600000       000    0    0    0    0    0         2   714439705503       20915097       20915097   511099950002  N  0                        321020 01/10/2024       USD        6.3734       12.7468  1317659.5800
01 36899005  11260  M  PEDIACORT SOL.PED. 60ML.                    4 438652000 438652000       0001754608000       000    0    0    0    0    0         2  7591196006097       20915097       20915097   511099950002  N  0                        030699 01/04/2023       USD        3.3290       13.3160  1317659.5800
01 36899005  13507  M  PEDIALY MAX 60 FRES 500ML                   4 430090556 430090556       0001720362224       000    0    0    0    0    0         2  7501033961557       20915097       20915097   511099950002  N  0                       20451MC 01/08/2022       USD        3.2640       13.0561  1317659.5800
01 36899005  13508  M  PEDIALY MAX 60 MANZ 500ML                   4 430090556 430090556       0001720362224       000    0    0    0    0    0         2  7501033957369       20915097       20915097   511099950002  N  0                       18425MC 01/06/2022       USD        3.2640       13.0561  1317659.5800
02 36899005        125   37585343053     530400000           000   38115743053    0    0    0  000    0    0    0   11/01/2021 10:37:53 a.m.   PR           000           000             0            22           USD  1317659.5800      289.2700
