01 36919093  LO124  M  AIRON 10MG. X10TA                           6 331012500 341250000  614250001986075000       000    0    3    0    0    0         1  7591196002563       20936818       20936818   511297100001  N  0                       I090010 01/10/2022
01 36919093  VP610  M  CETIRIVAX 10MG. X10CA.BL.                   6 212421161 218990888  394183621274526966       000    0    3    0    0    0         1  7592432001654       20936818       20936818   511297100001  N  0                        200226 01/09/2023
01 36919093  KF190  M  DERMAZOL 0,05% CR.30GR.                     3 643110000 663000000  596700001929330000       000    0    3    0    0    0         1  7591619519036       20936818       20936818   511297100001  N  0                          0056 01/10/2022
01 36919093  KF190  M  DERMAZOL 0,05% CR.30GR.                     1 643110000 663000000  19890000 643110000       000    0    3    0    0    0         1  7591619519036       20936818       20936818   511297100001  N  0                          0056 01/10/2022
01 36919093  NP640  M  MACRODANTINA 50MG. X30CA                    2 664149285 664149285       0001328298570       000    0    0    0    0    0         1  7591821901858       20936818       20936818   511297100001  N  0                       2008147 01/10/2023
01 36919093  CE120  M  NIOSILIN UNG. 20GR.TUBO                     2 509600000 637000000 2548000001019200000       000    0    0   20    0    0         1  7594003280048       20936818       20936818   511297100001  N  0                       2008020 01/08/2022
01 36919093  ET340  C  ADEMINA PLUS CR.CORP. 30GR.                 3 262288000 270400000  24336000 786864000 125898240    0    3    0    0    0         2  7591844000439       20936818       20936818   511297100002  N  0                    AP30200114 01/10/2023
01 36919093  ET340  C  ADEMINA PLUS CR.CORP. 30GR.                 1 262288000 270400000   8112000 262288000  41966080    0    3    0    0    0         2  7591844000439       20936818       20936818   511297100002  N  0                    AP30200114 01/10/2023
01 36919093  14055  C  VASELINA BIO+  90GR                         4 585000000 585000000       0002340000000 374400000    0    0    0    0    0         2  7591885000313       20936818       20936818   511297100002  N  0                          1225 01/12/2025
01 36919093  KN170  M  ESPARFLIN JBE. 50ML.                       12 247000000 247000000       0002964000000       000    0    0    0    0    0         3  7591955558294       20936818       20936818   511297100003  N  0                          0017 01/08/2021
01 36919093  13507  M  PEDIALY MAX 60 FRES 500ML                   3 453998531 468039723  421235761361995593       000    0    3    0    0    0         3  7501033961557       20936818       20936818   511297100003  N  0                       20451MC 01/08/2022
01 36919093  13508  M  PEDIALY MAX 60 MANZ 500ML                   3 453998531 468039723  421235761361995593       000    0    3    0    0    0         3  7501033957369       20936818       20936818   511297100003  N  0                       18425MC 01/06/2022
02 36919093         46   13868531722    3389152000     542264320   17799948042    0    0    0  000    0    0    0   04/02/2021 08:21:59 a.m.   PR           000           000             0            12
