01 36915285  PO280  M  AMIKACINA PO500 2ML.1AMP.                   6 340470000 351000000  631800002042820000       000    0    0    3    0    0         1  7592806112030       20933403       20933403   511261270001  N  0                        002015 01/02/2023       USD        1.8669       11.2019  1823627.3200
01 36915285  13895  M  AMOXI+AC 250/62.5X60 MVGA                   2 845000000 845000000       0001690000000       000    0    0    0    0    0         1  7750215007204       20933403       20933403   511261270001  N  0                       2066610 01/06/2022       USD        4.6336        9.2672  1823627.3200
01 36915285  PO180  M  BACTRON SUSP. 100ML.                        4 499356000 514800000  617760001997424000       000    0    0    3    0    0         1  7592806122015       20933403       20933403   511261270001  N  0                        009099 01/09/2025       USD        2.7382       10.9530  1823627.3200
01 36915285  10884  N  CASTA?O DE INDIAS AI 60CA                   4 977298010 977298010       0003909192040       000    0    0    0    0    0         1  7592946007104       20933403       20933403   511261270001  N  0                      17207104 01/09/2023       USD        5.3590       21.4363  1823627.3200
01 36915285  12142  M  CEFADROXILO BM500 X100TA                    149400000004940000000       0004940000000       000    0    0    0    0    0         1  6930169708308       20933403       20933403   511261270001  N  0                        190436 01/03/2022       USD       27.0888       27.0888  1823627.3200
01 36915285  11004  M  DOBRACID LP 300MG. X30CO                    4 931190000 931190000       0003724760000       000    0    0    0    0    0         1  7591585114327       20933403       20933403   511261270001  N  0                           012 01/10/2023       USD        5.1062       20.4250  1823627.3200
01 36915285  MK076  M  ENALAPRIL +MK 20MG.X30TA                    4 435045000 448500000  538200001740180000       000    0    0    3    0    0         1  7591519051643       20933403       20933403   511261270001  N  0                         31469 01/09/2022       USD        2.3856        9.5424  1823627.3200
01 36915285  FA019  M  FITEX  5MG. X30TA                           4 443135684 456840911  548209081772542736       000    0    0    3    0    0         1  7591821904316       20933403       20933403   511261270001  N  0                       2006361 01/07/2022       USD        2.4299        9.7198  1823627.3200
01 36915285  TA003  M  FITEX 20MG. ORODISP. X1TA                   4  65719514  65719514       000 262878056       000    0    0    0    0    0         1  7592229004424       20933403       20933403   511261270001  N  0                       1904445 01/05/2021       USD        0.3603        1.4415  1823627.3200
01 36915285  FA017  M  FITEX 20MG. X2TA                           12 114511558 114511558       0001374138696       000    0    0    0    0    0         1  7591821904309       20933403       20933403   511261270001  N  0                       1908512 01/09/2021       USD        0.6279        7.5351  1823627.3200
01 36915285  11499  M  FULGRAM 875MG-125MG X16CO                   312497972761288450800 1159605723749391828       000    0    0    3    0    0         1  7591585213198       20933403       20933403   511261270001  N  0                           593 01/11/2022       USD        6.8533       20.5600  1823627.3200
01 36915285  MG604  M  FULGRAM SUSP. 600/42,9 60CC                 2 884520000 884520000       0001769040000       000    0    0    0    0    0         1  7591585113139       20933403       20933403   511261270001  N  0                           319 01/06/2022       USD        4.8503        9.7006  1823627.3200
01 36915285  LT023  M  LONGACEF 400MG. X5CA                        225668033302646189000 1587713405133606660       000    0    0    3    0    0         1  7591585112224       20933403       20933403   511261270001  N  0                           036 01/10/2022       USD       14.0752       28.1505  1823627.3200
01 36915285  LY210  M  METRIS INF. 500MG. 100ML.                   4 128138598 128138598       000 512554392       000    0    0    0    0    0         1  8907695041085       20933403       20933403   511261270001  N  0                       1193228 01/05/2021       USD        0.7026        2.8106  1823627.3200
01 36915285  CO540  M  MIOVIT COMP.AMP.3ML. X3 KIT                 4 9999308651030856562 1237027883999723460       000    0    0    3    0    0         1  7591818026366       20933403       20933403   511261270001  N  0                           310 01/08/2023       USD        5.4831       21.9327  1823627.3200
01 36915285  GP480  M  NAFINA CREMA 1% 15GR.                       6 247000000 247000000       0001482000000       000    0    0    0    0    0         1  7594000491164       20933403       20933403   511261270001  N  0                          0023 01/07/2022       USD        1.3544        8.1266  1823627.3200
01 36915285  LO414  M  NAS SOL.GOTAS AD. 15ML.                     6 203125000 203125000       0001218750000       000    0    0    0    0    0         1  7591196003140       20933403       20933403   511261270001  N  0                        110830 01/11/2022       USD        1.1138        6.6831  1823627.3200
01 36915285  LC180  M  NASIN 0,5MG.SO.NASAL 15ML                   3 322608000 322608000       000 967824000       000    0    0    0    0    0         1  7591585110930       20933403       20933403   511261270001  N  0                           172 01/11/2024       USD        1.7690        5.3071  1823627.3200
01 36915285  LC180  M  NASIN 0,5MG.SO.NASAL 15ML                   1 322608000 322608000       000 322608000       000    0    0    0    0    0         1  7591585110930       20933403       20933403   511261270001  N  0                           172 01/11/2024       USD        1.7690        1.7690  1823627.3200
01 36915285  11445  M  PASIM 10MG. GOTAS 15ML.                     4 325000000 325000000       0001300000000       000    0    0    0    0    0         1  7591619520254       20933403       20933403   511261270001  N  0                          0003 01/02/2023       USD        1.7821        7.1286  1823627.3200
01 36915285  GN814  M  SULTAMICILINA GN 250 75ML.                  213785408001378540800       0002757081600       000    0    0    0    0    0         1  7591585377944       20933403       20933403   511261270001  N  0                           521 01/03/2022       USD        7.5593       15.1186  1823627.3200
02 36915285         82   46666515468           000           000   46666515468    0    0    0  000    0    0    0   31/01/2021 09:09:09 a.m.   PR           000           000             0            21           USD  1823627.3200      255.9000
