01 36929319  14108  M  ACETAMINOFEN 500MGX20                      12 107900000 107900000       0001294800000       000    0    0    0    0    0         1  7592236001973       20948024       20948024   511400530001  N  0                     TA1460001 01/06/2023
01 36929319  ET350  C  ADEMINA PLUS CR.CORP. 60GR.                 4 536406000 536406000       0002145624000 343299840    0    0    0    0    0         1  7591844000446       20948024       20948024   511400530001  N  0                    AP60200113 01/10/2023
01 36929319  12230  C  AGUA OX. PAS 9% V30 120ML                   8 111930000 111930000       000 895440000 143270400    0    0    0    0    0         1  7593723002558       20948024       20948024   511400530001  N  0                       2011363 01/11/2023
01 36929319  ZV004  N  ARNICA+CALEND.VIHOM BOL90                   4 507000000 507000000       0002028000000       000    0    0    0    0    0         1  7593533004513       20948024       20948024   511400530001  N  0                     010419721 01/04/2022
01 36929319  GT119  M  ASAPROL 81MG. X100CO                        6 882107330 909389000 1636900205292643980       000    0    3    0    0    0         1  7591585261236       20948024       20948024   511400530001  N  0                           146 01/12/2022
01 36929319  FF450  M  BUDESONIDA MF 50MCG.200D                    321216000002121600000       0006364800000       000    0    0    0    0    0         1  7591096000898       20948024       20948024   511400530001  N  0                      069P003C 01/07/2022
01 36929319  12142  M  CEFADROXILO BM500 X100TA                    255575000005557500000       000       000       000    0    0    0    0    0         1  6930169708308       20948024       20948024   511400530001  N  0                        190437 01/03/2022
01 36929319  KF200  M  DERMAZOL 0,05% UNG.30GR.                    3 743990000 767000000  690300002231970000       000    0    3    0    0    0         1  7591619519043       20948024       20948024   511400530001  N  0                          0045 01/10/2022
01 36929319  KF200  M  DERMAZOL 0,05% UNG.30GR.                    1 743990000 767000000  23010000 743990000       000    0    3    0    0    0         1  7591619519043       20948024       20948024   511400530001  N  0                          0045 01/10/2022
01 36929319  11391  C  EVERY N.AC DA?ADO200                        2 244213076 244213076       000 488426152  78148184    0    0    0    0    0         1  7590005226152       20948024       20948024   511400530001  N  0                       2010240 01/10/2022
01 36929319  13510  C  EVERY N.D.BOL.BIO BABY P.                   3 171890621 177206826  15948615 515671863  82507498    0    3    0    0    0         1  7590005162801       20948024       20948024   511400530001  N  0                       2101179 01/01/2023
01 36929319  13510  C  EVERY N.D.BOL.BIO BABY P.                   1 171890621 177206826   5316205 171890621  27502499    0    3    0    0    0         1  7590005162801       20948024       20948024   511400530001  N  0                       2101179 01/01/2023
01 36929319  13511  C  EVERY N.D.BOL.BIO NATUREL                   4 177206826 177206826       000 708827304 113412369    0    0    0    0    0         1  7590005162818       20948024       20948024   511400530001  N  0                       2101181 01/01/2023
01 36929319  13513  C  EVERY N.D.BOL.BIO POWDER9                   4 177206826 177206826       000 708827304 113412369    0    0    0    0    0         1  7590005162832       20948024       20948024   511400530001  N  0                     PS2012021 01/12/2022
01 36929319  13512  C  EVERY N.D.BOL.BIO SPRING9                   4 177206826 177206826       000 708827304 113412369    0    0    0    0    0         1  7590005162825       20948024       20948024   511400530001  N  0                       2011005 01/10/2022
01 36929319  11841  C  EVERY N.LOC CORP.MILK 200                   2 284691323 284691323       000 569382646  91101223    0    0    0    0    0         1  7590005166656       20948024       20948024   511400530001  N  0                       2101058 01/01/2023
01 36929319  14236  M  MAALOX PLUS MENTA X50TA                     212922650001292265000       0002584530000       000    0    0    0    0    0         1  7501165003088       20948024       20948024   511400530001  N  0                       AMXA001 01/01/2022
01 36929319  AH335  M  MAALOX SUSP.MENTA 180ML.                    210784150001078415000       0002156830000       000    0    0    0    0    0         1  7501072325396       20948024       20948024   511400530001  N  0                       AMXA003 01/06/2022
01 36929319  14013  M  MAALOXREFLUX SUSP. 180CC                    220407400002040740000       0004081480000       000    0    0    0    0    0         1  7501165009837       20948024       20948024   511400530001  N  0                       AMXA002 01/02/2022
01 36929319  CO125  M  PINVEX SOL.TOP.BUCAL 10ML                   6 247768031 364901371 7028000401486608186       000    0    3   30    0    0         1  7591818111055       20948024       20948024   511400530001  N  0                         00297 01/07/2025
01 36929319  CO125  M  PINVEX SOL.TOP.BUCAL 10ML                   2 247768031 364901371 234266680 495536062       000    0    3   30    0    0         1  7591818111055       20948024       20948024   511400530001  N  0                         00297 01/07/2025
01 36929319  13528  C  PROTECTO LAB. CACAO 4.2GR                   6 100100000 100100000       000 600600000  96096000    0    0    0    0    0         1  7591415011772       20948024       20948024   511400530001  N  0                           10X 01/12/2030
01 36929319  12786  C  TINT DE LA VEGA7.3 AVELLA                   3 897000000 897000000       0002691000000 430560000    0    0    0    0    0         1  7501289901529       20948024       20948024   511400530001  N  0                         94080 01/01/2025
02 36929319         86   39876188228   10204517194    1632722751   51713428173    0    0    0  000    0    0    0   19/02/2021 08:11:33 a.m.   PR           000           000             0            23
