01 36926409  LO504  M  ACETAB 250MG. X20TA                         3 641875000 641875000       0001925625000       000    0    0    0    0    0         1  7591196004802       20944617       20944617   511373570001  N  0                       I100013 01/10/2022       USD        3.6301       10.8905  1768156.5700
01 36926409  LN001  M  ACICLOVIR LN CR.TOP. 20GR.                  3 609375001 609375001       0001828125003       000    0    0    0    0    0         1  7592348201117       20944617       20944617   511373570001  N  0                       2006100 01/06/2023       USD        3.4463       10.3391  1768156.5700
01 36926409  HH170  M  BETACTIV CREMA 0,05% 25GR.                  3 772850000 772850000       0002318550000       000    0    0    0    0    0         1  8904091147700       20944617       20944617   511373570001  N  0                      10193000 01/11/2021       USD        4.3709       13.1128  1768156.5700
01 36926409  FA022  M  BONAMES 150MG. X1TA                         3 393583428 405756111  365180491180750284       000    0    3    0    0    0         1  7591821903326       20944617       20944617   511373570001  N  0                       1911265 01/11/2023       USD        2.2259        6.6778  1768156.5700
01 36926409  12570  M  BUDECORT SOL.P INHAL10ML.                  12 361562500 361562500       0004338750000       000    0    0    0    0    0         1  7591196007162       20944617       20944617   511373570001  N  0                        011230 01/01/2023       USD        2.0448       24.5382  1768156.5700
01 36926409  DP440  M  CAPTOPRIL DP 25MG. X20TA                    3 225778125 232760954  20948487 677334375       000    0    3    0    0    0         1  7592616576145       20944617       20944617   511373570001  N  0                         00660 01/07/2022       USD        1.2769        3.8307  1768156.5700
01 36926409  PM115  M  CLODOXIN 10MG. X20CO                        3 256588800 256588800       000 769766400       000    0    0    0    0    0         1  7594001100584       20944617       20944617   511373570001  N  0                          5753 01/11/2022       USD        1.4511        4.3534  1768156.5700
01 36926409  KN350  M  CURPINOL 12,5MG. X30CO                      3 706160000 728000000  655200002118480000       000    0    3    0    0    0         1  7591955558232       20944617       20944617   511373570001  N  0                          0024 01/03/2023       USD        3.9937       11.9812  1768156.5700
01 36926409  KN340  M  CURPINOL 6,25MG. X30CO                      3 428740000 442000000  397800001286220000       000    0    3    0    0    0         1  7591955558218       20944617       20944617   511373570001  N  0                          0029 01/11/2023       USD        2.4247        7.2743  1768156.5700
01 36926409  LT046  M  GENLET 200MG. X20CO                         311511290701186731000 1068057903453387210       000    0    3    0    0    0         1  7591585110183       20944617       20944617   511373570001  N  0                           049 01/10/2022       USD        6.5103       19.5310  1768156.5700
01 36926409  TQ530  M  GLIDAN 80MG. X20TA                          3 455000000 455000000       0001365000000       000    0    0    0    0    0         1  7591955002469       20944617       20944617   511373570001  N  0                          0024 01/09/2022       USD        2.5733        7.7199  1768156.5700
01 36926409  VP194  M  MELOVAX 15MG. X10CAPS.BL.                   6 407088804 419679179  755422502442532824       000    0    3    0    0    0         1  7592432007427       20944617       20944617   511373570001  N  0                        200189 01/08/2023       USD        2.3023       13.8140  1768156.5700
01 36926409  KL419  M  MIGRADORIXINA 125-1 X10CO                   3 441350000 455000000  409500001324050000       000    0    3    0    0    0         1  7591619518688       20944617       20944617   511373570001  N  0                          0010 01/12/2022       USD        2.4961        7.4883  1768156.5700
01 36926409  LO459  M  QUINOMAX 0,50% S.OFT. 5ML                   3 292500000 292500000       000 877500000       000    0    0    0    0    0         1  7591196003416       20944617       20944617   511373570001  N  0                        090000 01/09/2022       USD        1.6542        4.9627  1768156.5700
01 36926409  ED195  M  VIZERUL 300MG. X10CO                        3 317850000 317850000       000 953550000       000    0    0    0    0    0         1  7592803001023       20944617       20944617   511373570001  N  0                      2008424D 01/10/2023       USD        1.7976        5.3929  1768156.5700
01 36926409  LN110  C  DIADEX PHIS JABON 120ML.                    3 265816205 265816205       000 797448615 127591778    0    0    0    0    0         2  7592348208208       20944617       20944617   511373570002  N  0                   01519800002 01/09/2024       USD        1.5033        4.5100  1768156.5700
01 36926409  CR026  C  LOCION INTYFEN INTI 200ML                   3 379537994 379537994       0001138613982 182178237    0    0    0    0    0         2  7591248743215       20944617       20944617   511373570002  N  0                   00420812386 01/09/2022       USD        2.1465        6.4395  1768156.5700
01 36926409  10324  C  LOCION JAB AVISPA 120ML.                    3 389350030 389350030       0001168050090 186888014    0    0    0    0    0         2  7591635910206       20944617       20944617   511373570002  N  0                       0521120 01/11/2022       USD        2.2020        6.6060  1768156.5700
01 36926409  10599  C  LOCION LIMP MIMADITO200ML                   3 421596406 421596406       0001264789218 202366275    0    0    0    0    0         2  7591248741211       20944617       20944617   511373570002  N  0                   00320812387 01/08/2022       USD        2.3843        7.1531  1768156.5700
01 36926409  10856  C  TOALLAS H MIMLOT ALOE 72U                   3 226223400 233220000  20989800 678670200 108587232    0    3    0    0    0         2   661799967129       20944617       20944617   511373570002  N  0                          5879 01/10/2023       USD        1.2794        3.8382  1768156.5700
02 36926409         72   26859621096    5047572105     807611537   32714804738    0    0    0  000    0    0    0   16/02/2021 08:10:55 a.m.   PR           000           000             0            20           USD  1768156.5700      180.4500
