01 36937187  GQ909  M  ATORVASTATINA ELTER 40X14                   6 682552000 85319000010238280004095312000       000    0    0   20    0    0         1  7703763200887       20956051       20956051   511479310001  N  0                       3261958 01/02/2023       USD        3.6581       21.9486  1865858.0000
01 36937187  PA275  M  BETAGEN SOLSPEN 1ML.1AMP.                   6 598314110 598314110       0003589884660       000    0    0    0    0    0         1  7591243804409       20956051       20956051   511479310001  N  0                         91880 01/01/2022       USD        3.2066       19.2398  1865858.0000
01 36937187  11498  M  DARLIDE 1000UI X30CA.BLA                    3 448500000 448500000       0001345500000       000    0    0    0    0    0         1  7593090002311       20956062       20956062   511479310001  N  0                        200318 01/11/2022       USD        2.4037        7.2111  1865858.0000
01 36937187  PA176  M  DECA LENTERMINA C. X2AMP.                   3 741131464 741131464       0002223394392       000    0    0    0    0    0         1  7591243811445       20956062       20956062   511479310001  N  0                       9211901 01/09/2022       USD        3.9720       11.9162  1865858.0000
01 36937187  KN101  M  DENUAL 150MG. X1CO                          3 624000000 624000000       0001872000000       000    0    0    0    0    0         1  7591619517605       20956062       20956062   511479310001  N  0                          0003 01/11/2023       USD        3.3443       10.0329  1865858.0000
01 36937187  LO509  M  DESLORAT 0,5MG. JBE.60ML.                   6 326504594 326504594       0001959027564       000    0    0    0    0    0         1  7591196004161       20956062       20956062   511479310001  N  0                       I110034 01/01/2023       USD        1.7498       10.4993  1865858.0000
01 36937187  14022  M  DEXTROSA 5%X500ML                           3 249600000 249600000       000 748800000       000    0    0    0    0    0         1  6942189211379       20956051       20956051   511479310001  N  0                        200983 01/09/2023       USD        1.3377        4.0131  1865858.0000
01 36937187  PA994  M  DIAGESIC SUSP.ORAL 120ML.                   3 553419833 553419833       0001660259499       000    0    0    0    0    0         1  7591243811728       20956051       20956051   511479310001  N  0                       9172802 01/07/2022       USD        2.9660        8.8981  1865858.0000
01 36937187  14177  C  FLUOCARDENT  FRES.MAX100G                   3 221000000 221000000       000 663000000 106080000    0    0    0    0    0         1  7702560041761       20956062       20956062   511479310001  N  0                      GO756424 01/07/2023       USD        1.1844        3.5533  1865858.0000
01 36937187  14178  C  FLUOCARDENT FRES MAX 134G                   3 286000000 286000000       000 858000000 137280000    0    0    0    0    0         1  7702560041778       20956062       20956062   511479310001  N  0                        757197 01/08/2023       USD        1.5328        4.5984  1865858.0000
01 36937187  14176  C  FLUOCARDENT P.CARIES 150G                   3 325000000 325000000       000 975000000 156000000    0    0    0    0    0         1  7702560042157       20956062       20956062   511479310001  N  0                      GO755966 01/07/2023       USD        1.7418        5.2254  1865858.0000
01 36937187  MG604  M  FULGRAM SUSP. 600/42,9 60CC                 3 884520000 884520000       0002653560000       000    0    0    0    0    0         1  7591585113139       20956051       20956051   511479310001  N  0                           321 01/07/2022       USD        4.7405       14.2216  1865858.0000
01 36937187  KL425  M  HELAL 400MG. SUSP. 5ML.                    10 273000000 273000000       0002730000000       000    0    0    0    0    0         1  7591619102023       20956053       20956053   511479310001  N  0                          0070 01/11/2023       USD        1.4631       14.6313  1865858.0000
01 36937187  PA089  M  LESTECOL TAB. 40MG. X30                     313029376451302937645       0003908812935       000    0    0    0    0    0         1  7591243830088       20956062       20956062   511479310001  N  0                       9234502 01/09/2022       USD        6.9830       20.9491  1865858.0000
01 36937187  LN185  N  MADECASSOL 10MG. X30TA                      314250666591425066659       0004275199977       000    0    0    0    0    0         1  7592348413848       20956062       20956062   511479310001  N  0                       2008002 01/08/2025       USD        7.6375       22.9127  1865858.0000
01 36937187  13761  M  METFORM. 850MGX10BLISX10T                   113141440001314144000       0001314144000       000    0    0    0    0    0         1  7753820001117       20956051       20956051   511479310001  N  0                     433190901 01/08/2022       USD        7.0431        7.0431  1865858.0000
01 36937187  13543  C  PRESERV KRISTEL COLORESX3                   3 209326000 215800000  19422000 627978000 100476480    0    0    3    0    0         1  7592467001025       20956062       20956062   511479310001  N  0                      1L163232 01/10/2021       USD        1.1218        3.3656  1865858.0000
01 36937187  13545  C  PRESERV KRISTEL TEXTUR X3                   3 209326000 215800000  19422000 627978000 100476480    0    0    3    0    0         1  7592467001032       20956062       20956062   511479310001  N  0                      1L163191 01/10/2021       USD        1.1218        3.3656  1865858.0000
01 36937187  EL114  M  SAVER SUSP. 37,5CC.                         312771960501277196050       0003831588150       000    0    0    0    0    0         1  7591062010227       20956062       20956062   511479310001  N  0                        20075A 01/07/2022       USD        6.8450       20.5352  1865858.0000
01 36937187  EL184  M  TALZIC SOL.ORAL 120ML.                      6 627145480 627145480       0003762872880       000    0    0    0    0    0         1  7591062016649       20956062       20956062   511479310001  N  0                        20119A 01/10/2022       USD        3.3611       20.1669  1865858.0000
02 36937187         77   39970356057    3751956000     600312960   44322625017    0    0    0  000    0    0    0   02/03/2021 08:14:09 a.m.   PR           000           000             0            20           USD  1865858.0000      234.3300
