01 36936401  13773  M  AC ALENDRONICO 70MG X4COM                   212584000001258400000       0002516800000       000    0    0    0    0    0         1        5045067       20955064       20955064   511467700001  N  0                        190287 01/06/2022       USD        6.7452       13.4904  1865613.8900
01 36936401  RZ160  M  AC FOLICO PX 10MG. X20TA                   12 191735180 191735180       0002300822160       000    0    0    0    0    0         1  7594001101338       20955064       20955064   511467700001  N  0                          5681 01/10/2023       USD        1.0277       12.3327  1865613.8900
01 36936401  BQ002  M  ACETAMINOFEN BQ 500 X12TA                  12 178750000 178750000       0002145000000       000    0    0    0    0    0         1  7594000850626       20955064       20955064   511467700001  N  0                        201103 01/11/2023       USD        0.9581       11.4975  1865613.8900
01 36936401  10736  M  ACETAMINOFEN PX 650 X10TA                  10 171873130 171873130       0001718731300       000    0    0    0    0    0         1  7594001101604       20955064       20955064   511467700001  N  0                          5664 01/10/2022       USD        0.9212        9.2126  1865613.8900
01 36936401  CO006  M  AEROFLAT GOTAS 80MG.20ML.                   4 602087018 602087018       0002408348072       000    0    0    0    0    0         1  7591818210406       20955064       20955064   511467700001  N  0                         00292 01/07/2022       USD        3.2272       12.9091  1865613.8900
01 36936401  LO539  M  AFLAMAX 50MG. X20TA                        20 357500000 357500000       0007150000000       000    0    0    0    0    0         1  7591196004451       20955064       20955064   511467700001  N  0                       I110033 01/11/2022       USD        1.9162       38.3251  1865613.8900
01 36936401  VP529  M  ALBISEC CAPS. X12                           311611600001161160000       0003483480000       000    0    0    0    0    0         1  7703153037512       20955064       20955064   511467700001  N  0                       1325177 01/11/2023       USD        6.2240       18.6720  1865613.8900
01 36936401  VM780  M  AMOXIVAL 250MG.PPSO 90ML.                   4 636350000 636350000       0002545400000       000    0    0    0    0    0         1  7591020000758       20955064       20955064   511467700001  N  0                           410 01/10/2022       USD        3.4109       13.6437  1865613.8900
01 36936401  GT119  M  ASAPROL 81MG. X100CO                        5 863919550 909389000 2273472504319597750       000    0    5    0    0    0         1  7591585261236       20955064       20955064   511467700001  N  0                           148 01/12/2022       USD        4.6307       23.1537  1865613.8900
01 36936401  GT119  M  ASAPROL 81MG. X100CO                        1 863919550 909389000  45469450 863919550       000    0    5    0    0    0         1  7591585261236       20955064       20955064   511467700001  N  0                           148 01/12/2022       USD        4.6307        4.6307  1865613.8900
01 36936401  VP042  M  ATOVAROL 20MG. X30CA                        6 739965861 822184290 4933105744439795166       000    0   10    0    0    0         1  7592432900148       20955064       20955064   511467700001  N  0                        200270 01/09/2022       USD        3.9663       23.7980  1865613.8900
01 36936401  14115  M  DICLOFENAC SOD 50MG X20TA                   6 154700000 154700000       000 928200000       000    0    0    0    0    0         1  7592236002123       20955064       20955064   511467700001  N  0                     TD1020002 01/02/2023       USD        0.8292        4.9753  1865613.8900
01 36936401  LO810  M  FISIOLIN GOTAS PED. 15ML.                   6 280312500 280312500       0001681875000       000    0    0    0    0    0         1  7591196002198       20955064       20955064   511467700001  N  0                       I020850 01/03/2023       USD        1.5025        9.0151  1865613.8900
01 36936401  13884  M  FISIOLIN SOL.NASAL X10 3M                   3 365625000 365625000       0001096875000       000    0    0    0    0    0         1  7591196006158       20955064       20955064   511467700001  N  0                       I070963 01/08/2023       USD        1.9598        5.8794  1865613.8900
01 36936401  FA019  M  FITEX  5MG. X30TA                           6 769600000 769600000       0004617600000       000    0    0    0    0    0         1  7591821904316       20955064       20955064   511467700001  N  0                       2007505 01/09/2022       USD        4.1251       24.7511  1865613.8900
01 36936401  FA021  M  FITEX  TAB 5MG X10                          6 276119870 276119870       0001656719220       000    0    0    0    0    0         1  7591821904323       20955064       20955064   511467700001  N  0                       2007505 01/09/2022       USD        1.4800        8.8802  1865613.8900
01 36936401  12991  M  FITEX 20MG X2TA ORODISPEN                   6 122911668 122911668       000 737470008       000    0    0    0    0    0         1  7591821904484       20955064       20955064   511467700001  N  0                       1904445 01/05/2021       USD        0.6588        3.9529  1865613.8900
01 36936401  TA003  M  FITEX 20MG. ORODISP. X1TA                   6 104000000 104000000       000 624000000       000    0    0    0    0    0         1  7592229004424       20955064       20955064   511467700001  N  0                       1904445 01/05/2021       USD        0.5574        3.3447  1865613.8900
01 36936401  FA018  M  FITEX 20MG. X1TA                           12 113948510 113948510       0001367382120       000    0    0    0    0    0         1  7591821904293       20955064       20955064   511467700001  N  0                       1908512 01/09/2021       USD        0.6107        7.3293  1865613.8900
01 36936401  FA017  M  FITEX 20MG. X2TA                           12 205739690 205739690       0002468876280       000    0    0    0    0    0         1  7591821904309       20955064       20955064   511467700001  N  0                       1908512 01/09/2021       USD        1.1027       13.2335  1865613.8900
01 36936401  11143  N  BEUSAN CEB.MORADA JBE.240                   3 398092500 398092500       0001194277500       000    0    0    0    0    0         2  7592710001260       20955064       20955064   511467700002  N  0                       1360412 01/12/2022       USD        2.1338        6.4015  1865613.8900
01 36936401  11142  N  BEUSAN EXPECTO JBE.240ML                    3 398092500 398092500       0001194277500       000    0    0    0    0    0         2  7592710001277       20955064       20955064   511467700002  N  0                       1343011 01/11/2022       USD        2.1338        6.4015  1865613.8900
01 36936401  11144  N  BEUSAN PLUS JBE. 240ML.                     3 398092500 398092500       0001194277500       000    0    0    0    0    0         2  7592710001253       20955064       20955064   511467700002  N  0                       1350812 01/12/2022       USD        2.1338        6.4015  1865613.8900
02 36936401        151   52653724126           000           000   52653724126    0    0    0  000    0    0    0   01/03/2021 08:30:37 a.m.   PR           000           000             0            23           USD  1865613.8900      282.2300
