01 36944442  14218  M  ANAPIR 400MG X20TA                          4 523900000 523900000       0002095600000       000    0    0    0    0    0         1  7593090001376       20963005       20963005   511554740001  N  0                        200918 01/09/2023       USD        2.7839       11.1357  1881868.7400
01 36944442  QM470  M  DESLER M TAB. 5/10 X30                      214588600001458860000       0002917720000       000    0    0    0    0    0         1  7592454002769       20963005       20963005   511554740001  N  0                       3261038 01/01/2023       USD        7.7521       15.5043  1881868.7400
01 36944442  DP299  M  DESLORATADINA DP JBE. 60CC.                12 339293913 339293913       0004071526956       000    0    0    0    0    0         1  7592616579016       20963005       20963005   511554740001  N  0                         10202 01/02/2023       USD        1.8029       21.6355  1881868.7400
01 36944442  PA874  M  DI EUDRIN 12,5MG. X24TA                     2 539802901 539802901       0001079605802       000    0    0    0    0    0         1  7591243812374       20963005       20963005   511554740001  N  0                       9199001 01/10/2023       USD        2.8684        5.7368  1881868.7400
01 36944442  13396  M  DIAMENIL 500 MG X40 TAB                     2 744306350 744306350       0001488612700       000    0    0    0    0    0         1  7406076102229       20963005       20963005   511554740001  N  0                        G20052 01/07/2023       USD        3.9551        7.9102  1881868.7400
01 36944442  13397  M  DIAMENIL 850 MG X40TAB                      2 781419226 781419226       0001562838452       000    0    0    0    0    0         1  7406076100980       20963005       20963005   511554740001  N  0                        J19032 01/10/2021       USD        4.1523        8.3047  1881868.7400
01 36944442  13400  M  GLICAZET 500/2,5 MG X40TA                   2 936808997 936808997       0001873617994       000    0    0    0    0    0         1  7406076125303       20963005       20963005   511554740001  N  0                        J20038 01/10/2023       USD        4.9780        9.9561  1881868.7400
01 36944442  13401  M  GLICAZET 500/5 MG X40TA                     211811762031181176203       0002362352406       000    0    0    0    0    0         1  7406076101000       20963005       20963005   511554740001  N  0                        J20042 01/10/2023       USD        6.2766       12.5532  1881868.7400
01 36944442  11302  C  HISOPOS NAT.CORO100 X12                     110240282261024028226       0001024028226 163844516    0    0    0    0    0         1  7453038410274       20962814       20962814   511554740001  N  0                           10X 01/01/2030       USD        5.4415        5.4415  1881868.7400
01 36944442  12147  M  LEVONORGESTREL MF1,5 X1TA                   3 572000000 572000000       0001716000000       000    0    0    0    0    0         1  7502214985935       20962814       20962814   511554740001  N  0                       9FH2168 01/06/2021       USD        3.0395        9.1185  1881868.7400
01 36944442  13949  A  MELATONIN 3MG+VB6X30 VAL                    210504000001050400000       0002100800000       000    0    0    0    0    0         1   669238000048       20963005       20963005   511554740001  N  0                       1141220 01/12/2024       USD        5.5816       11.1633  1881868.7400
01 36944442  PG110  M  NINAZO GOTAS AD. 15ML.                     12 236600000 236600000       0002839200000       000    0    0    0    0    0         1  7591821802957       20962814       20962814   511554740001  N  0                       2011070 01/05/2022       USD        1.2572       15.0871  1881868.7400
01 36944442  12923  N  OMEGA 3 NS1000MG.X60CABL                    210667800001066780000       0002133560000       000    0    0    0    0    0         1   646824222060       20962814       20962814   511554740001  N  0                         36780 01/12/2023       USD        5.6687       11.3374  1881868.7400
01 36944442  PD104  M  POLI-OTICO GOTAS 5 CC.                      3 561600000 624000000 1872000001684800000       000    0    0   10    0    0         1  7591955002278       20962814       20962814   511554740001  N  0                          1089 01/04/2022       USD        2.9842        8.9528  1881868.7400
01 36944442  LO459  M  QUINOMAX 0,50% S.OFT. 5ML                   2 365625000 365625000       000 731250000       000    0    0    0    0    0         1  7591196003416       20963005       20963005   511554740001  N  0                        090000 01/09/2022       USD        1.9428        3.8857  1881868.7400
01 36944442  LO550  M  QUINOTIC 0,30%S.OTICA 5ML                   2 422500000 422500000       000 845000000       000    0    0    0    0    0         1  7591196000620       20963005       20963005   511554740001  N  0                        110155 01/11/2022       USD        2.2451        4.4902  1881868.7400
01 36944442  EB340  C  SCHICK XTREME3 PD MAQ.AF X2                 3 554125000 554125000       0001662375000 265980000    0    0    0    0    0         1  7591066712011       20963005       20963005   511554740001  N  0                           10X 01/01/2030       USD        2.9445        8.8336  1881868.7400
01 36944442  EB330  C  SCHICK XTREME3 PS MAQ.AF X2                 3 576290000 576290000       0001728870000 276619200    0    0    0    0    0         1  7591066201003       20963005       20963005   511554740001  N  0                           10X 01/01/2030       USD        3.0623        9.1869  1881868.7400
01 36944442  DP013  M  TERBINAFINA DP CR.1% 15GR.                  3 339423435 339423435       0001018270305       000    0    0    0    0    0         1  7592616584126       20963005       20963005   511554740001  N  0                         10203 01/02/2023       USD        1.8036        5.4109  1881868.7400
01 36944442  11415  M  VIT C FC 500MG. X15CABL.                    2 523900000 523900000       0001047800000       000    0    0    0    0    0         1  7593090002281       20963005       20963005   511554740001  N  0                        200287 01/10/2022       USD        2.7839        5.5678  1881868.7400
01 36944442  LT930  M  VIASEK COMPR. 50MG. X2                      6 129402000 129402000       000 776412000       000    0    0    0    0    0         2  7591585111005       20962814       20962814   511554740002  N  0                           093 01/01/2023       USD        0.6876        4.1257  1881868.7400
01 36944442  10856  C  TOALLAS H MIMLOT ALOE 72U                   3 233220000 233220000       000 699660000 111945600    0    0    0    0    0         3   661799967129       20962814       20962814   511554740003  N  0                          5875 01/10/2023       USD        1.2393        3.7179  1881868.7400
01 36944442  10857  C  TOALLAS H MIMLOT CREM 72U                   3 233220000 233220000       000 699660000 111945600    0    0    0    0    0         3   661799967112       20962814       20962814   511554740003  N  0                           586 01/09/2023       USD        1.2393        3.7179  1881868.7400
02 36944442         78   32344966615    5814593226     930334916   39089894757    0    0    0  000    0    0    0   10/03/2021 08:36:33 a.m.   PR           000           000             0            23           USD  1881868.7400      202.7700
