01 36958146  LC309  M  ALIVET 4DIAS 8COM.D-4COM.NO                 4 468325000 468325000       0001873300000       000    0    0    0    0    0         1  7591585116000       20974061       20974061   511677230001  N  0                          3391 01/10/2022       USD        2.5946       10.3784  1804994.4600
01 36958146  NP099  N  CALCIBON NATAL FORTE 30TAB.                 610873129541087312954       00065238777241043820436    0    0    0    0    0         1  7591821102071       20974067       20974067   511677230001  N  0                       2011033 01/11/2022       USD        6.0239       36.1434  1804994.4600
01 36958146  MY510  M  CAMPAL 1% CREMA 20GR.                       2 382810606 382810606       000 765621212       000    0    0    0    0    0         1  7592601100232       20974061       20974061   511677230001  N  0                        021304 01/09/2024       USD        2.1208        4.2416  1804994.4600
01 36958146  GQ600  M  CAPTOPRIL ELTER 25 X20TA                    4 250952000 313690000 2509520001003808000       000    0    0   20    0    0         1  7703763100194       20974061       20974061   511677230001  N  0                       3228628 01/05/2022       USD        1.3903        5.5612  1804994.4600
01 36958146  12078  M  CLAUSY SUSP.ORAL X10 5ML.                   223920000002392000000       0004784000000       000    0    0    0    0    0         1  8936187370020       20974061       20974061   511677230001  N  0                         20820 01/08/2022       USD       13.2521       26.5042  1804994.4600
01 36958146  PA050  M  ERILON 0,05% CREMA 15GR.                    2 622887625 622887625       0001245775250       000    0    0    0    0    0         1  7591243815757       20974061       20974061   511677230001  N  0                       9233102 01/11/2022       USD        3.4509        6.9018  1804994.4600
01 36958146  AP250  M  FERROCE TAB. X30                            610818560611081856061       0006491136366       000    0    0    0    0    0         1  7592601200161       20974067       20974067   511677230001  N  0                        104001 01/02/2023       USD        5.9936       35.9620  1804994.4600
01 36958146  FA018  M  FITEX 20MG. X1TA                           12 113948510 113948510       0001367382120       000    0    0    0    0    0         1  7591821904293       20974061       20974061   511677230001  N  0                       1908512 01/09/2021       USD        0.6312        7.5755  1804994.4600
01 36958146  LP420  M  GULAPER JBE.AD. 120ML.                      2 845000000 845000000       0001690000000       000    0    0    0    0    0         1  7591955001288       20974061       20974061   511677230001  N  0                          0052 01/02/2023       USD        4.6814        9.3629  1804994.4600
01 36958146  12147  M  LEVONORGESTREL MF1,5 X1TA                   4 572000000 572000000       0002288000000       000    0    0    0    0    0         1  7502214985935       20974061       20974061   511677230001  N  0                       9FH2168 01/06/2021       USD        3.1689       12.6759  1804994.4600
01 36958146  LT210  M  LONGACEF 100MG.PPSO 60ML.                   221021000002102100000       0004204200000       000    0    0    0    0    0         1  7591585116208       20974061       20974061   511677230001  N  0                           494 01/06/2022       USD       11.6460       23.2920  1804994.4600
01 36958146  GQ769  M  LOSARTAN H ETR 50/12,5X15                   4 332592000 415740000 3325920001330368000       000    0    0   20    0    0         1  7703763190270       20974061       20974061   511677230001  N  0                       3257365 01/11/2022       USD        1.8426        7.3704  1804994.4600
01 36958146  SA520  M  MESIGYNA INSTAYECT 1ML.                     316092527351659023438 1493121094827758205       000    0    3    0    0    0         1  7501303443318       20974061       20974061   511677230001  N  0                       XB30LG4 01/05/2022       USD        8.9155       26.7466  1804994.4600
01 36958146  LX102  M  MIGREN 650-50-1 X20CO                       2 538395000 538395000       0001076790000       000    0    0    0    0    0         1  7591585415738       20974061       20974061   511677230001  N  0                           510 01/09/2022       USD        2.9828        5.9656  1804994.4600
01 36958146  XS005  N  SOL FISIOLOGICA XS 30ML                     6 102960000 102960000       000 617760000       000    0    0    0    0    0         1  7594001451631       20974061       20974061   511677230001  N  0                      29042039 01/04/2022       USD        0.5704        3.4225  1804994.4600
01 36958146  KX100  C  TEST DE EMBARAZO KX                         4 520000000 520000000       0002080000000       000    0    0    0    0    0         1   813333014589       20974061       20974061   511677230001  N  0                     W00100820 01/08/2022       USD        2.8808       11.5235  1804994.4600
01 36958146  13090  M  TOBRAMIC. 0,3% SO. OF 5ML                   2 880140550 880140550       0001760281100       000    0    0    0    0    0         1  7597446000068       20974061       20974061   511677230001  N  0                        105089 01/05/2022       USD        4.8761        9.7522  1804994.4600
01 36958146  XS025  N  VASELINA RECETTE 60GR.                      4 314600000 314600000       0001258400000 201344000    0    0    0    0    0         1  7594001451907       20974061       20974061   511677230001  N  0                      10122004 01/03/2023       USD        1.7429        6.9717  1804994.4600
01 36958146  LT930  M  VIASEK COMPR. 50MG. X2                      6 183319500 183319500       0001099917000       000    0    0    0    0    0         1  7591585111005       20974061       20974061   511677230001  N  0                           093 01/01/2023       USD        1.0156        6.0937  1804994.4600
01 36958146  PA226  M  YONAL 15MG. JBE. 120ML.                     4 546419143 546419143       0002185676572       000    0    0    0    0    0         1  7591243856705       20974061       20974061   511677230001  N  0                       9245802 01/02/2024       USD        3.0272       12.1090  1804994.4600
01 36958146  11260  M  PEDIACORT SOL.PED. 60ML.                    412756250001275625000       0005102500000       000    0    0    0    0    0         2  7591196006097       20974061       20974061   511677230002  N  0                        021202 01/02/2024       USD        7.0671       28.2687  1804994.4600
01 36958146  KL061  M  PLIDAN SOL.GOTAS 20ML.                      2 715000000 715000000       0001430000000       000    0    0    0    0    0         2  7591619517940       20974061       20974061   511677230002  N  0                          0016 01/10/2023       USD        3.9612        7.9224  1804994.4600
02 36958146         87   52926551549    2080000000    1245164436   56251715985    0    0    0  000    0    0    0   22/03/2021 06:27:08 p.m.   PR           000           000             0            22           USD  1804994.4600      304.7500
