01 36954332  14294  M  ACIDO FOL ECAR 1MG.X25A                     11487362500014873625000       000       000       000    0    0    0    0    0         1  7702184030011       20971822       20971822   511652940001  N  0                       2009959 01/10/2022       USD       82.4261       82.4261  1804479.6600
01 36954332  LO124  M  AIRON 10MG. X10TA                           8 390000000 390000000       0003120000000       000    0    0    0    0    0         1  7591196002563       20971822       20971822   511652940001  N  0                       I110051 01/12/2022       USD        2.1612       17.2903  1804479.6600
01 36954332  KL115  M  BACITRACINA KL UNG. 15GR.                   4 468000000 468000000       0001872000000       000    0    0    0    0    0         1  7591619505015       20971822       20971822   511652940001  N  0                          0171 01/12/2022       USD        2.5935       10.3741  1804479.6600
01 36954332  EL524  M  BRUGESICFORTE SUSP.200 60ML                 2 400346050 400346050       000 800692100       000    0    0    0    0    0         1  7591062013082       20971822       20971822   511652940001  N  0                        20051A 01/05/2022       USD        2.2186        4.4372  1804479.6600
01 36954332  PD900  M  NEFROTAL H 50/12,5 X14CO                    4 650000000 650000000       0002600000000       000    0    0    0    0    0         1  7591955558270       20971822       20971822   511652940001  N  0                          0013 01/06/2023       USD        3.6021       14.4085  1804479.6600
01 36954332  LO459  M  QUINOMAX 0,50% S.OFT. 5ML                   2 366478125 394062500  55168750 732956250       000    0    0    7    0    0         1  7591196003416       20971822       20971822   511652940001  N  0                        090000 01/09/2022       USD        2.0309        4.0618  1804479.6600
01 36954332  LO550  M  QUINOTIC 0,30%S.OTICA 5ML                   2 455000000 455000000       000 910000000       000    0    0    0    0    0         1  7591196000620       20971822       20971822   511652940001  N  0                        110155 01/11/2022       USD        2.5215        5.0430  1804479.6600
01 36954332  LO009  M  SALBUTAMOL LO S.INH.15ML.                   6 464750000 464750000       0002788500000       000    0    0    0    0    0         1  7591196002303       20971822       20971822   511652940001  N  0                        110298 01/01/2024       USD        2.5755       15.4532  1804479.6600
01 36954332  11645  M  VANCINA 500MG. IV X1                        4 341061325 378957028 1515828121364245300       000    0    0   10    0    0         1       75971236       20971822       20971822   511652940001  N  0                      DPL19005 01/06/2022       USD        1.8900        7.5603  1804479.6600
01 36954332  LM150  C  DERMALACT L.LIMP. 140CC.                    2 585000000 585000000       0001170000000 187200000    0    0    0    0    0         2  7592025101402       20971822       20971822   511652940002  N  0                        200921 01/04/2024       USD        3.2419        6.4838  1804479.6600
01 36954332  BQ250  M  IBUPROFENO BQ SUSP. 120ML.                  4 406250000 406250000       0001625000000       000    0    0    0    0    0         3  7594000850466       20971822       20971822   511652940003  N  0                        210216 01/02/2024       USD        2.2513        9.0053  1804479.6600
01 36954332  VA164  M  VITREXON JBE.PED. 120ML.                    4 509338518 509338518       0002037354072       000    0    0    0    0    0         3  7592349723588       20971822       20971822   511652940003  N  0                       2102006 01/02/2023       USD        2.8226       11.2905  1804479.6600
02 36954332         43   32724372722    1170000000     187200000   34081572722    0    0    0  000    0    0    0   19/03/2021 08:02:00 a.m.   PR           000           000             0            12           USD  1804479.6600      187.8300
