01 36969499  RZ150  M  AC FOLICO PX 10MG. X30TA                   10     277238780     277238780       000    2772387800       000    0    0    0    0    0         1  7594001101345       20985717       20985717   511816840001  N  0                          5808 01/02/2024       USD        1.3951       13.9513  1987184.7500
01 36969499  10727  M  ANTAAR 2,5MG. X30TA                         2     699530000     699530000       000    1399060000       000    0    0    0    0    0         1  7591519051872       20985778       20985778   511816840001  N  0                         31632 01/01/2024       USD        3.5202        7.0404  1987184.7500
01 36969499  10827  M  ANTAAR 5MG. X30TA                           4     967200000     967200000       000    3868800000       000    0    0    0    0    0         1  7591519051896       20985778       20985778   511816840001  N  0                         31290 01/04/2023       USD        4.8671       19.4687  1987184.7500
01 36969499  PM115  M  CLODOXIN 10MG. X20CO                        4     256588800     256588800       000    1026355200       000    0    0    0    0    0         1  7594001100584       20985717       20985717   511816840001  N  0                          5795 01/02/2023       USD        1.2912        5.1648  1987184.7500
01 36969499  MK675  M  DOL 450-40-1 X10TA                          5     294372000     294372000       000    1471860000       000    0    0    0    0    0         1  7591519000474       20985778       20985778   511816840001  N  0                         31706 01/02/2024       USD        1.4813        7.4067  1987184.7500
01 36969499  AO140  M  DOL PLUS TAB. X20                           5     511056000     511056000       000    2555280000       000    0    0    0    0    0         1  7591519005141       20985778       20985778   511816840001  N  0                         31562 01/11/2023       USD        2.5717       12.8587  1987184.7500
01 36969499  MK076  M  ENALAPRIL +MK 20MG.X30TA                   12     351000000     351000000       000    4212000000       000    0    0    0    0    0         1  7591519051643       20985778       20985778   511816840001  N  0                         31813 01/03/2023       USD        1.7663       21.1958  1987184.7500
01 36969499  12397  M  FESTAL 210MG X10GRG                         4     506688000     506688000       000    2026752000       000    0    0    0    0    0         1  7591044407526       20985778       20985778   511816840001  N  0                         31611 01/12/2022       USD        2.5497       10.1991  1987184.7500
01 36969499  MK052  M  FLUCONAZOL +MK150MG. X2CA                   6     304200000     304200000       000    1825200000       000    0    0    0    0    0         1  7591519001594       20985778       20985778   511816840001  N  0                         31322 01/06/2022       USD        1.5308        9.1848  1987184.7500
01 36969499  AH235  M  HEXOMEDINE COLUT.AER.30GR                   3     624000000     624000000       000    1872000000       000    0    0    0    0    0         1  7591044401463       20985778       20985778   511816840001  N  0                         31762 01/02/2025       USD        3.1401        9.4203  1987184.7500
01 36969499  MK100  M  RISPERIDONA +MK TAB.2MG.X20                 6     655200000     655200000       000    3931200000       000    0    0    0    0    0         1  7591519009255       20985778       20985778   511816840001  N  0                         31556 01/10/2022       USD        3.2971       19.7827  1987184.7500
01 36969499  RZ200  M  SILDEX 50MG. X1TA                           6      73430187      78957190  33162018     440581122       000    0    0    7    0    0         1  7594001101413       20985717       20985717   511816840001  N  0                          5736 01/11/2023       USD        0.3695        2.2171  1987184.7500
01 36969499  RZ360  M  SILDEX 50MG. X2TA                           6     126259770     126259770       000     757558620       000    0    0    0    0    0         1  7594001101420       20985717       20985717   511816840001  N  0                          5788 01/02/2024       USD        0.6353        3.8122  1987184.7500
01 36969499  10685  M  TORIVAS 100MG. X30TA                        3    1319760000    1319760000       000    3959280000       000    0    0    0    0    0         1  7591519000092       20985778       20985778   511816840001  N  0                         31733 01/02/2024       USD        6.6413       19.9240  1987184.7500
02 36969499         76   32118314742           000           000   32118314742    0    0    0  000    0    0    0   05/04/2021 09:22:52 a.m.   PR           000           000             0            14           USD  1987184.7500      161.6300
