01 36969602  GT119  M  ASAPROL 81MG. X100CO                        8    1144000000    1144000000       000    9152000000       000    0    0    0    0    0         1  7591585261236       20986382       20986382   511816810001  N  0                           146 01/12/2022       USD        5.7568       46.0551  1987184.7500
01 36969602  PO180  M  BACTRON SUSP. 100ML.                        6     572000000     572000000       000    3432000000       000    0    0    0    0    0         1  7592806122015       20986136       20986136   511816810001  N  0                        009099 01/09/2025       USD        2.8784       17.2706  1987184.7500
01 36969602  EL524  M  BRUGESICFORTE SUSP.200 60ML                 4     400346050     400346050       000    1601384200       000    0    0    0    0    0         1  7591062013082       20986136       20986136   511816810001  N  0                        20051A 01/05/2022       USD        2.0146        8.0585  1987184.7500
01 36969602  OJ002  N  CHANCA PIEDRA HP CAPS X60                   2    1053585000    1053585000       000    2107170000       000    0    0    0    0    0         1  7592710000478       20986136       20986136   511816810001  N  0                       0141811 01/11/2023       USD        5.3018       10.6037  1987184.7500
01 36969602  QM490  M  DICIGEL SUSP. 240ML.                        2    1144000000    1144000000       000    2288000000       000    0    0    0    0    0         1  7592454889216       20986175       20986175   511816810001  N  0                       3263310 01/02/2023       USD        5.7568       11.5137  1987184.7500
01 36969602  10881  M  DIDEROT AMP X1ML 50MG 5MG                   2    2275000000    2275000000       000    4550000000       000    0    0    0    0    0         1  7502214984983       20986175       20986175   511816810001  N  0                         90540 01/07/2022       USD       11.4483       22.8967  1987184.7500
01 36969602  VC003  M  GENCIVOL COMPUESTO SOL.15ML                 3     438750000     438750000       000    1316250000       000    0    0    0    0    0         1  7592782000529       20986175       20986175   511816810001  N  0                       20A0007 01/10/2022       USD        2.2078        6.6236  1987184.7500
01 36969602  FS010  N  GLICERINA FSI 30ML. X6                      1    1341600000    1341600000       000    1341600000       000    0    0    0    0    0         1  7592368000486       20986175       20986175   511816810001  N  0                       0321050 01/09/2022       USD        6.7512        6.7512  1987184.7500
01 36969602  GB840  M  GLICERINA GC SUPOS.PED. X6                  4     574911152     574911152       000    2299644608       000    0    0    0    0    0         1  7591136923873       20986175       20986175   511816810001  N  0                       2011133 01/11/2022       USD        2.8930       11.5723  1987184.7500
01 36969602  11764  N  GLUCOSAMINA-CHON HP X60CA                   2    1403415000    1403415000       000    2806830000       000    0    0    0    0    0         1  7592710000881       20986136       20986136   511816810001  N  0                       0552202 01/02/2024       USD        7.0623       14.1246  1987184.7500
01 36969602  10372  M  GYNOMET 15%-4%CR.VAG.40GR                   6    1586000000    1586000000       000    9516000000       000    0    0    0    0    0         1  7591585119131       20986175       20986175   511816810001  N  0                           049 01/02/2023       USD        7.9811       47.8868  1987184.7500
01 36969602  GQ014  N  HEDRALIV JBE. 120ML.                        3     616720000     616720000       000    1850160000       000    0    0    0    0    0         1  7592454002301       20986175       20986175   511816810001  N  0                       3261054 01/02/2023       USD        3.1034        9.3104  1987184.7500
01 36969602  MY980  M  IMAZOL 1% CR.VAG. 50GR.                     4    1300000000    1300000000       000    5200000000       000    0    0    0    0    0         1  7592601100621       20986175       20986175   511816810001  N  0                        117001 01/02/2023       USD        6.5419       26.1676  1987184.7500
01 36969602  MY260  M  IMAZOL TAB. VAG. X 6                        4     738636363     738636363       000    2954545452       000    0    0    0    0    0         1  7592601100478       20986175       20986175   511816810001  N  0                        109401 01/02/2026       USD        3.7169       14.8679  1987184.7500
01 36969602  11443  M  KETOPROFENO PX 100 X20TA                    6     489929440     489929440       000    2939576640       000    0    0    0    0    0         1  7594001101185       20985882       20985882   511816810001  N  0                          5817 01/02/2026       USD        2.4654       14.7926  1987184.7500
01 36969602  LT067  M  LETISAN 500MG. X10TM                        4     224315000     224315000       000     897260000       000    0    0    0    0    0         1  7591585514875       20987233       20987233   511816810001  N  0                           036 01/01/2023       USD        1.1288        4.5152  1987184.7500
01 36969602  10523  C  MENTORUB UNG.CORP. 30GR.                    4     287300000     287300000       000    1149200000 183872000    0    0    0    0    0         1  7593090000959       20986136       20986136   511816810001  N  0                        210301 01/03/2024       USD        1.4457        5.7830  1987184.7500
01 36969602  10524  C  MENTORUB UNG.CORP. 60GR.                    4     473200000     473200000       000    1892800000 302848000    0    0    0    0    0         1  7593090000966       20986136       20986136   511816810001  N  0                       F201101 01/11/2023       USD        2.3812        9.5250  1987184.7500
01 36969602  14647  M  METFORMINA BIU500 X30TA                     4     365625000     365625000       000    1462500000       000    0    0    0    0    0         1  0795853122220       20986136       20986136   511816810001  N  0                     FMA12010A 01/08/2023       USD        1.8399        7.3596  1987184.7500
01 36969602  EM330  N  MULTIVITAMINICO NS TAB. X60                 4    1367080000    1367080000       000    5468320000 874931200    0    0    0    0    0         1   646824204066       20986136       20986136   511816810001  N  0                         36785 01/12/2023       USD        6.8794       27.5179  1987184.7500
02 36969602         77   61183240900    3042000000    1361651200   65586892100    0    0    0  000    0    0    0   05/04/2021 10:42:04 a.m.   PR           000           000             0            20           USD  1987184.7500      323.2000
