01 36981897  CO130  M  AIRFEN GOTAS NAS.AD.15ML                    6 471334067 471334067       0002828004402       000    0    0    0    0    0         1  7591818111017       20996647       20996647   511927490001  N  0                         00342 01/08/2023       USD           202          1211     233498355
01 36981897  PF204  M  ATAMEL FORTE 650MG. X10TA                  12 396519514 396519514       0004758234168       000    0    0    0    0    0         1  7591257000552       20996707       20996707   511927490001  N  0                     026130013 01/04/2023       USD           170          2038     233498355
01 36981897  PA385  M  BETADERM  C/GENT. CR.15GR                   4 822853304 822853304       0003291413216       000    0    0    0    0    0         1  7591243804041       20996590       20996590   511927490001  N  0                       9225102 01/02/2023       USD           352          1410     233498355
01 36981897  PA126  M  BETADERM CR. 0,05% 15GR.                    4 773160952 773160952       0003092643808       000    0    0    0    0    0         1  7591243804140       20996590       20996590   511927490001  N  0                       9231802 01/11/2022       USD           331          1324     233498355
01 36981897  PA054  M  BETADERM PLUS CREMA 15GR.                   4 874934622 874934622       0003499738488       000    0    0    0    0    0         1  7591243804164       20996590       20996590   511927490001  N  0                       9225402 01/01/2023       USD           375          1499     233498355
01 36981897  PA325  M  BETAGEN 4MG. 1ML. X1AMP.                   12 720385264 720385264       0008644623168       000    0    0    0    0    0         1  7591243804287       20996590       20996590   511927490001  N  0                       9197801 01/07/2022       USD           309          3702     233498355
01 36981897  PA275  M  BETAGEN SOLSPEN 1ML.1AMP.                   3 941288777 941288777       0002823866331       000    0    0    0    0    0         1  7591243804409       20996590       20996590   511927490001  N  0                         91885 01/04/2022       USD           403          1209     233498355
01 36981897  CO460  M  CELAY 10MG. X10TA                           5 291643321 364554151 3645541501458216605       000    0    0   20    0    0         1  7591818116104       20996647       20996647   511927490001  N  0                         10098 01/03/2023       USD           125           624     233498355
01 36981897  CO003  M  CELAY SOL.ORAL. 100ML.                      6 407566984 509458730 6113504762445401904       000    0    0   20    0    0         1  7591818215050       20996647       20996647   511927490001  N  0                         00225 01/05/2022       USD           175          1047     233498355
01 36981897  CO265  M  CLORACE 500MG/4MG X10TA                     4 264676710 330845887 2646767081058706840       000    0    0   20    0    0         1  7591818116043       20996647       20996647   511927490001  N  0                         00430 01/10/2022       USD           113           453     233498355
01 36981897  PA024  M  COLGESIC 400MG/4MG. X15CO                   210576618791057661879       0002115323758       000    0    0    0    0    0         1  7591243810028       20996590       20996590   511927490001  N  0                       9226501 01/02/2023       USD           453           906     233498355
01 36981897  PA874  M  DI EUDRIN 12,5MG. X24TA                     6 566793046 566793046       0003400758276       000    0    0    0    0    0         1  7591243812374       20996590       20996590   511927490001  N  0                       9198903 01/08/2023       USD           243          1456     233498355
01 36981897  CO245  M  EUSILEN 4MG. 2ML. X1KIT                     2 418577085 418577085       000 837154170       000    0    0    0    0    0         1  7591818113028       20996647       20996647   511927490001  N  0                         00049 01/06/2023       USD           179           359     233498355
01 36981897  CO245  M  EUSILEN 4MG. 2ML. X1KIT                     4 418577085 418577085       0001674308340       000    0    0    0    0    0         1  7591818113028       20996647       20996647   511927490001  N  0                         00328 01/08/2023       USD           179           717     233498355
01 36981897  CO310  M  IPALAT CREMA 20 GR.                         2 713241708 713241708       0001426483416       000    0    0    0    0    0         1  7591818114001       20996647       20996647   511927490001  N  0                         00460 01/11/2024       USD           305           611     233498355
01 36981897  CO540  M  MIOVIT COMP.AMP.3ML. X3 KIT                 6 894090760111761345013411361405364544560       000    0    0   20    0    0         1  7591818026366       20996647       20996647   511927490001  N  0                         00449 01/10/2023       USD           383          2297     233498355
02 36981897         82   48719421450           000           000   48719421450    0    0    0  000    0    0    0   14/04/2021 02:01:38 p.m.   PR           000           000             0            16           USD     233498355         20865
