01 37017999  11601  C  BARR DER.BIOS P.SECA 90                     6 291847920 323700000 1911124801751087520 280174003    0    0    8    0    2         1  7595481000241       21030566       21030566   512305140001  N  0                        201001 01/10/2024       USD          098          590    296667896
01 37017999  11590  C  BARR DER.CLINE NEUTRA80                     5 281299200 312000000 1535040001406496000 225039360    0    0    8    0    2         1  7595481001255       21030566       21030566   512305140001  N  0                        201001 01/10/2024       USD          095          474    296667896
01 37017999  10439  C  COLONIA BABY DERNIER200CC                   2 435708000 444600000  17784000 871416000 139426560    0    0    0    0    2         1  7596049000116       21030285       21030285   512305140001  N  0                      20010018 01/01/2022       USD          147          294    296667896
01 37017999  10250  C  COLONIA CHICHI RENE 200CC                   3 374894938 382545855  229527511124684814 179949570    0    0    0    0    2         1  7596097001608       21030285       21030285   512305140001  N  0                   00121871204 01/01/2026       USD          126          379    296667896
01 37017999  LM150  C  DERMALACT L.LIMP. 140CC.                    4 891800000 910000000  728000003567200000 570752000    0    0    0    0    2         1  7592025101402       21030568       21030568   512305140001  N  0                        210348 01/09/2024       USD          301         1202    296667896
01 37017999  CV220  C  SANALO CR. FACIAL 30GR.                     4 402074400 410280000  328224001608297600 257327616    0    0    0    0    2         1  7591138073323       21030568       21030568   512305140001  N  0                        210081 01/03/2024       USD          136          542    296667896
01 37017999  10349  C  TALCO ACIBOR P.PIES120GR.                   4 287796600 293670000  234936001151186400 184189824    0    0    0    0    2         1  7592930000715       21030296       21030296   512305140001  N  0                    1603022101 01/03/2024       USD          097          388    296667896
01 37017999  10348  C  TALCO ACIBOR P.PIES60GR.                    4 193393200 197340000  15787200 773572800 123771648    0    0    0    0    2         1  7592930000708       21030296       21030296   512305140001  N  0                    1504202101 01/04/2024       USD          065          261    296667896
01 37017999  RQ011  C  TALCO CHICHI BABY HIP 90G                   4 386641284 394531922  315625521546565136 247450422    0    0    0    0    2         1  7596097003633       21030296       21030296   512305140001  N  0                   01720872410 01/11/2024       USD          130          521    296667896
01 37017999  10343  C  TALCO REFRES. DE PIES 90G                   4 326354676 333014975  266411961305418704 208866993    0    0    0    0    2         1  7596097000892       21030296       21030296   512305140001  N  0                   00620831404 01/10/2025       USD          110          440    296667896
01 37017999  GQ107  M  ACETAMINOFEN ELTER JBE120                  24 454690600 463970000 222705600       000       000    0    0    0    0    2         2  7592454003100       21030296       21030296   512305140002  N  0                       3266303 01/04/2024       USD          153         3678    296667896
01 37017999  NP007  M  BETADINE 10% SO.TOP.120ML                   216147950001647750000  659100003229590000       000    0    0    0    0    2         2  7591821102231       21030296       21030296   512305140002  N  0                       2009823 01/11/2022       USD          544         1089    296667896
01 37017999  LX103  M  CARNISIN 1G.S.ORAL S/A180                   318090800001846000000 1107600005427240000       000    0    0    0    0    2         2  7591585112323       21030296       21030296   512305140002  N  0                           052 01/01/2023       USD          610         1829    296667896
01 37017999  PD720  M  CLENBUXOL JBE. PED. 120CC.                  311848200001209000000  725400003554460000       000    0    0    0    0    2         2  7591955000168       21030285       21030285   512305140002  N  0                          0114 01/02/2025       USD          399         1198    296667896
01 37017999  KL061  M  PLIDAN SOL.GOTAS 20ML.                      4 879060000 897000000  717600003516240000       000    0    0    0    0    2         2  7591619517940       21030285       21030285   512305140002  N  0                          0019 01/01/2024       USD          296         1185    296667896
01 37017999  NP039  M  VALPRON 250MG. JBE.180ML.                   125395068792591333550  518266712539506879       000    0    0    0    0    2         2  7591821901964       21030285       21030285   512305140002  N  0                       2010053 01/11/2022       USD          856          856    296667896
02 37017999         77   29179611279   15105924974    2416947996   46702484249    0    0    0  000    0    0    0   17/05/2021 04:15:40 p.m.   PR           000           000             0            16           USD    296667896        14928
