01 37046341  PA129  M  ALIPAL FORTE D/N X6CA                       4 686824893 686824893       0002747299572       000    0    0    0    0    0         1  7591243801620       21055180       21055180   512614890001  N  0                    9254192543 01/03/2023       USD          221          882    311391735
01 37046341  VM419  M  AMOXIVAL 750MG.PPSO 70ML.                   316759131181675913118       0005027739354       000    0    0    0    0    0         1  7591020008082       21055031       21055031   512614890001  N  0                           152 01/03/2025       USD          538         1615    311391735
01 37046341  PA385  M  BETADERM  C/GENT. CR.15GR                   411966144141196614414       0004786457656       000    0    0    0    0    0         1  7591243804041       21055180       21055180   512614890001  N  0                       9210301 01/09/2022       USD          384         1537    311391735
01 37046341  PA275  M  BETAGEN SOLSPEN 1ML.1AMP.                   813526915471352691547       000       000       000    0    0    0    0    0         1  7591243804409       21055180       21055180   512614890001  N  0                         92323 01/11/2022       USD          434         3475    311391735
01 37046341  VP324  M  COMPLEJO B VP 2CC. X3                       311445720001244100000 2985840003433716000       000    0    8    0    0    0         1  7703153013059       21055026       21055026   512614890001  N  0                       1319621 01/01/2024       USD          368         1103    311391735
01 37046341  VP324  M  COMPLEJO B VP 2CC. X3                       111445720001244100000  995280001144572000       000    0    8    0    0    0         1  7703153013059       21055026       21055026   512614890001  N  0                       1319621 01/01/2024       USD          368          368    311391735
01 37046341  LO509  M  DESLORAT 0,5MG. JBE.60ML.                  10 750323682 750323682       0007503236820       000    0    0    0    0    0         1  7591196004161       21054075       21054075   512614890001  N  0                        031022 01/03/2023       USD          241         2410    311391735
01 37046341  MK076  M  ENALAPRIL +MK 20MG.X30TA                   12 740999974 740999974       0008891999688       000    0    0    0    0    0         1  7591519051643       21054890       21054890   512614890001  N  0                         31891 01/04/2023       USD          238         2856    311391735
01 37046341  VM018  M  ESQUIDONE 2MG. X30TA                        614314300001431430000       0008588580000       000    0    0    0    0    0         1  7591020080590       21055031       21055031   512614890001  N  0                            22 01/03/2023       USD          460         2758    311391735
01 37046341  14933  M  FISIOLIN NEB.NASAL 260D.                    4 690625000 690625000       0002762500000       000    0    0    0    0    0         1  7591196001726       21054075       21054075   512614890001  N  0                        070997 01/08/2023       USD          222          887    311391735
01 37046341  EH350  M  FLUCONAZOL 150MGX2 CAP                     12 423914589 423914589       0005086975068       000    0    0    0    0    0         1  7703153020354       21055026       21055026   512614890001  N  0                       1337136 01/02/2024       USD          136         1634    311391735
01 37046341  KH016  C  HISOPOS ALGODON X150 KX                     6 299000000 299000000       0001794000000 287040000    0    0    0    0    0         1   813333014114       21054075       21054075   512614890001  N  0                      20080304 01/01/2030       USD          096          576    311391735
01 37046341  VM175  M  LANOL-ZINC POMADA 60 GR.                    4 887250000 887250000       0003549000000       000    0    0    0    0    0         1  7591020001328       21055031       21055031   512614890001  N  0                           280 01/03/2024       USD          285         1140    311391735
01 37046341  11418  M  LODESTAR HCT 50-12,5 30TA                   414397804251439780425       0005759121700       000    0    0    0    0    0         1  7591020080972       21055031       21055031   512614890001  N  0                            11 01/03/2023       USD          462         1849    311391735
01 37046341  VO112  M  LOSARTAN P. GENCER 50 X30                   611453130811145313081       0006871878486       000    0    0    0    0    0         1  7591020008914       21055031       21055031   512614890001  N  0                            64 01/03/2023       USD          368         2207    311391735
01 37046341  11526  M  NONAFOL 10MG. GOTAS 15ML.                   5 835120000 835120000       0004175600000       000    0    0    0    0    0         1  7592601303114       21054875       21054875   512614890001  N  0                        054205 01/09/2022       USD          268         1341    311391735
01 37046341  14351  M  NONAFOL 10MG. X30TA                        2410319400001031940000       000       000       000    0    0    0    0    0         1  7592601303978       21054875       21054875   512614890001  N  0                        053022 01/10/2022       USD          331         7954    311391735
01 37046341  PA172  M  NORSINA 500-10 X 12TA                       410968109851096810985       0004387243940       000    0    0    0    0    0         1  7591243837452       21055180       21055180   512614890001  N  0                       9254901 01/02/2023       USD          352         1409    311391735
01 37046341  PA011  M  RINOT 325/32/4 X12CA                        6 782774117 782774117       0004696644702       000    0    0    0    0    0         1  7591243845105       21055180       21055180   512614890001  N  0                       9264201 01/02/2023       USD          251         1508    311391735
01 37046341  MK409  M  SECNIDAZOL +MK 1GR. X 2                     6 656499968 656499968       0003938999808       000    0    0    0    0    0         1  7591519003918       21054890       21054890   512614890001  N  0                         31858 01/03/2024       USD          211         1265    311391735
01 37046341  KX100  C  TEST DE EMBARAZO KX                         6 910000000 910000000       0005460000000 873600000    0    0    0    0    0         1   813333014589       21054075       21054075   512614890001  N  0                     W00100820 01/08/2022       USD          292         1753    311391735
02 37046341        138  118939657170    7254000000    1160640000  127354297170    0    0    0  000    0    0    0   07/06/2021 03:57:04 p.m.   PR           000           000             0            21           USD    311391735        40526
