01 37046179  ET340  C  ADEMINA PLUS CR.CORP.30GR                   6 526215179 526215179       0003157291074 505166572    0    0    0    0    0         1  7591844000439       21055020       21055020   512614920001  N  0                    AP30210100 01/01/2024       USD          169         1014    311391735
01 37046179  VT240  C  BOROCANFOR COOL POLVO 120GR                 311336879971133687997       0003401063991 544170239    0    0    0    0    0         1       75930547       21055020       21055020   512614920001  N  0                       2102301 01/02/2023       USD          364         1092    311391735
01 37046179  VT250  C  BOROCANFOR COOL POLVO 60GR                  4 692590210 692590210       0002770360840 443257734    0    0    0    0    0         1       75930523       21055020       21055020   512614920001  N  0                       2103301 01/03/2023       USD          222          890    311391735
01 37046179  12124  C  BOROCANFOR COOL.PVO.35GR                    4 462589569 462589569       0001850358276 296057324    0    0    0    0    0         1       75971434       21055020       21055020   512614920001  N  0                       2104302 01/04/2023       USD          149          594    311391735
01 37046179  VT300  C  BOROCANFOR ORIG.POLVO 120GR                 411336879971133687997       0004534751988 725560318    0    0    0    0    0         1       75930530       21055020       21055020   512614920001  N  0                       2104503 01/04/2023       USD          364         1456    311391735
01 37046179  VT125  C  BOROCANFOR ORIG.POLVO 60GR                  4 692590210 692590210       0002770360840 443257734    0    0    0    0    0         1       75930516       21055020       21055020   512614920001  N  0                       2104504 01/04/2023       USD          222          890    311391735
01 37046179  12123  C  BOROCANFOR ORIG.PVO.35GR                    4 462589569 462589569       0001850358276 296057324    0    0    0    0    0         1       75971427       21055020       21055020   512614920001  N  0                       2105301 01/05/2023       USD          149          594    311391735
01 37046179  LN110  C  DIADEX PHIS JABON 120ML.                    3 797875000 797875000       0002393625000 382980000    0    0    0    0    0         1  7592348208208       21055020       21055020   512614920001  N  0                   01719800002 01/10/2024       USD          256          769    311391735
01 37046179  KL112  C  HIDRIBET L.HID. 5% 125CC.                   140690000004069000000       0004069000000 651040000    0    0    0    0    0         1  7703333007465       21055020       21055020   512614920001  N  0                        S04736 01/03/2023       USD         1307         1307    311391735
01 37046179  KL102  C  HIDRIBET LOC.HID. 125CC.                    137700000003770000000       0003770000000 603200000    0    0    0    0    0         1  7703333007458       21055020       21055020   512614920001  N  0                        S06225 01/06/2025       USD         1211         1211    311391735
01 37046179  10487  C  TETERO TOMI T.4OZ 0+M                       2 936000000 936000000       0001872000000 299520000    0    0    0    0    0         1  8859140111297       21055020       21055020   512614920001  N  0                        734120 01/01/2030       USD          301          601    311391735
01 37046179  10489  C  TETERO TOMI T.8OZ 0+M                       3 982800000 982800000       0002948400000 471744000    0    0    0    0    0         1  8859140111303       21055020       21055020   512614920001  N  0                        734120 01/01/2030       USD          316          947    311391735
01 37046179  PB003  N  WAMPOLE EMUL. NRJA.240CC.                   4 537603308 537603308       0002150413232 344066117    0    0    0    0    0         2  7591309000608       21054887       21054887   512614920002  N  0                      A2105151 01/05/2023       USD          173          691    311391735
01 37046179  PB006  N  WAMPOLE EMUL.T.FRUTI240ML                   4 537603308 537603308       0002150413232 344066117    0    0    0    0    0         2  7591309000967       21054887       21054887   512614920002  N  0                      A2105146 01/05/2023       USD          173          691    311391735
02 37046179         47    4300826464   35387570285    6350143480   46038540229    0    0    0  000    0    0    0   07/06/2021 03:16:47 p.m.   PR           000           000             0            14           USD    311391735        12745
