01 37058488  LC424  M  ALIVETNOC FORTE GRAN.6SOB                   3 729300000 729300000       0002187900000       000    0    0    0    0    0         1  7591585116673       21067404       21067404   512737280001  N  0                           035 01/05/2023       USD          234          703    311304258
01 37058488  KV004  M  ANTILAX 2MG. X10TA                          4 319989429 362142858 1686137161279957716       000    0    6    6    0    0         1  7591821102095       21067404       21067404   512737280001  N  0                       2010043 01/10/2022       USD          103          411    311304258
01 37058488  GF109  M  AZITROMICINA GF PPSO15ML.                   613195000001319500000       0007917000000       000    0    0    0    0    0         1  7702605100538       21067404       21067404   512737280001  N  0                      0GC3898C 01/06/2022       USD          424         2543    311304258
01 37058488  LR220  M  AZITROMICINA LF500 X3CA                    12 686400000 686400000       0008236800000       000    0    0    0    0    0         1  7594000020074       21067404       21067404   512737280001  N  0                         L2012 01/09/2022       USD          220         2646    311304258
01 37058488  EL524  M  BRUGESICFORTE 200SUSP60ML                   4 736740160 736740160       0002946960640       000    0    0    0    0    0         1  7591062013082       21067404       21067404   512737280001  N  0                        20140A 01/11/2022       USD          237          947    311304258
01 37058488  OJ002  N  CHANCA PIEDRA HP CAPS X60                   217559750001755975000       0003511950000       000    0    0    0    0    0         1  7592710000478       21067404       21067404   512737280001  N  0                       0141903 01/03/2024       USD          564         1128    311304258
01 37058488  11251  M  CICLOKAN 500MG. X21CO                       626000000002600000000       000       000       000    0    0    0    0    0         1  7591619519227       21067404       21067404   512737280001  N  0                          0023 01/04/2023       USD          835         5011    311304258
01 37058488  GT004  M  COVENTROL 12,5MG. X30CO                     412694500001269450000       0005077800000       000    0    0    0    0    0         1  7591585365644       21067404       21067404   512737280001  N  0                           125 01/03/2023       USD          408         1631    311304258
01 37058488  LT038  M  COVENTROL 6,25MG. X30CO                     4 859950000 859950000       0003439800000       000    0    0    0    0    0         1  7591585265630       21067404       21067404   512737280001  N  0                           124 01/03/2023       USD          276         1105    311304258
01 37058488  MY585  M  DOCE PLEX ELIXIR 120ML.                     314643200001464320000       0004392960000       000    0    0    0    0    0         1  7592601100331       21067404       21067404   512737280001  N  0                        101001 01/10/2022       USD          470         1411    311304258
01 37058488  BQ190  M  FERCOR COMP. CAPS. X30                      413019825001342250000 1610700005207930000       000    0    0    3    0    0         1  7594000850206       21067404       21067404   512737280001  N  0                        201108 01/11/2022       USD          418         1673    311304258
01 37058488  LT046  M  GENLET 200MG. X20CO                         414365000001436500000       0005746000000       000    0    0    0    0    0         1  7591585110183       21067404       21067404   512737280001  N  0                           050 01/11/2022       USD          461         1846    311304258
01 37058488  10372  M  GYNOMET 15%-4%CR.VAG.40GR                   316224000001622400000       0004867200000       000    0    0    0    0    0         1  7591585119131       21067404       21067404   512737280001  N  0                           046 01/12/2022       USD          521         1563    311304258
01 37058488  14426  M  HIDROCOR AL500IM/IM X1AM                    413770417011377041701       0005508166804       000    0    0    0    0    0         1  7597758000695       21067404       21067404   512737280001  N  0                       2120170 01/07/2023       USD          442         1769    311304258
01 37058488  12041  M  LEVODOPA CAR CCM250-25X30                   225358463422535846342       0005071692684       000    0    0    0    0    0         1  7501384548308       21067404       21067404   512737280001  N  0                       9400321 01/03/2023       USD          815         1629    311304258
01 37058488  NP024  M  NOTOLAC 20MG. X10TA                         4 724854558 724854558       0002899418232       000    0    0    0    0    0         1  7591821902022       21067404       21067404   512737280001  N  0                       2101002 01/03/2024       USD          233          931    311304258
01 37058488  LT043  M  PEGYT 75MG. X20CA                           213520000001352000000       0002704000000       000    0    0    0    0    0         1  7591585317018       21067404       21067404   512737280001  N  0                           046 01/12/2023       USD          434          869    311304258
01 37058488  13483  M  ROSUVASTATINA 20MGX30 TAB                   214508000001450800000       0002901600000       000    0    0    0    0    0         1  7598176000144       21067404       21067404   512737280001  N  0                       TEMH219 01/07/2023       USD          466          932    311304258
01 37058488  LT017  M  TENSOMAX 30MG. LP X40CA                     426910000002691000000       000       000       000    0    0    0    0    0         1  7591585418432       21067404       21067404   512737280001  N  0                           162 01/12/2022       USD          864         3458    311304258
01 37058488  KV204  M  TERAGRIP FORTE GRAN.X6SOB                   312041250001204125000       0003612375000       000    0    0    0    0    0         1  7591821802490       21067404       21067404   512737280001  N  0                       2104111 01/04/2023       USD          387         1160    311304258
02 37058488         80  103873511076           000           000  103873511076    0    0    0  000    0    0    0   16/06/2021 10:14:31 a.m.   PR           000           000             0            20           USD    311304258        33367
