01 37057185  GQ059  M  ALBENDAZOL ELTER 200 X6TA                   6 736554000105222000018939960004419324000       000    0    0   30    0    0         1  7592454120371       21065918       21065918   512723920001  N  0                       3253208 01/09/2023       USD          236         1416    312042441
01 37057185  GQ664  M  ATENOLOL ELTER 100X30                       610648300001064830000       0006388980000       000    0    0    0    0    0         1  7703763090358       21065918       21065918   512723920001  N  0                       3263823 01/03/2023       USD          341         2047    312042441
01 37057185  GQ669  M  ATENOLOL ELTER 50X30                        410648300001064830000       0004259320000       000    0    0    0    0    0         1  7703763090341       21065918       21065918   512723920001  N  0                       3265760 01/04/2023       USD          341         1365    312042441
01 37057185  GQ954  M  BETAHISTINA ELTER16MG.X20                   415590900001559090000       0006236360000       000    0    0    0    0    0         1  7592454002400       21065918       21065918   512723920001  N  0                       3265752 01/04/2023       USD          500         1999    312042441
01 37057185  GQ719  M  CLOTRI-NEO-DEXA ELTER20GR                   615373800001537380000       0009224280000       000    0    0    0    0    0         1  7703763300051       21065918       21065918   512723920001  N  0                       3263319 01/03/2024       USD          493         2956    312042441
01 37057185  GQ964  M  IRBESARTAN ELTER150 X10TA                   6 899860000 899860000       0005399160000       000    0    0    0    0    0         1  7592454002547       21065918       21065918   512723920001  N  0                       3264265 01/03/2023       USD          288         1730    312042441
01 37057185  GQ070  M  KETOPROFENO ELTER100 X20                    6 809874000 899860000 5399160004859244000       000    0    0   10    0    0         1  7592454154055       21065918       21065918   512723920001  N  0                       3264252 01/03/2023       USD          260         1557    312042441
01 37057185  12925  M  NITAZOXANIDA 500MG X6TA                     417669600001766960000       0007067840000       000    0    0    0    0    0         1  7703763391172       21065918       21065918   512723920001  N  0                       3266114 01/05/2023       USD          566         2265    312042441
01 37057185  13911  M  VALSARTAN 80MGX30TA                         41289925000184275000022113000005159700000       000    0    0   30    0    0         1  7592454889780       21065918       21065918   512723920001  N  0                       3265279 01/03/2023       USD          413         1654    312042441
01 37057185  GQ844  M  VALSARTAN ELTER80MG.X14TA                   6 668941000 95563000017201340004013646000       000    0    0   30    0    0         1  7703763341078       21065918       21065918   512723920001  N  0                       3255626 01/10/2022       USD          214         1286    312042441
02 37057185         52   57027854000           000           000   57027854000    0    0    0  000    0    0    0   15/06/2021 03:42:43 p.m.   PR           000           000             0            10           USD    312042441        18276
