01 37066358  LC810  M  ALIVET GRAN.AD.LIMON 6S.                    4 729300000 729300000       0002917200000       000    0    0    0    0    0         1  7591585116710       21074440       21074440   512815760001  N  0                           244 01/05/2023       USD          232          927    314729713
01 37066358  LC424  M  ALIVETNOC FORTE GRAN.6SOB                   4 729300000 729300000       0002917200000       000    0    0    0    0    0         1  7591585116673       21074440       21074440   512815760001  N  0                           028 01/01/2023       USD          232          927    314729713
01 37066358  PO130  M  ALURON 100MG. X30TA                         210920000001092000000       0002184000000       000    0    0    0    0    0         1  7592806133042       21074440       21074440   512815760001  N  0                        103042 01/03/2025       USD          347          694    314729713
01 37066358  BI340  M  BUSCAPINA GRAG. 10MG. X20                   429575000002957500000       000       000       000    0    0    0    0    0         1  7501165011342       21074535       21074535   512815760001  N  0                        061996 01/08/2022       USD          940         3759    314729713
01 37066358  14873  M  CEFADROXILO FM500 X10TA                    12 773500000 773500000       0009282000000       000    0    0    0    0    0         1  8906082150645       21074440       21074440   512815760001  N  0                      ATCM2001 01/10/2023       USD          246         2949    314729713
01 37066358  14215  M  DECOBEL 0.5MG X30TA                         6 858000000 858000000       0005148000000       000    0    0    0    0    0         1  7592806133110       21074440       21074440   512815760001  N  0                        103037 01/03/2023       USD          273         1636    314729713
01 37066358  PO195  M  DECOBEL VIAL 8MG. 2ML.                      6 682500000 682500000       0004095000000       000    0    0    0    0    0         1  7592806112047       21074440       21074440   512815760001  N  0                        104050 01/04/2024       USD          217         1301    314729713
01 37066358  VA551  M  KETAZOL 20MG. CREMA 15GR.                   4 870856745 870856745       0003483426980       000    0    0    0    0    0         1  7592349429787       21074440       21074440   512815760001  N  0                       2009535 01/09/2025       USD          277         1107    314729713
01 37066358  PA172  M  NORSINA 500-10 X 12TA                       411728129261172812926       0004691251704       000    0    0    0    0    0         1  7591243837452       21074535       21074535   512815760001  N  0                       9254901 01/02/2023       USD          373         1491    314729713
01 37066358  KL869  M  ORLIDIET 120MG. X30CA                       214300000001430000000       0002860000000       000    0    0    0    0    0         1  7591619000244       21074440       21074440   512815760001  N  0                          0262 01/04/2023       USD          454          909    314729713
01 37066358  KL061  M  PLIDAN SOL.GOTAS 20ML.                      412870000001287000000       0005148000000       000    0    0    0    0    0         1  7591619517940       21074440       21074440   512815760001  N  0                          0020 01/01/2024       USD          409         1636    314729713
01 37066358  12680  M  SOLUCION ISOTO 0,9% 500ML                  12 429000000 429000000       0005148000000       000    0    0    0    0    0         1  7597767000068       21074440       21074440   512815760001  N  0                      19082619 01/08/2022       USD          136         1636    314729713
01 37066358  ED006  M  UDOX 75MG. X10CA                            2 455000000 455000000       000 910000000       000    0    0    0    0    0         1  7592803002556       21074440       21074440   512815760001  N  0                       2104515 01/04/2023       USD          145          289    314729713
01 37066358  LC309  M  ALIVET 4DIAS 8D-4N X12CO                    6 721487000 784225000 3764280004328922000       000    0    8    0    0    0         2  7591585116000       21074440       21074440   512815760002  N  0                           340 01/10/2022       USD          229         1375    314729713
01 37066358  LT043  M  PEGYT 75MG. X20CA                           413520000001352000000       0005408000000       000    0    0    0    0    0         2  7591585317018       21074440       21074440   512815760002  N  0                           046 01/12/2023       USD          430         1718    314729713
02 37066358         76   70351000684           000           000   70351000684    0    0    0  000    0    0    0   22/06/2021 10:54:04 a.m.   PR           000           000             0            15           USD    314729713        22353
