01 37076853  ET350  C  ADEMINA PLUS CR.CORP.60GR                   4 999627890 999627890       0003998511560 639761850    0    0    0    0    0         1  7591844000446       21084370       21084370   512921380001  N  0                    AP60210100 01/01/2024       USD          312         1248    320407952
01 37076853  ET350  C  ADEMINA PLUS CR.CORP.60GR                   4 999627890 999627890       0003998511560 639761850    0    0    0    0    0         1  7591844000446       21084370       21084370   512921380001  N  0                    AP60210100 01/01/2024       USD          312         1248    320407952
01 37076853  LO124  M  AIRON 10MG. X10TA                           8 808107300 808107300       0006464858400       000    0    0    0    0    0         1  7591196002563       21084380       21084380   512921380001  N  0                       I041137 01/04/2023       USD          252         2018    320407952
01 37076853  LO239  M  AIRON 4MG. X10TAB.MAST.                     5 488620007 488620007       0002443100035       000    0    0    0    0    0         1  7591196002952       21084380       21084380   512921380001  N  0                       I050901 01/05/2022       USD          152          762    320407952
01 37076853  LC309  M  ALIVET 4DIAS 8D-4N X12CO                    6 721487000 784225000 3764280004328922000       000    0    8    0    0    0         1  7591585116000       21084396       21084396   512921380001  N  0                           340 01/10/2022       USD          225         1351    320407952
01 37076853  PO175  M  BACITRACINA PO UNG. 15GR.                   4 604500000 604500000       0002418000000       000    0    0    0    0    0         1  7592806141016       21084396       21084396   512921380001  N  0                        101009 01/01/2024       USD          189          755    320407952
01 37076853  10346  M  BLOCAX 8MG. X30TA                           623385015462338501546       000       000       000    0    0    0    0    0         1  7591243805338       21084380       21084380   512921380001  N  0                       9286802 01/04/2023       USD          730         4379    320407952
01 37076853  VP990  M  CEVAX 500MG. X30CA.BLA                      611553360001255800000 6027840006932016000       000    0    8    0    0    0         1  7592432007649       21084396       21084396   512921380001  N  0                        210135 01/05/2023       USD          361         2163    320407952
01 37076853  LO001  M  CLARIX SOL.NASAL PED.15ML                   4 779413635 779413635       0003117654540       000    0    0    0    0    0         1  7591196000101       21084370       21084370   512921380001  N  0                        070490 01/07/2025       USD          243          973    320407952
01 37076853  VP784  M  ILANA 600MG.VAG. X1CA.BL                    311604175911160417591       0003481252773       000    0    0    0    0    0         1  7592432011523       21084370       21084370   512921380001  N  0                        200229 01/08/2023       USD          362         1086    320407952
01 37076853  GN744  M  KETOPROFENO GN100 X20CA                     6 858000000 858000000       0005148000000       000    0    0    0    0    0         1  7591585171993       21084396       21084396   512921380001  N  0                           069 01/04/2023       USD          268         1607    320407952
01 37076853  ED730  M  NEMODINE 40MG. X20CO                        318681000001868100000       0005604300000       000    0    0    0    0    0         1  7592803001221       21084380       21084380   512921380001  N  0                       2103502 01/04/2024       USD          583         1749    320407952
01 37076853  MK735  M  PREDNISONA +MK50MG. X10TA                   611947000001194700000       0007168200000       000    0    0    0    0    0         1  7591519001044       21084380       21084380   512921380001  N  0                         31767 01/03/2026       USD          373         2237    320407952
01 37076853  LP220  M  PROTOSULFIL 1% CR. 30GR.                    414950000001495000000       0005980000000       000    0    0    0    0    0         1  7591955001486       21084396       21084396   512921380001  N  0                          0283 01/05/2022       USD          467         1866    320407952
01 37076853  LO690  M  RINOMAX SOL. NASAL 15ML.                    4 710991969 710991969       0002843967876       000    0    0    0    0    0         1  7591196000682       21084396       21084396   512921380001  N  0                       I011084 01/02/2023       USD          222          888    320407952
01 37076853  EL071  M  TACHIFORTE 1GR. X20TA                      12 973384880 973384880       000       000       000    0    0    0    0    0         1  7591062900948       21084396       21084396   512921380001  N  0                        21027A 01/06/2023       USD          304         3646    320407952
01 37076853  EL394  M  TACHIFORTE 650MG. X10TA                    12 502464950 502464950       0006029579400       000    0    0    0    0    0         1  7591062017295       21084396       21084396   512921380001  N  0                        20100A 01/09/2025       USD          157         1882    320407952
01 37076853  VM033  M  TADAFOX 5MG. X30TA                          6 845000000 845000000       0005070000000       000    0    0    0    0    0         1  7591020080781       21084396       21084396   512921380001  N  0                            46 01/04/2023       USD          264         1582    320407952
01 37076853  KV339  M  TERAGRIP FORTE 24H TAB. X14                 613199062501389375000 4168125007919437500       000    0    0    5    0    0         1  7591821802414       21084370       21084370   512921380001  N  0                21031382102053 01/03/2023       USD          412         2472    320407952
01 37076853  KV204  M  TERAGRIP FORTE GRAN.X6SOB                   413199062501389375000 2778750005279625000       000    0    0    5    0    0         1  7591821802490       21084370       21084370   512921380001  N  0                       2104125 01/04/2023       USD          412         1648    320407952
01 37076853  MK959  M  TIOCOLCHICOSIDO +MK4 X12                    514001000001400100000       0007000500000       000    0    0    0    0    0         1  7591519007749       21084396       21084396   512921380001  N  0                         31973 01/05/2024       USD          437         2185    320407952
02 37076853        118  112941041360    7997023120    1279523699  122217588179    0    0    0  000    0    0    0   30/06/2021 10:06:44 a.m.   PR           000           000             0            21           USD    320407952        37745
