01 37073170  VA012  M  ANTIFOM 40MG. X10CO                         2 9167083651117937031 4024573321833416730       000    0    0   18    0    0         1  7592349722925       21080706       21080707   512876470001  N  0                       2103017 01/03/2023       USD          287          573    319690301
01 37073170  LT028  M  BIOTALOL 2,5MG. X30CO                       314202500001495000000 2242500004260750000       000    0    5    0    0    0         1  7591585217172       21080704       21080704   512876470001  N  0                           058 01/04/2023       USD          444         1333    319690301
01 37073170  LT028  M  BIOTALOL 2,5MG. X30CO                       114202500001495000000  747500001420250000       000    0    5    0    0    0         1  7591585217172       21080704       21080704   512876470001  N  0                           058 01/04/2023       USD          444          444    319690301
01 37073170  LT031  M  BIOTALOL 5MG. X30CO                         318772000001976000000 2964000005631600000       000    0    5    0    0    0         1  7591585217165       21080704       21080704   512876470001  N  0                           116 01/02/2023       USD          587         1762    319690301
01 37073170  LT031  M  BIOTALOL 5MG. X30CO                         118772000001976000000  988000001877200000       000    0    5    0    0    0         1  7591585217165       21080704       21080704   512876470001  N  0                           116 01/02/2023       USD          587          587    319690301
01 37073170  12587  M  CEFADROXILO KMP 500MGX10T                  10 858000000 858000000       0008580000000       000    0    0    0    0    0         1  6921875010786       21080706       21080707   512876470001  N  0                       2009462 01/09/2023       USD          268         2684    319690301
01 37073170  LT043  M  PEGYT 75MG. X20CA                           213520000001352000000       0002704000000       000    0    0    0    0    0         1  7591585317018       21080706       21080707   512876470001  N  0                           046 01/12/2023       USD          423          846    319690301
01 37073170  CH694  C  CHICCO CH. 200CC.                           4 562165117 562165117       0002248660468 359785675    0    0    0    0    0         2  7591061660317       21080706       21080707   512876470002  N  0                         21503 01/05/2023       USD          176          703    319690301
01 37073170  CR026  C  LOCION INTYFEN INTI 200ML                   2 749041821 749041821       0001498083642 239693383    0    0    0    0    0         2  7591248743215       21080704       21080704   512876470002  N  0                   00221812386 01/04/2023       USD          234          469    319690301
01 37073170  10599  C  LOCION LIMP MIMADITO200ML                   4 759867126 759867126       0003039468504 486314961    0    0    0    0    0         2  7591248741211       21080704       21080704   512876470002  N  0                   00420812387 01/10/2022       USD          238          951    319690301
01 37073170  SQ160  C  LUBRIX CALIDO 70GR.                         2 833625000 833625000       0001667250000 266760000    0    0    0    0    0         2  7592904000352       21080704       21080704   512876470002  N  0                           107 01/03/2023       USD          261          522    319690301
01 37073170  SQ120  C  LUBRIX GEL 60CC.                            2 568737000 568737000       0001137474000 181995840    0    0    0    0    0         2  7592904000017       21080704       21080704   512876470002  N  0                           113 01/05/2024       USD          178          356    319690301
01 37073170  SQ180  C  LUBRIX GEL LUB.CHOCO60CC.                   2 586170000 586170000       0001172340000 187574400    0    0    0    0    0         2  7592904000437       21080704       21080704   512876470002  N  0                           028 01/11/2023       USD          183          367    319690301
01 37073170  SQ190  C  LUBRIX GEL MENTA 60CC.                      2 586170000 586170000       0001172340000 187574400    0    0    0    0    0         2  7592904000451       21080704       21080704   512876470002  N  0                           111 01/05/2024       USD          183          367    319690301
01 37073170  SQ220  C  LUBRIX GEL PIÑA COL.60CC.                   2 586170000 586170000       0001172340000 187574400    0    0    0    0    0         2  7592904000468       21080704       21080704   512876470002  N  0                           029 01/11/2023       USD          183          367    319690301
01 37073170  14418  C  TOALLAS H.MIBB X80                          6 405969828 405969828       0002435818968 389731035    0    0    0    0    0         2  7591251000114       21080706       21080707   512876470002  N  0                        210520 01/05/2023       USD          127          762    319690301
01 37073170  14816  M  AMOXIVAL AC250-62,5 60ML.                   211813839281181383928       0002362767856       000    0    0    0    0    0         3  7591020009003       21080706       21080707   512876470003  N  0                            03 01/05/2023       USD          370          739    319690301
01 37073170  11142  N  BEUSAN EXPECTO JBE.240ML                    6 663487500 663487500       0003980925000       000    0    0    0    0    0         3  7592710001277       21080704       21080704   512876470003  N  0                       1341106 01/06/2023       USD          208         1245    319690301
01 37073170  10614  N  CITRATO POTASIO10%FSI240                    4 762125000 762125000       0003048500000       000    0    0    0    0    0         3  7592368003456       21080704       21080704   512876470003  N  0                       0421061 01/04/2022       USD          238          954    319690301
01 37073170  12516  M  REHIDROSOL FRAMBUES 600ML                   4 893298175 893298175       0003573192700       000    0    0    0    0    0         3  7592637398535       21080704       21080704   512876470003  N  0                       2100048 01/03/2023       USD          279         1118    319690301
01 37073170  10824  M  REHIDROSOL FRESA  600ML                     4 893298175 893298175       0003573192700       000    0    0    0    0    0         3  7592637397415       21080704       21080704   512876470003  N  0                       2100024 01/02/2023       USD          279         1118    319690301
01 37073170  11944  M  REHIDROSOL MANZANA 600ML.                   4 936006856 936006856       0003744027424       000    0    0    0    0    0         3  7592637398528       21080704       21080704   512876470003  N  0                       2100058 01/03/2023       USD          293         1171    319690301
01 37073170  10581  C  TOALLAS HUM. MIMADITO X48                   4 481724907 481724907       0001926899628 308303940    0    0    0    0    0         3  7591248212209       21080706       21080707   512876470003  N  0                    1232131017 01/05/2023       USD          151          603    319690301
02 37073170         76   46589822410   17470675210    2795308034   66855805654    0    0    0  000    0    0    0   28/06/2021 09:13:29 a.m.   PR           000           000             0            23           USD    319690301        20038
