01 37073144  LI240  N  ACUBISINA POLVO 15GR.                       4 596154404 596154404       0002384617616       000    0    0    0    0    0         1  7592306000011       21080706       21080707   512876440001  N  0                       20AP02A 01/12/2023       USD          186          746    319690301
01 37073144  14916  M  AMOXICI-CLAV.MC875/125X14                   222796542652279654265       0004559308530       000    0    0    0    0    0         1   781159319754       21080706       21080707   512876440001  N  0                        201202 01/12/2023       USD          713         1426    319690301
01 37073144  GT119  M  ASAPROL 81MG. X100CO                        424160500002416050000       0009664200000       000    0    0    0    0    0         1  7591585261236       21080706       21080707   512876440001  N  0                           162 01/04/2023       USD          756         3023    319690301
01 37073144  OJ007  N  CASTAÑO DE INDIAS HP 60CA                   417559750001755975000       0007023900000       000    0    0    0    0    0         1  7592710000454       21080704       21080704   512876440001  N  0                       0122904 01/04/2024       USD          549         2197    319690301
01 37073144  12582  M  CEFOTAXIMA KMP 1G X1VIAL                   10 400400000 400400000       0004004000000       000    0    0    0    0    0         1  6921875010816       21080706       21080707   512876440001  N  0                       2009464 01/09/2023       USD          125         1252    319690301
01 37073144  10139  M  DIKLASON GEL TOPICO 50GR.                   2 941850000 941850000       0001883700000       000    0    0    0    0    0         1  7591585219299       21080704       21080704   512876440001  N  0                           048 01/04/2023       USD          295          589    319690301
01 37073144  OJ020  N  GINKGO BILOBA HP CAPS.X60                   216330567501755975000 2458365003266113500       000    0    0    7    0    0         1  7592710000621       21080706       21080707   512876440001  N  0                       0291805 01/05/2024       USD          511         1022    319690301
01 37073144  11820  M  LECHE MAGNESIA ALFA 120ML                   211672700001167270000       0002334540000       000    0    0    0    0    0         1  7468999181682       21080704       21080704   512876440001  N  0                       2009019 01/09/2025       USD          365          730    319690301
01 37073144  11350  C  LIMP ENCIA CLASIC100 GALA                   6 210795000 210795000       0001264770000 202363200    0    0    0    0    0         1  7595751001350       21080704       21080704   512876440001  N  0                       2004027 01/04/2023       USD          066          396    319690301
01 37073144  11324  C  LIMP ENCIA DIAMOND120GALA                   6 345345000 345345000       0002072070000 331531200    0    0    0    0    0         1  7595751001343       21080704       21080704   512876440001  N  0                       2009016 01/09/2023       USD          108          648    319690301
01 37073144  AP239  M  LIPONTAL TAB. 900MG. X30                    233725900003372590000       0006745180000       000    0    0    0    0    0         1  7592601200246       21080704       21080704   512876440001  N  0                        124602 01/04/2023       USD         1055         2110    319690301
01 37073144  14571  M  LOPERAMIDA LAND2MG.X100TA                   227209000002720900000       0005441800000       000    0    0    0    0    0         1  7598008000519       21080704       21080704   512876440001  N  0                         T9078 01/09/2023       USD          851         1702    319690301
01 37073144  11563  N  OMEGA 369 AI 1000MG.X60CA                   426894813402689481340       000       000       000    0    0    0    0    0         1  7592946169659       21080704       21080704   512876440001  N  0                      14209659 01/11/2022       USD          841         3365    319690301
01 37073144  12578  M  PENICILINA KMP 1.200.000U                   4 255016667 255016667       0001020066668       000    0    0    0    0    0         1  6921875010762       21080706       21080707   512876440001  N  0                       2009460 01/09/2023       USD          080          319    319690301
01 37073144  12579  M  PENICILINA KMP 2.400.00UI                   8 327708333 327708333       0002621666664       000    0    0    0    0    0         1  6921875010779       21080706       21080707   512876440001  N  0                       2009461 01/09/2023       USD          102          820    319690301
01 37073144  XS027  N  POMADA AZUFRE XS 10% 60GR                   4 686400000 686400000       0002745600000 439296000    0    0    0    0    0         1  7594001451396       21080706       21080707   512876440001  N  0                      15032103 01/03/2024       USD          215          859    319690301
01 37073144  15005  M  VIT C+ZINC LS.MAND.12SX12                   472540000007254000000       000       000       000    0    0    0    0    0         1  7703763001439       21080706       21080707   512876440001  N  0                       3261843 01/01/2023       USD         2269         9076    319690301
02 37073144         70   93468618338    3336840000     973190400   97778648738    0    0    0  000    0    0    0   28/06/2021 08:58:46 a.m.   PR           000           000             0            17           USD    319690301        30281
