01 37076786  BQ001  M  AMBROXOL BQ. 15MG.120ML.                    6 752659375 775937500 1396687504515956250       000    0    0    3    0    0         1  7594000850909       21084396       21084396   512921400001  N  0                        210317 01/03/2023       USD          235         1409    320407952
01 37076786  LT284  M  ANTUX SOL.ORAL 180ML.                       421515000002151500000       0008606000000       000    0    0    0    0    0         1  7591585214706       21084396       21084396   512921400001  N  0                           280 01/05/2023       USD          671         2686    320407952
01 37076786  BQ320  M  BROMEXINA BQ 4MG.120ML.                     4 673846875 694687500  833625002695387500       000    0    0    3    0    0         1  7594000850985       21084396       21084396   512921400001  N  0                        210308 01/03/2023       USD          210          841    320407952
01 37076786  GQ105  M  BROXOL JBE.AD. 120ML.                       411180000001118000000       0004472000000       000    0    0    0    0    0         1  7592454536271       21084370       21084370   512921400001  N  0                       3268619 01/06/2023       USD          349         1396    320407952
01 37076786  LX103  M  CARNISIN 1G.S.ORAL S/A180                   420410000002041000000       0008164000000       000    0    0    0    0    0         1  7591585112323       21084370       21084370   512921400001  N  0                           052 01/01/2023       USD          637         2548    320407952
01 37076786  JN100  N  JENGIMIEL JBE.AD. 120ML.                    510075000001007500000       0005037500000       000    0    0    0    0    0         1  7592520000019       21084396       21084396   512921400001  N  0                        020221 01/02/2023       USD          314         1572    320407952
01 37076786  JN120  N  JENGIMIEL SABILA JBE.120ML.                 510075000001007500000       0005037500000       000    0    0    0    0    0         1  7592520000033       21084396       21084396   512921400001  N  0                        041120 01/11/2022       USD          314         1572    320407952
01 37076786  LT210  M  LONGACEF 100MG.PPSO 60ML.                   341600000004160000000       000       000       000    0    0    0    0    0         1  7591585116208       21084396       21084396   512921400001  N  0                           498 01/08/2022       USD         1298         3895    320407952
01 37076786  VA054  M  MODERAN SOL.ORAL 120ML.                     221896984022576115767 7728347304379396804       000    0    0   15    0    0         1  7592349527124       21084396       21084396   512921400001  N  0                         P3600 01/08/2022       USD          683         1367    320407952
01 37076786  11260  M  PEDIACORT SOL.PED. 60ML.                    623528152512352815251       000       000       000    0    0    0    0    0         1  7591196006097       21084380       21084380   512921400001  N  0                        041332 01/04/2024       USD          734         4406    320407952
01 37076786  ED219  M  TALERC 1MG.SOL.ORAL 120ML                  12 523250000 523250000       0006279000000       000    0    0    0    0    0         1  7592803001818       21084396       21084396   512921400001  N  0                       2106556 01/06/2023       USD          163         1960    320407952
01 37076786  GQ110  M  BROXOL JBE. PED. 120 CC.                    4 962000000 962000000       0003848000000       000    0    0    0    0    0         2  7592454536370       21084370       21084370   512921400002  N  0                       3268618 01/06/2023       USD          300         1201    320407952
02 37076786         59   79631632060           000           000   79631632060    0    0    0  000    0    0    0   30/06/2021 09:37:33 a.m.   PR           000           000             0            12           USD    320407952        24853
