01 37095657  PD565  M  BARGONIL UNG. 10GR.                         4 773500000 910000000 5460000003094000000       000  000  000 1500  000  000         1  7591955000045       21101929       21101929   513101400001  N  0                          0100 01/01/2022       USD          228          912    339165191
01 37095657  LT028  M  BIOTALOL 2,5MG. X30CO                       314950000001495000000       0004485000000       000  000  000  000  000  000         1  7591585217172       21101914       21101914   513101400001  N  0                           058 01/04/2023       USD          441         1322    339165191
01 37095657  LT031  M  BIOTALOL 5MG. X30CO                         319760000001976000000       0005928000000       000  000  000  000  000  000         1  7591585217165       21101914       21101914   513101400001  N  0                           114 01/01/2023       USD          583         1748    339165191
01 37095657  LT077  M  CANFIR LP 500MG. X30CO                      410790000001079000000       0004316000000       000  000  000  000  000  000         1  7591585112620       21101914       21101914   513101400001  N  0                           028 01/12/2022       USD          318         1273    339165191
01 37095657  VM125  M  CO-SULTRIN TAB. X20                         4 763750000 763750000       0003055000000       000  000  000  000  000  000         1  7591020001076       21101825       21101825   513101400001  N  0                           173 01/02/2026       USD          225          901    339165191
01 37095657  13510  C  EVERY N.D.BOL.BIO BABY P.                   6 263098067 292331185 1753987081578588402 252574144  000 1000  000  000  000         1  7590005162801       21101914       21101914   513101400001  N  0                       2011290 01/12/2022       USD          078          465    339165191
01 37095657  13511  C  EVERY N.D.BOL.BIO NATUREL                   3 263098067 292331185  87699354 789294201 126287072  000 1000  000  000  000         1  7590005162818       21101914       21101914   513101400001  N  0                       2012027 01/12/2022       USD          078          233    339165191
01 37095657  13513  C  EVERY N.D.BOL.BIO POWDER9                   6 263098067 292331185 1753987081578588402 252574144  000 1000  000  000  000         1  7590005162832       21101914       21101914   513101400001  N  0                       2104160 01/04/2023       USD          078          465    339165191
01 37095657  14389  M  IVERMECTINA VM 6MG. X4TA                    6 417631500 417631500       0002505789000       000  000  000  000  000  000         1  7591020009041       21101825       21101825   513101400001  N  0                            05 01/04/2023       USD          123          739    339165191
01 37095657  12993  C  LIMA PARA UÑAS EVO120/180                   6 242320830 269245367 1615472221453924980 232627997  000 1000  000  000  000         1  7453078502366       21101914       21101914   513101400001  N  0                           10X 01/01/2030       USD          071          429    339165191
01 37095657  NQ100  N  OMEGA 3 FISH OIL VAL 30CA                   315258425001606150000 2409225004577527500       000  000  500  000  000  000         1   669238000499       21101914       21101914   513101400001  N  0                        271120 01/11/2024       USD          450         1350    339165191
01 37095657  11047  N  PASSIFLORA PLUS FG JBE180                   2 643434480 643434480       0001286868960       000  000  000  000  000  000         1       01100181       21101914       21101914   513101400001  N  0                          2358 01/05/2024       USD          190          379    339165191
01 37095657  10476  C  SET MANICURE BEBE GEN 4P.                   311525366481280596275 3841788813457609944 553217591  000 1000  000  000  000         1  7453078522357       21101914       21101914   513101400001  N  0                           10X 01/01/2030       USD          340         1019    339165191
01 37095657  15020  C  SHAMPOO KERATINA STAY400                    3 468607842 520675380 1562026141405823526 224931764  000 1000  000  000  000         1  6927970897048       21101914       21101914   513101400001  N  0                       1908001 01/08/2022       USD          138          414    339165191
01 37095657  15019  C  SHAMPOO OLIVE STAY 400ML.                   3 468607842 520675380 1562026141405823526 224931764  000 1000  000  000  000         1  6927970895518       21101914       21101914   513101400001  N  0                       1908001 01/08/2022       USD          138          414    339165191
01 37095657  15017  C  SHAMPOO ROMERO STAY400ML                    3 468607842 520675380 1562026141405823526 224931764  000 1000  000  000  000         1  6927970895532       21101914       21101914   513101400001  N  0                       1908001 01/08/2022       USD          138          414    339165191
01 37095657  VO104  M  VALSART H.GCER80/12,5X14                    3 909170127 909170127       0002727510381       000  000  000  000  000  000         1  7591020008594       21101825       21101825   513101400001  N  0                            13 01/09/2022       USD          268          804    339165191
01 37095657  12616  C  EVERY N.MEN D.BOL FRESH90                   3 263098067 292331185  87699354 789294201 126287072  000 1000  000  000  000         2  7590005168834       21101914       21101914   513101400002  N  0                       2104079 01/04/2023       USD          078          233    339165191
01 37095657  12615  C  EVERY N.MEN SPORT D.BOL90                   3 263098067 292331185  87699354 789294201 126287072  000 1000  000  000  000         2  7590005168810       21101914       21101914   513101400002  N  0                       2105083 01/05/2023       USD          078          233    339165191
01 37095657  VM780  M  AMOXIVAL 250MG.PPSO 90ML.                   612396867911239686791       0007438120746       000  000  000  000  000  000         3  7591020000758       21101825       21101825   513101400003  N  0                           415 01/10/2022       USD          366         2193    339165191
01 37095657  VM419  M  AMOXIVAL 750MG.PPSO 70ML.                   619689124441968912444       000       000       000  000  000  000  000  000         3  7591020008082       21101825       21101825   513101400003  N  0                           151 01/03/2022       USD          581         3483    339165191
01 37095657  ED384  M  MUCLAR JBE. 30/5MG  60ML                    411830000001183000000       0004732000000       000  000  000  000  000  000         3  7592803002402       21101914       21101914   513101400003  N  0                       2105536 01/05/2023       USD          349         1395    339165191
01 37095657  11260  M  PEDIACORT SOL.PED. 60ML.                    421175337262352815251 9411261008470134904       000  000 1000  000  000  000         3  7591196006097       21101914       21101914   513101400003  N  0                        041332 01/04/2024       USD          624         2497    339165191
01 37095657  LT434  M  PULMOLET SUSP. P.NEB.15CC                   6 806000000 806000000       0004836000000       000  000  000  000  000  000         3  7591585117199       21101914       21101914   513101400003  N  0                           028 01/03/2023       USD          238         1426    339165191
02 37095657         97   69265426155   14654064909    2344650385   86264141449    0    0    0  000    0    0    0   15/07/2021 10:51:30 a.m.   PR           000           000             0            24           USD    339165191        24743
