01 37100892  GQ749  M  AZITROMICINA ELTER 500X5                   2410855000001085500000       000       000       000  000  000  000  000  000         1  7703763700219       21108558       21108558   513166730001  N  0                       3267843 01/05/2024       USD          300         7200    361851221
01 37100892  GQ719  M  CLOTRI-NEO-DEXA ELTER20GR                   416911700001691170000       0006764680000       000  000  000  000  000  000         1  7703763300051       21108558       21108558   513166730001  N  0                       3268048 01/05/2024       USD          467         1869    361851221
01 37100892  MK040  M  FEXOFENADINA C.+MK120 X10                   310634000001063400000       0003190200000       000  000  000  000  000  000         1  7591519007688       21108558       21108558   513166730001  N  0                         31507 01/10/2022       USD          294          882    361851221
01 37100892  VP784  M  ILANA 600MG.VAG. X1CA.BL                    412094283941209428394       0004837713576       000  000  000  000  000  000         1  7592432011523       21108558       21108558   513166730001  N  0                        200229 01/08/2023       USD          334         1337    361851221
01 37100892  MK039  M  IRBESARTAN +MK300MG. X7TA                   410869885001278810000 7672860004347954000       000  000  000 1500  000  000         1  7591519007336       21108558       21108558   513166730001  N  0                         31971 01/06/2024       USD          300         1202    361851221
01 37100892  MK809  M  IVERMECTINA +MK 6MG. X4TA                  12 374595000 440700000 7932600004495140000       000  000  000 1500  000  000         1  7591519007121       21108558       21108558   513166730001  N  0                         31883 01/04/2023       USD          104         1242    361851221
01 37100892  14935  A  MI-VIT PVO. X30SOB.                         41425450000167700000010062000005701800000 912288000  000  000 1500  000  000         1  7591519000313       21108558       21108558   513166730001  N  0                        378972 01/12/2022       USD          394         1576    361851221
01 37100892  VM715  M  SALBUROL SOL. P/INH.20ML.                   6 859787500 859787500       0005158725000       000  000  000  000  000  000         1  7591020001625       21108558       21108558   513166730001  N  0                           115 01/05/2023       USD          238         1426    361851221
01 37100892  GQ107  M  ACETAMINOFEN ELTER JBE120                  12 487110000 487110000       0005845320000       000  000  000  000  000  000         2  7592454003100       21108558       21108558   513166730002  N  0                       3270610 01/06/2024       USD          135         1615    361851221
01 37100892  14816  M  AMOXIVAL AC250-62,5 60ML.                   511813839281181383928       0005906919640       000  000  000  000  000  000         2  7591020009003       21108558       21108558   513166730002  N  0                            03 01/05/2023       USD          326         1632    361851221
02 37100892         78   72300452216           000     912288000   73212740216    0    0    0  000    0    0    0   20/07/2021 10:44:03 a.m.   PR           000           000             0            10           USD    361851221        19981
