01 37149131  CO130  M  AIRFEN GOTAS NAS.AD.15ML                    6 859211964 876746902 1052096285155271784       000  000  000  000  000  200         1  7591818111017       21148411       21148411   513648280001  N  0                         10198 01/06/2024       USD          208         1250    412346432
01 37149131  VF010  C  ARNICA FC GEL PM BOL90GR.                   2 593047000 605150000  242060001186094000 189775040  000  000  000  000  200         1  7593090000201       21148490       21148490   513648280001  N  0                       2106001 01/06/2024       USD          144          288    412346432
01 37149131  12193  M  AZITROMICINA AL200 22,5ML                  12 9894782591009671693 242321208       000       000  000  000  000  000  200         1  7597758000152       21148411       21148411   513648280001  N  0                      A1ARD001 01/02/2024       USD          240         2880    412346432
01 37149131  12037  M  AZITROMICINA AL500 X5TA                    2411308322961153910506 553877040       000       000  000  000  000  000  200         1  7597758000145       21148411       21148411   513648280001  N  0                        AZS001 01/03/2024       USD          274         6582    412346432
01 37149131  MY113  M  CETRAL 10MG. X10TA                         12 576561440 73541000019061827206918737280       000  000  000 2000  000  200         1  7592601100690       21148411       21148411   513648280001  N  0                        125803 01/04/2023       USD          140         1678    412346432
01 37149131  MY039  M  CETRAL SOL.ORAL 60ML.                      1210065874001027130000 246511200       000       000  000  000  000  000  200         1  7592601100928       21148411       21148411   513648280001  N  0                        131201 01/01/2023       USD          244         2929    412346432
01 37149131  LO120  M  CLARASOL SOL.OFT. 15ML.                     612584081601323804082 3923755327550448960       000  000  000  300  000  200         1  7591196000071       21148563       21148563   513648280001  N  0                       I041134 01/04/2024       USD          305         1831    412346432
01 37149131  LO509  M  DESLORAT 0,5MG. JBE.60ML.                  10 865003266 909955045 4495177908650032660       000  000  000  300  000  200         1  7591196004161       21148449       21148449   513648280001  N  0                        031024 01/03/2023       USD          210         2098    412346432
01 37149131  12035  M  DICLOFENAC P.AL50MG.X20TA                  24 455323100 464615408 223015392       000       000  000  000  000  000  200         1  7597758000510       21148449       21148449   513648280001  N  0                         DL156 01/12/2023       USD          110         2650    412346432
01 37149131  11904  M  DUOVENT SOL.P.INH. 15ML.                    320541215832160868486 3202407096162364749       000  000  000  300  000  200         1  7591196002204       21148563       21148563   513648280001  N  0                        071864 01/07/2023       USD          498         1494    412346432
01 37149131  LO810  M  FISIOLIN GOTAS PED. 15ML.                  12 887024381 905126919 217230456       000       000  000  000  000  000  200         1  7591196002198       21148563       21148563   513648280001  N  0                       I020850 01/03/2023       USD          215         2581    412346432
01 37149131  MO130  M  MUPROBAN 2% UNG. 30GR.                      230883034003151330000 1260532006176606800       000  000  000  000  000  200         1  7592601101116       21148563       21148563   513648280001  N  0                        132803 01/06/2023       USD          749         1498    412346432
01 37149131  LO414  M  NAS SOL.GOTAS AD. 15ML.                    12 607354484 638916983 3787499887288253808       000  000  000  300  000  200         1  7591196003140       21148411       21148411   513648280001  N  0                       I120060 01/12/2022       USD          147         1768    412346432
01 37149131  LP220  M  PROTOSULFIL 1% CR. 30GR.                    315288000001560000000  936000004586400000       000  000  000  000  000  200         1  7591955001486       21148411       21148411   513648280001  N  0                          0297 01/07/2022       USD          371         1112    412346432
01 37149131  12364  M  QUANOX 0,6% SO.OR 5ML                       2 977285400 997230000  398892001954570800       000  000  000  000  000  200         1  7707355054995       21148411       21148411   513648280001  N  0                      12390820 01/08/2022       USD          237          474    412346432
01 37149131  11211  C  ARNICA FC FORTE TARRO 250                   212485200001274000000  509600002497040000 399526400  000  000  000  000  200         2  7593090000799       21148490       21148490   513648280002  N  0                        030621 01/06/2024       USD          303          606    412346432
01 37149131  10854  C  ARNICA FC FORTE90GR.BOL                     2 593047000 605150000  242060001186094000 189775040  000  000  000  000  200         2  7593090000676       21148490       21148490   513648280002  N  0                       2106001 01/06/2024       USD          144          288    412346432
01 37149131  11209  C  ARNICA FC LOC.AER. 64GR.                    2 9988160001019200000  407680001997632000 319621120  000  000  000  000  200         2  7593090001079       21148490       21148490   513648280002  N  0                        200368 01/09/2023       USD          242          484    412346432
01 37149131  PB089  C  OVERSKIN 40% CR. 50GR.                      4 630465307 643331946  514665562521861228 403497796  000  000  000  000  200         2  7591309000622       21148449       21148449   513648280002  N  0                      A2106196 01/06/2024       USD          153          612    412346432
01 37149131  VM105  M  LORAVAL JBE. 60 CC.                        12 676812500 690625000 1657500008121750000       000  000  000  000  000  200         3  7591020001342       21148449       21148449   513648280003  N  0                            57 01/07/2023       USD          164         1970    412346432
01 37149131  AP440  M  PLEXAMIN JBE. 120ML.                        422379084002283580000 1826864008951633600       000  000  000  000  000  200         3  7592601200413       21148411       21148411   513648280003  N  0                        116602 01/12/2022       USD          543         2171    412346432
02 37149131        168  144180880425    9388721228    1502195396  155071797049    0    0    0  000    0    0    0   23/08/2021 11:01:30 a.m.   PR           000           000             0            21           USD    412346432        37243
