01 37167341  GT119  M  ASAPROL 81MG. X100CO                        537700000003770000000       000       000       000  000  000  000  000  000         1  7591585261236       21164498       21164498   513828830001  N  0                           165 01/05/2023       USD          929         4644    405878711
01 37167341  PO185  M  BACTRON TAB. X20                            611830000001183000000       0007098000000       000  000  000  000  000  000         1  7592806133073       21164498       21164498   513828830001  N  0                        105078 01/05/2026       USD          291         1749    405878711
01 37167341  FA022  M  BONAMES 150MG. X1TA                         216672500001667250000       0003334500000       000  000  000  000  000  000         1  7591821903326       21164081       21164081   513828830001  N  0                       2105132 01/05/2025       USD          411          822    405878711
01 37167341  10655  C  CHUPON SIL GENIAL                           3 690945701 690945701       0002072837103 331653936  000  000  000  000  000         1  7453078521732       21164393       21164393   513828830001  N  0                           10X 01/01/2030       USD          170          511    405878711
01 37167341  ED105  M  CINAREN 25MG. X50CO                         426000000002600000000       000       000       000  000  000  000  000  000         1  7592803000101       21164081       21164081   513828830001  N  0                       2106572 01/07/2025       USD          641         2562    405878711
01 37167341  12589  M  CIPROFLOX. INF 200X100ML                    4 484380000 484380000       0001937520000       000  000  000  000  000  000         1  6942189304378       21164081       21164081   513828830001  N  0                        210421 01/04/2024       USD          119          477    405878711
01 37167341  PA184  N  FLEXURAT 500/400 X30TA                      250060515705006051570       000       000       000  000  000  000  000  000         1  7591241817968       21164498       21164498   513828830001  N  0                       9233301 01/05/2023       USD         1233         2467    405878711
01 37167341  VC215  M  FUGOLIN CR. 20 GR.                          311050000001105000000       0003315000000       000  000  000  000  000  000         1  7592782000130       21164498       21164498   513828830001  N  0                       2150006 01/05/2023       USD          272          817    405878711
01 37167341  11464  C  GASAS EST.4X4 ALGOB X25S                    214665625001466562500       0002933125000 469300000  000  000  000  000  000         1 17593255000418       21164235       21164235   513828830001  N  0                       1201013 01/01/2026       USD          361          723    405878711
01 37167341  CR300  C  MIMADITO BASTONCITOS X50                    6 289961265 289961265       0001739767590 278362814  000  000  000  000  000         1  7591248821104       21164235       21164235   513828830001  N  0                  M41732182110 01/06/2024       USD          071          429    405878711
01 37167341  FA239  M  NOTOLAC 30MG. X4TA.SUBL.                    4 873600000 873600000       0003494400000       000  000  000  000  000  000         1  7591821210134       21164454       21164454   513828830001  N  0                       2106107 01/07/2023       USD          215          861    405878711
01 37167341  FF200  M  SILVEDERMA 1% CR. 50GR.                     320741828222074182822       0006222548466       000  000  000  000  000  000         1  8470007006244       21164454       21164454   513828830001  N  0                      012P037B 01/09/2023       USD          511         1533    405878711
01 37167341  10489  C  TETERO TOMI T.8OZ 0+M                       313754000001375400000       0004126200000 660192000  000  000  000  000  000         1  8859140111303       21164393       21164393   513828830001  N  0                        734120 01/01/2030       USD          339         1017    405878711
01 37167341  LT249  M  XYLON 5MG/6,25MG. X30CO                     316432000001643200000       0004929600000       000  000  000  000  000  000         1  7591585113313       21164439       21164439   513828830001  N  0                           086 01/02/2023       USD          405         1215    405878711
02 37167341         50   69593671606   10871929693    1739508751   82205110050    0    0    0  000    0    0    0   06/09/2021 11:01:24 a.m.   PR           000           000             0            14           USD    405878711        19825
