01 37177942  VO107  M  AC FOLICO GENCER 10X30                     24 779187500 779187500       000       000       000  000  000  000  000  000         1  7591020008174       21172140       21172140   513923860001  N  0                            24 01/07/2026       USD          192         4609    405752865
01 37177942  VP529  M  ALBISEC CAPS. X12                           323106998422310699842       0006932099526       000  000  000  000  000  000         1  7703153037512       21171380       21171380   513923860001  N  0                       1328941 01/12/2023       USD          569         1708    405752865
01 37177942  12926  M  DICLOFENAC S. AL100 10SUP                   312116060321514507540 9087045243634818096       000  000  000 2000  000  000         1  7597758000633       21172166       21172166   513923860001  N  0                      K1ABG010 01/05/2023       USD          299          896    405752865
01 37177942  VM494  M  DUROVAL 50MG. X10TA                        1019080750001908075000       000       000       000  000  000  000  000  000         1  7591020008440       21171982       21171982   513923860001  N  0                           636 01/07/2026       USD          470         4703    405752865
01 37177942  11666  M  ETORICOXIB +MK60MG. X10TA                   211700000001170000000       0002340000000       000  000  000  000  000  000         1  7591519317275       21172140       21172140   513923860001  N  0                         31990 01/06/2023       USD          288          577    405752865
01 37177942  VP664  M  EVIGAX 125MG. X20CA.BLA                     321124012952112401295       0006337203885       000  000  000  000  000  000         1  7592432010212       21171380       21171380   513923860001  N  0                        210126 01/05/2024       USD          521         1562    405752865
01 37177942  GB850  M  GLICERINA GC SUPOS.AD. X6                   316510000001651000000       0004953000000       000  000  000  000  000  000         1  7592349923957       21172140       21172140   513923860001  N  0                       2106163 01/06/2023       USD          407         1221    405752865
01 37177942  GB840  M  GLICERINA GC SUPOS.PED.X6                   312220000001222000000       0003666000000       000  000  000  000  000  000         1  7591136923873       21172140       21172140   513923860001  N  0                       2104135 01/04/2023       USD          301          904    405752865
01 37177942  14426  M  HIDROCOR AL500IM/IM X1AM                    418395071731839507173       0007358028692       000  000  000  000  000  000         1  7597758000695       21172140       21172140   513923860001  N  0                       2120170 01/07/2023       USD          453         1813    405752865
01 37177942  CO540  M  MIOVIT COMP. 3ML. X3A KIT                  12155918731620789164216236749260       000       000  000  000 2500  000  000         1  7591818026366       21172140       21172140   513923860001  N  0                         10085 01/04/2024       USD          384         4611    405752865
01 37177942  12444  M  NIFEDIPINA RAV 10MG X30TA                   419791200001979120000       0007916480000       000  000  000  000  000  000         1  7460828579394       21171380       21171380   513923860001  N  0                        109818 01/10/2023       USD          488         1951    405752865
01 37177942  EH210  M  SECNIDAZOL VP 1GR. X2TA                     6 633542654 633542654       0003801255924       000  000  000  000  000  000         1  7703153019914       21171380       21171380   513923860001  N  0                       1354516 01/06/2024       USD          156          937    405752865
01 37177942  VM780  M  AMOXIVAL 250MG.PPSO 90ML.                   617206245111720624511       000       000       000  000  000  000  000  000         2  7591020000758       21171380       21171380   513923860002  N  0                           419 01/05/2023       USD          424         2544    405752865
01 37177942  VM419  M  AMOXIVAL 750MG.PPSO 70ML.                   327271543872727154387       0008181463161       000  000  000  000  000  000         2  7591020008082       21171380       21171380   513923860002  N  0                           152 01/03/2025       USD          672         2016    405752865
01 37177942  LO444  M  APIRET 180SOL.ORAL 120ML.                   5 949279224 949279224       0004746396120       000  000  000  000  000  000         2  7591196002785       21171380       21171380   513923860002  N  0                       I081178 01/08/2023       USD          234         1170    405752865
01 37177942  VM105  M  LORAVAL JBE. 60 CC.                        12 690625000 690625000       0008287500000       000  000  000  000  000  000         2  7591020001342       21172140       21172140   513923860002  N  0                            58 01/07/2023       USD          170         2042    405752865
01 37177942  VM200  M  VITISIVAL SOL.ORAL 240ML.                   419500000001950000000       0007800000000       000  000  000  000  000  000         2  7591020008495       21171390       21171390   513923860002  N  0                           648 01/08/2025       USD          481         1922    405752865
02 37177942        107  142769490262           000           000  142769490262    0    0    0  000    0    0    0   13/09/2021 04:32:05 p.m.   PR           000           000             0            17           USD    405752865        35186
