01 37207847  11905  M  ARUDIL 15MG. X10TA                          2      3510      3510       000      7020       000  000  000  000  000  000         1  7591821210011       21195995       21195995   514233250001  N  0                       2106245 01/07/2023       USD          840         1679          418
01 37207847  11906  M  ARUDIL 15MG. X30TA                          2      9945      9945       000     19890       000  000  000  000  000  000         1  7591821210561       21195995       21195995   514233250001  N  0                       2106245 01/07/2023       USD         2379         4758          418
01 37207847  13642  M  ATENOLOL 50MG X30 TAB BUK                   4       845       845       000      3380       000  000  000  000  000  000         1  0675696259966       21195995       21195995   514233250001  N  0                        AT5304 01/08/2023       USD          202          809          418
01 37207847  GQ719  M  CLOTRI-NEO-DEXA ELTER20GR                   4      2132      2132       000      8528       000  000  000  000  000  000         1  7703763300051       21195995       21195995   514233250001  N  0                       3268047 01/05/2024       USD          510         2040          418
01 37207847  14781  M  DICLOFENAC P. DAC50 X20TA                  20       451       451       000      9020       000  000  000  000  000  000         1  7598578000230       21195995       21195995   514233250001  N  0                          V185 01/01/2024       USD          108         2158          418
01 37207847  14720  M  DIOSMINA-HES LS450-50 X10                   3      2093      2093       000      6279       000  000  000  000  000  000         1  7592454003193       21195995       21195995   514233250001  N  0                       3273880 01/08/2023       USD          501         1502          418
01 37207847  15390  M  ENOVAL 10MG. X30TA                          6       407       407       000      2442       000  000  000  000  000  000         1  7501075725407       21195995       21195995   514233250001  N  0                        160291 01/04/2023       USD          097          584          418
01 37207847  VC215  M  FUGOLIN CR. 20 GR.                          4      1105      1105       000      4420       000  000  000  000  000  000         1  7592782000130       21195995       21195995   514233250001  N  0                       2150006 01/05/2023       USD          264         1057          418
01 37207847  12379  M  LOSARTAN P HTC 50-12,5X30                   6      1297      1297       000      7782       000  000  000  000  000  000         1  7598176000090       21195995       21195995   514233250001  N  0                       21T0426 01/03/2024       USD          310         1862          418
01 37207847  CO500  M  MIOVIT COMP. 3ML. X1A KIT                   4       978       978       000      3912       000  000  000  000  000  000         1  7591818113011       21195995       21195995   514233250001  N  0                         10088 01/04/2024       USD          234          936          418
01 37207847  CO540  M  MIOVIT COMP. 3ML. X3A KIT                   4      2495      2495       000      9980       000  000  000  000  000  000         1  7591818026366       21195995       21195995   514233250001  N  0                         10084 01/04/2024       USD          597         2388          418
01 37207847  MY134  M  MUPROBAN 2% UNG. 15GR.                      2      1608      1608       000      3216       000  000  000  000  000  000         1  7592601101093       21195995       21195995   514233250001  N  0                        132804 01/07/2023       USD          385          769          418
01 37207847  LO550  M  QUINOTIC 0,30%S.OTICA 5ML                   4      1293      1293       000      5172       000  000  000  000  000  000         1  7591196000620       21195995       21195995   514233250001  N  0                        081396 01/08/2023       USD          309         1237          418
01 37207847  LO580  M  QUINOTIC HC OTICA 5ML.                      4      1703      1703       000      6812       000  000  000  000  000  000         1  7591196000637       21195995       21195995   514233250001  N  0                        081834 01/08/2023       USD          407         1630          418
01 37207847  MK339  M  VIAJESAN 50MG. X10TA                        3       780       780       000      2340       000  000  000  000  000  000         1   769229220612       21195995       21195995   514233250001  N  0                        650221 01/02/2024       USD          187          560          418
01 37207847  15602  M  VIZERUL 150MG. X30CO                        4      1846      1846       000      7384       000  000  000  000  000  000         1  7592803004031       21195995       21195995   514233250001  N  0                     2105545DA 01/07/2024       USD          442         1766          418
02 37207847         76        107577           000           000        107577    0    0    0  000    0    0    0   04/10/2021 02:00:26 p.m.   PR           000           000             0            16           USD          418        25736
