01 37200323  15029  M  AMLODIPINA AL5MG. X30TA                     6 641381923 801727404 9620728863848291538       000  000  000 2000  000  000         1  7597758000756       21189894       21189894   514161950001  N  0                        SAF001 01/12/2023       USD          155          929    414272704
01 37200323  12193  M  AZITROMICINA AL200 22,5ML                  12 807737354100967169324232120689692848248       000  000  000 2000  000  000         1  7597758000152       21190054       21190054   514161950001  N  0                      A1ARD002 01/03/2024       USD          195         2340    414272704
01 37200323  OJ007  N  CASTAÑO DE INDIAS HP 60CA                   42370566250263396250010535850009482265000       000  000  000 1000  000  000         1  7592710000454       21189894       21189894   514161950001  N  0                       0122708 01/08/2024       USD          572         2289    414272704
01 37200323  CO490  M  CELAY 10MG. GOTAS 15ML.                     4 780133026 866814473 3467257883120532104       000  000  000 1000  000  000         1  7591818111123       21190038       21190038   514161950001  N  0                         00299 01/07/2022       USD          188          753    414272704
01 37200323  13423  M  CLORACE JBE PED S/A 120M                    2 894028932 993365480 1986730961788057864       000  000  000 1000  000  000         1  7591818716700       21190038       21190038   514161950001  N  0                         10148 01/05/2025       USD          216          432    414272704
01 37200323  VM364  M  COLVAL AMP. 2 CC. X 2                       512510452501251045250       0006255226250       000  000  000  000  000  000         1  7591020007818       21190051       21190051   514161950001  N  0                           164 01/06/2026       USD          302         1510    414272704
01 37200323  LO509  M  DESLORAT 0,5MG. JBE.60ML.                   310009505491000950549       0003002851647       000  000  000  000  000  000         1  7591196004161       21189894       21189894   514161950001  N  0                       I041616 01/06/2023       USD          242          725    414272704
01 37200323  LO810  M  FISIOLIN GOTAS PED. 15ML.                  10 997902429 997902429       0009979024290       000  000  000  000  000  000         1  7591196002198       21190050       21190050   514161950001  N  0                       I060946 01/07/2023       USD          241         2409    414272704
01 37200323  10523  C  MENTORUB UNG.CORP. 30GR.                    4 707070000 707070000       0002828280000 452524800  000  000  000  000  000         1  7593090000959       21189894       21189894   514161950001  N  0                       F210704 01/07/2024       USD          171          683    414272704
01 37200323  12634  M  QUETIAPINA PSICO 25X30TA                    330551344753055134475       0009165403425       000  000  000  000  000  000         1  7501384546205       21190050       21190050   514161950001  N  0                       9040321 01/03/2023       USD          737         2212    414272704
01 37200323  LO690  M  RINOMAX SOL. NASAL 15ML.                    310433291671043329167       0003129987501       000  000  000  000  000  000         1  7591196000682       21190050       21190050   514161950001  N  0                       I011084 01/02/2023       USD          252          756    414272704
01 37200323  LO680  M  TOBRASOL UNG. OFT. 7,5GR.                   423378896092337889609       0009351558436       000  000  000  000  000  000         1  7591196000873       21190051       21190051   514161950001  N  0                        051294 01/06/2023       USD          564         2257    414272704
01 37200323  VM105  M  LORAVAL JBE. 60 CC.                         7 690625000 690625000       0004834375000       000  000  000  000  000  000         2  7591020001342       21190038       21190038   514161950002  N  0                            58 01/07/2023       USD          167         1167    414272704
01 37200323  VM264  M  OXOLAMINA GNCER PED.120CC                   6 892833575 892833575       0005357001450       000  000  000  000  000  000         2  7591020001526       21190051       21190051   514161950002  N  0                           105 01/07/2024       USD          216         1293    414272704
02 37200323         73   79007422753    2828280000     452524800   82288227553    0    0    0  000    0    0    0   28/09/2021 11:20:21 a.m.   PR           000           000             0            14           USD    414272704        19754
