01 37265409  13464  M  CANDEXIL PLUS 32/12,5MX28                   2      6033      6033       000     12066       000  000  000  000  000  000         1  8699525014351       21246433       21246433   514813030001  N  0                       A086787 01/07/2023       USD         1350         2699          447
01 37265409  CO490  M  CELAY 10MG. GOTAS 15ML.                     4      1040      1040       000      4160       000  000  000  000  000  000         1  7591818111123       21246433       21246433   514813030001  N  0                         00299 01/07/2022       USD          233          931          447
01 37265409  CO003  M  CELAY SOL.ORAL. 100ML.                      6      1820      1820       000     10920       000  000  000  000  000  000         1  7591818215050       21246433       21246433   514813030001  N  0                         10301 01/08/2023       USD          407         2443          447
01 37265409  ED004  M  CLOFEN 1,8MG. SUSP. 60ML.                   4       910       910       000      3640       000  000  000  000  000  000         1  7592803001801       21246463       21246463   514813030001  N  0                       2107596 01/08/2023       USD          204          814          447
01 37265409  CO265  M  CLORACE 500MG/4MG X10TA                     4      1001      1001       000      4004       000  000  000  000  000  000         1  7591818116043       21246463       21246463   514813030001  N  0                         10214 01/06/2024       USD          224          896          447
01 37265409  CO770  M  CLORACE 500MG/4MG X20TA                     4      1867      1867       000      7468       000  000  000  000  000  000         1  7591818215265       21246463       21246463   514813030001  N  0                         10451 01/10/2024       USD          418         1671          447
01 37265409  PO195  M  DECOBEL VIAL 8MG. 2ML.                      6      1105      1105       000      6630       000  000  000  000  000  000         1  7592806112047       21246463       21246463   514813030001  N  0                        109154 01/09/2024       USD          247         1483          447
01 37265409  VA551  M  KETAZOL 20MG. CREMA 15GR.                   4      1208      1208       000      4832       000  000  000  000  000  000         1  7592349429787       21246463       21246463   514813030001  N  0                       2109538 01/09/2026       USD          270         1081          447
01 37265409  VA359  M  KETAZOL CH. 2% 60ML.                        4      3263      3263       000     13052       000  000  000  000  000  000         1  7592349722949       21246463       21246463   514813030001  N  0                       2110028 01/10/2023       USD          730         2920          447
01 37265409  14846  M  KETOPROFENO ZIEL100 X5A                     2      3088      3088       000      6176       000  000  000  000  000  000         1  0781584377633       21246463       21246463   514813030001  N  0                     EP0121011 01/03/2023       USD          691         1382          447
01 37265409  15446  M  KETOVEN 2% CR.TOP. 30GR.                    4       892       892       000      3568       000  000  000  000  000  000         1  7596347793581       21246463       21246463   514813030001  N  0                       01V0923 01/09/2023       USD          200          798          447
01 37265409  CO125  M  PINVEX SOL.TOP.BUCAL 10ML                   5      1192      1192       000      5960       000  000  000  000  000  000         1  7591818111055       21246463       21246463   514813030001  N  0                         10187 01/06/2026       USD          267         1333          447
01 37265409  12680  M  SOL ISOTONICA BC0,9% 500                   12       975       975       000     11700       000  000  000  000  000  000         1  7597767000068       21246463       21246463   514813030001  N  0                      21062419 01/06/2024       USD          218         2617          447
01 37265409  14152  M  SULTAMICILINA ZIEL750 X10                   2      6500      6500       000     13000       000  000  000  000  000  000         1  0763331474659       21246463       21246463   514813030001  N  0                     EBT210073 01/06/2023       USD         1454         2908          447
01 37265409  ED224  M  TALERC 10MG. GOTAS 15ML.                    4       572       572       000      2288       000  000  000  000  000  000         1  7592803001825       21246433       21246433   514813030001  N  0                       2106555 01/06/2024       USD          128          512          447
01 37265409  LC309  M  ALIVET 4DIAS 8D-4N X12CO                    8      1156      1156       000      9248       000  000  000  000  000  000         2  7591585116000       21246463       21246463   514813030002  N  0                           341 01/12/2022       USD          259         2069          447
01 37265409  14215  M  DECOBEL 0.5MG X30TA                         2      1482      1482       000      2964       000  000  000  000  000  000         2  7592806133110       21246463       21246463   514813030002  N  0                        107127 01/07/2023       USD          332          663          447
01 37265409  LT046  M  GENLET 200MG. X20CO                         2      2478      2478       000      4956       000  000  000  000  000  000         2  7591585110183       21246463       21246463   514813030002  N  0                           053 01/08/2023       USD          554         1109          447
02 37265409         79        126632           000           000        126632    0    0    0  000    0    0    0   12/11/2021 01:52:36 p.m.   PR           000           000             0            18           USD          447        28329
