01 37276910  ET002  C  ADEMINA 3E CR. DP 60GR.                     3      2064      2064       000      6192       991  000  000  000  000  000         1  7591844000590       21256314       21256314   514928070001  N  0                     ADP210102 01/05/2024       USD          455         1364          454
01 37276910  ET350  C  ADEMINA PLUS CR.CORP.60GR                   4      1768      1768       000      7072      1132  000  000  000  000  000         1  7591844000446       21256314       21256314   514928070001  N  0                    AP60210105 01/07/2024       USD          389         1558          454
01 37276910  PO195  M  DECOBEL VIAL 8MG. 2ML.                      6      1105      1105       000      6630       000  000  000  000  000  000         1  7592806112047       21256388       21256388   514928070001  N  0                        109154 01/09/2024       USD          243         1460          454
01 37276910  12466  M  DEKORT 4MG. X20TA                           2      3752      3752       000      7504       000  000  000  000  000  000         1  8699525019752       21256554       21256554   514928070001  N  0                       A092365 01/01/2023       USD          826         1653          454
01 37276910  LT021  M  DIMAVYL MET 2/500 X30CO                     2      2432      2432       000      4864       000  000  000  000  000  000         1  7591585212573       21256388       21256388   514928070001  N  0                           092 01/02/2023       USD          536         1071          454
01 37276910  15984  M  HIDROCLOROTI DIS12,5 X30                    4      1071      1071       000      4284       000  000  000  000  000  000         1  7598252101727       21256388       21256388   514928070001  N  0                        210554 01/05/2024       USD          236          944          454
01 37276910  VA551  M  KETAZOL 20MG. CREMA 15GR.                   4      1251      1251       000      5004       000  000  000  000  000  000         1  7592349429787       21256388       21256388   514928070001  N  0                       2109538 01/09/2026       USD          276         1102          454
01 37276910  14495  A  LACTOVAC SUSP.PED. 12ML.                    4       987       987       000      3948       632  000  000  000  000  000         1  7596855001031       21256314       21256314   514928070001  N  0                   P0204210914 01/06/2022       USD          217          870          454
01 37276910  12088  M  LEVOTIROXI DAC100MCG.30TA                   4       989       989       000      3956       000  000  000  000  000  000         1  7598578000148       21256439       21256439   514928070001  N  0                          V189 01/06/2024       USD          218          871          454
01 37276910  LC409  M  MIGREN 650-50-1 X10CO                       8       841       841       000      6728       000  000  000  000  000  000         1  7591585115737       21256314       21256314   514928070001  N  0                           537 01/09/2023       USD          185         1482          454
01 37276910  LX102  M  MIGREN 650-50-1 X20CO                       8      1412      1412       000     11296       000  000  000  000  000  000         1  7591585415738       21256314       21256314   514928070001  N  0                           537 01/09/2023       USD          311         2488          454
01 37276910  CO185  M  MIOVIT GRAGEAS X10                          4       615       878      1052      2460       000  000  000 3000  000  000         1  7591818118030       21256554       21256554   514928070001  N  0                         10171 01/05/2024       USD          135          542          454
01 37276910  CO105  M  MIOVIT GRAGEAS X30                          4      1622      2317      2780      6488       000  000  000 3000  000  000         1  7591818118047       21256554       21256554   514928070001  N  0                         10397 01/09/2024       USD          357         1429          454
01 37276910  SP002  M  MONTELUKAST SP10MG. X10TA                  12      1056      1056       000     12672       000  000  000  000  000  000         1  7590027002154       21256388       21256388   514928070001  N  0                          1391 01/10/2023       USD          233         2791          454
01 37276910  15982  M  NIFEDIPINA DIS30MG. X30TA                   4      1105      1105       000      4420       000  000  000  000  000  000         1  7598252101659       21256439       21256439   514928070001  N  0                        210563 01/05/2024       USD          243          974          454
01 37276910  10488  C  TETERO TOMI T.250 C/A 0+M                   2      1704      1704       000      3408       545  000  000  000  000  000         1  8859140111310       21256554       21256554   514928070001  N  0                        718421 01/01/2030       USD          375          751          454
01 37276910  10489  C  TETERO TOMI T.8OZ 0+M                       2      1375      1375       000      2750       440  000  000  000  000  000         1  8859140111303       21256554       21256554   514928070001  N  0                        718421 01/10/2030       USD          303          606          454
01 37276910  11446  M  TIGOFAR 100MCG X100TAB                      3      4801      4801       000     14403       000  000  000  000  000  000         1  7467922681114       21256439       21256439   514928070001  N  0                       2005036 01/05/2022       USD         1057         3172          454
01 37276910  11519  M  TIGOFAR 50MCG. X100TA                       1      4393      4393       000      4393       000  000  000  000  000  000         1  7467922681466       21256439       21256439   514928070001  N  0                       2005028 01/05/2023       USD          968          968          454
01 37276910  13090  M  TOBRAMIC. 0,3% SO. OF 5ML                   4      2600      2600       000     10400       000  000  000  000  000  000         1  7597446000068       21256388       21256388   514928070001  N  0                        105089 01/05/2022       USD          573         2291          454
02 37276910         85        109450         19422          3739        132611    0    0    0  000    0    0    0   20/11/2021 09:36:19 a.m.   PR           000           000             0            20           USD          454        28386
