01 37305459  CO710  M  AMOVIN TAB. 500MG. X6                      24      1108      2215     26568     26592       000  000  000 5000  000  000         1  7591818210178       21280143       21280143   515219570001  N  0                         10272 01/07/2023       USD          239         5743          463
01 37305459  QO320  M  ANALPER NAX CAPS. 250 X10                   4      1040      1040       000      4160       000  000  000  000  000  000         1  7592454000789       21280143       21280143   515219570001  N  0                       3269344 01/06/2023       USD          225          898          463
01 37305459  11897  M  BUCOXOLGAR MENTA X10TM                      2       910       910       000      1820       000  000  000  000  000  000         1  7592454891370       21280143       21280143   515219570001  N  0                       3275074 01/09/2023       USD          197          393          463
01 37305459  GQ900  M  CEFADROXILO ELTER500 X12                   12      1768      2210      5304     21216       000  000  000 2000  000  000         1  7703763226054       21280143       21280143   515219570001  N  0                       3263587 01/04/2023       USD          382         4582          463
01 37305459  VP610  M  CETIRIVAX 10MG. X10CA.BL.                  12       624       693       828      7488       000  000  000 1000  000  000         1  7592432001654       21280143       21280143   515219570001  N  0                        210252 01/07/2024       USD          135         1617          463
01 37305459  GQ990  M  ENALAPRIL ELTER 20 X20TA                   12       488       650      1944      5856       000  000  000 2500  000  000         1  7592454141000       21280143       21280143   515219570001  N  0                       3265759 01/04/2024       USD          105         1265          463
01 37305459  MY060  N  EQUALIV TAB. X30                            1      2860      2860       000      2860       000  000  000  000  000  000         1  7592601100805       21280143       21280143   515219570001  N  0                        160103 01/07/2023       USD          618          618          463
01 37305459  AP020  M  GLYMAR 4MG. X20TA                           4      1820      1820       000      7280       000  000  000  000  000  000         1  7592601101086       21280143       21280143   515219570001  N  0                        134103 01/08/2023       USD          393         1572          463
01 37305459  AP280  M  IBUTAN TAB. 400MG. X10                      4       780       780       000      3120       000  000  000  000  000  000         1  7592601200208       21280143       21280143   515219570001  N  0                        109203 01/07/2023       USD          168          674          463
01 37305459  MY010  M  IMAZOL 100MG. X6CA.BL.VAG                   4      2868      2868       000     11472       000  000  000  000  000  000         1  7592601100485       21280143       21280143   515219570001  N  0                        027307 01/06/2023       USD          619         2478          463
01 37305459  GQ042  M  LOSARTAN P.ELTER50MG.X30                   12      1053      1170      1404     12636       000  000  000 1000  000  000         1  7592454889841       21280143       21280143   515219570001  N  0                       3272661 01/08/2023       USD          227         2729          463
01 37305459  VP194  M  MELOVAX 15MG. X10CAPS.BL.                   4       995      1082       348      3980       000  000  000  800  000  000         1  7592432007427       21280143       21280143   515219570001  N  0                        210240 01/07/2024       USD          215          860          463
01 37305459  CO500  M  MIOVIT COMP. 3ML. X1A KIT                   6       685       978      1758      4110       000  000  000 3000  000  000         1  7591818113011       21280143       21280143   515219570001  N  0                         10156 01/05/2024       USD          148          888          463
01 37305459  CO185  M  MIOVIT GRAGEAS X10                          6       615       878      1578      3690       000  000  000 3000  000  000         1  7591818118030       21280143       21280143   515219570001  N  0                         10174 01/05/2024       USD          133          797          463
01 37305459  CO105  M  MIOVIT GRAGEAS X30                          4      1622      2317      2780      6488       000  000  000 3000  000  000         1  7591818118047       21280143       21280143   515219570001  N  0                         10397 01/09/2024       USD          350         1401          463
01 37305459  VP003  M  NYTAXIN 500MG. X6CA.BL.                     4      2614      2904      1160     10456       000  000  000 1000  000  000         1  7592432018010       21280143       21280143   515219570001  N  0                        210157 01/06/2023       USD          565         2258          463
01 37305459  11566  M  OLMESARTAN LS 20MG.X10CO                    4       702       780       312      2808       000  000  000 1000  000  000         1  7592454891219       21280143       21280143   515219570001  N  0                       3270982 01/06/2023       USD          152          606          463
01 37305459  CO440  M  REDUBEN 100MG. X10TA                        4      1877      1877       000      7508       000  000  000  000  000  000         1  7591818116067       21280143       21280143   515219570001  N  0                         10260 01/07/2023       USD          405         1622          463
01 37305459  EH210  M  SECNIDAZOL VP 1GR. X2TA                     6       646       702       336      3876       000  000  000  800  000  000         1  7703153019914       21280143       21280143   515219570001  N  0                       1370834 01/08/2024       USD          140          837          463
01 37305459  GQ355  M  TRIPUR 80MG-400MG. X20CO                    4      1040      1040       000      4160       000  000  000  000  000  000         1  7592454381079       21280143       21280143   515219570001  N  0                       3264263 01/03/2026       USD          225          898          463
01 37305459  AP010  M  GLYMAR 2MG. X20TA                           2      1430      1430       000      2860       000  000  000  000  000  000         2  7592601101079       21280143       21280143   515219570002  N  0                        132701 01/02/2023       USD          309          618          463
02 37305459        135        154436           000           000        154436    0    0    0  000    0    0    0   08/12/2021 01:32:03 p.m.   PR           000           000             0            21           USD          463        33356
