01 37305742  14870  M  AZITROMICINA FM500 X3TA                    12       837       930      1116     10044       000  000  000 1000  000  000         1  8906082150638       21280143       21280143   515219520001  N  0                         T0518 01/11/2023       USD          181         2169          463
01 37305742  13970  M  BETADINE JAB.LIQ. 180ML                     4      3705      3705       000     14820       000  000  000  000  000  000         1  7591821102217       21280143       21280143   515219520001  N  0                       2111554 01/11/2023       USD          800         3201          463
01 37305742  13645  M  CEFADROXILO BUKA 500MGX10                   4      1260      1326       264      5040       000  000  000  500  000  000         1   675696259997       21280143       21280143   515219520001  N  0                        CDO201 01/05/2024       USD          272         1089          463
01 37305742  14219  M  CELISTIA 400MG X5TA                         4      7886      8480      2376     31544       000  000  000  700  000  000         1  7593090001321       21280143       21280143   515219520001  N  0                     213192003 01/04/2024       USD         1703         6813          463
01 37305742  13654  M  CLOPIDOGREL 75MGX30TA BUK                   4      1778      1872       376      7112       000  000  000  500  000  000         1   675696260023       21280143       21280143   515219520001  N  0                        CDL303 01/03/2024       USD          384         1536          463
01 37305742  14770  M  DIGOXINA LAT0.25MG. X30TA                   4      1433      1508       300      5732       000  000  000  500  000  000         1   720524031051       21280143       21280143   515219520001  N  0                        DGN402 01/06/2024       USD          310         1238          463
01 37305742  13656  M  ENALAPRIL 20MGX30TAB BUKA                   8      1112      1170       464      8896       000  000  000  500  000  000         1   675696260047       21280143       21280143   515219520001  N  0                       RAJ2099 01/11/2023       USD          240         1921          463
01 37305742  15646  N  GINKGO BILOBA HP300 X30CA                   2      1581      1581       000      3162       000  000  000  000  000  000         1  7592710003974       21280143       21280143   515219520001  N  0                       2360308 01/08/2024       USD          341          683          463
01 37305742  15658  N  GLUCOSAMINA+CHON HP X30CA                   4      2105      2105       000      8420       000  000  000  000  000  000         1  7592710004193       21280143       21280143   515219520001  N  0                       2573007 01/07/2024       USD          455         1819          463
01 37305742  15007  M  IVERMECTINA VM 6MG. X12TA                   6      1461      1461       000      8766       000  000  000  000  000  000         1  7591020009065       21280143       21280143   515219520001  N  0                            06 01/04/2023       USD          316         1893          463
01 37305742  12213  M  LEVAMOX 750MG X 10TAB                       4      3358      3611      1012     13432       000  000  000  700  000  000         1  7593090002427       21280143       21280143   515219520001  N  0                        ZT9282 01/05/2023       USD          725         2901          463
01 37305742  FA012  M  LIPACOMB 20MG-10MG. X30TA                   4      2964      2964       000     11856       000  000  000  000  000  000         1  7591821904002       21280143       21280143   515219520001  N  0                       2108283 01/08/2023       USD          640         2561          463
01 37305742  14878  M  LOSARTAN P. FM50MG.X30TA                   12       837       930      1116     10044       000  000  000 1000  000  000         1  8906082150751       21280143       21280143   515219520001  N  0                         T1009 01/12/2023       USD          181         2169          463
01 37305742  14738  N  MATERNA PLUS X30CA                          3      4139      4599      1380     12417       000  000 1000  000  000  000         1   712155555716       21280143       21280143   515219520001  N  0                       C20A098 01/03/2023       USD          894         2682          463
01 37305742  14738  N  MATERNA PLUS X30CA                          1      4139      4599       460      4139       000  000 1000  000  000  000         1   712155555716       21280143       21280143   515219520001  N  0                       C20A098 01/03/2023       USD          894          894          463
01 37305742  14786  M  NEULEVAL 500MG. X10TA                       5      3100      3100       000     15500       000  000  000  000  000  000         1  7591020081122       21280143       21280143   515219520001  N  0                            05 01/08/2023       USD          670         3348          463
01 37305742  15349  M  OLANZAPINA LAT10MG. X14TA                   4      3223      3393       680     12892       000  000  000  500  000  000         1  0720524031211       21280143       21280143   515219520001  N  0                       OZA4501 01/12/2022       USD          696         2784          463
01 37305742  11621  M  OLMESARTAN AL20MG. X30TA                    4      1801      1937       544      7204       000  000  000  700  000  000         1  7597758000312       21280143       21280143   515219520001  N  0                         DL198 01/02/2024       USD          389         1556          463
01 37305742  KV339  M  TERAGRIP FORTE 24H TAB. X14                 4      1743      1937       776      6972       000  000  000 1000  000  000         1  7591821802414       21280143       21280143   515219520001  N  0                21103162109414 01/10/2023       USD          376         1506          463
01 37305742  KV204  M  TERAGRIP FORTE GRAN.X6SOB                   5      1776      1973       985      8880       000  000  000 1000  000  000         1  7591821802490       21280143       21280143   515219520001  N  0                       2111415 01/11/2023       USD          384         1918          463
01 37305742  11161  A  VITAMINA C VERA 400MG.X30                   2      1160      1160       000      2320       000  000  000  000  000  000         1  7593089000076       21280143       21280143   515219520001  N  0                   037VC020921 01/09/2023       USD          251          501          463
02 37305742        100        209192           000           000        209192    0    0    0  000    0    0    0   08/12/2021 03:38:07 p.m.   PR           000           000             0            21           USD          463        45182
