01 37396361  VC310  M  BEVINDAZOL400 SUSP.10ML                    10       351       468      1170      3510       000  000  000 2500  000  000         1  7592782000055       21354127       21354127   516129790001  N  0                       2160014 01/08/2023       USD          078          782          449
01 37396361  EL524  M  BRUGESICFORTE 200SUSP60ML                   6       958       958       000      5748       000  000  000  000  000  000         1  7591062013082       21354127       21354127   516129790001  N  0                        21001A 01/02/2023       USD          213         1280          449
01 37396361  LX103  M  CARNISIN 1G.S.ORAL S/A180                   2      4118      4118       000      8236       000  000  000  000  000  000         1  7591585112323       21354127       21354127   516129790001  N  0                           057 01/10/2024       USD          917         1834          449
01 37396361  16532  M  CEFTRIAX 1GR POLV.SOL X1V                  20       482       482       000      9640       000  000  000  000  000  000         1 18904187804439       21354127       21354127   516129790001  N  0                        CI0027 01/06/2024       USD          107         2147          449
01 37396361  LT389  M  CENARET 5MG. X10CO                          4       879       879       000      3516       000  000  000  000  000  000         1  7591585114334       21354127       21354127   516129790001  N  0                           109 01/09/2023       USD          196          783          449
01 37396361  14215  M  DECOBEL 0.5MG X30TA                         2      1482      1482       000      2964       000  000  000  000  000  000         1  7592806133110       21354127       21354127   516129790001  N  0                        109158 01/09/2023       USD          330          660          449
01 37396361  12466  M  DEKORT 4MG. X20TA                           2      3221      3221       000      6442       000  000  000  000  000  000         1  8699525019752       21354127       21354127   516129790001  N  0                       A092365 01/01/2023       USD          717         1435          449
01 37396361  PB120  M  DENCORUB CREM 40 GR                         4      1002      1002       000      4008       000  000  000  000  000  000         1  7591309010409       21354127       21354127   516129790001  N  0                       2112027 01/12/2023       USD          223          893          449
01 37396361  NP640  M  MACRODANTINA 50MG. X30CA                    2      3549      3549       000      7098       000  000  000  000  000  000         1  7591821901858       21354127       21354127   516129790001  N  0                       2110399 01/11/2024       USD          790         1581          449
01 37396361  PO550  M  MILAX POLVO 120GR.                          2      2860      2860       000      5720       000  000  000  000  000  000         1  7592806132038       21354127       21354127   516129790001  N  0                        111195 01/11/2024       USD          637         1274          449
01 37396361  14024  M  RINGER LACT. KMP SOL.500                   12       637       637       000      7644       000  000  000  000  000  000         1  6942189211362       21354127       21354127   516129790001  N  0                        210985 01/09/2024       USD          142         1702          449
01 37396361  10189  M  AZITROMICINA BF500 X3CO                    12       683       683       000      8196       000  000  000  000  000  000         2  8470007069430       21354127       21354127   516129790002  N  0                       L200748 01/05/2023       USD          152         1825          449
01 37396361  EL001  M  TALZIC 10MG. X10CO                         12       597       597       000      7164       000  000  000  000  000  000         2  7591062016700       21354127       21354127   516129790002  N  0                        21094A 01/12/2023       USD          133         1596          449
02 37396361         90         79886           000           000         79886    0    0    0  000    0    0    0   09/02/2022 12:08:21 p.m.   PR           000           000             0            13           USD          449        17792
