01 37429656  12247  C  AGUA OX. PAS 12%V40 120ML                   4       365       365       000      1460       234  000  000  000  000  000         1  7593723002565       21382147       21382147   516463910001  N  0                       2111545 01/11/2024       USD          084          337          433
01 37429656  12230  C  AGUA OX. PAS 9% V30 120ML                   4       365       365       000      1460       234  000  000  000  000  000         1  7593723002558       21382147       21382147   516463910001  N  0                       2109448 01/09/2024       USD          084          337          433
01 37429656  KV004  M  ANTILAX 2MG. X10TA                          4       785       785       000      3140       000  000  000  000  000  000         1  7591821102095       21382147       21382147   516463910001  N  0                       2107262 01/07/2023       USD          181          725          433
01 37429656  11480  M  BISOBLOC 2,5MG. X30TA                       6      1547      1547       000      9282       000  000  000  000  000  000         1  7406076106012       21382147       21382147   516463910001  N  0                        D20011 01/04/2023       USD          357         2144          433
01 37429656  FA022  M  BONAMES 150MG. X1TA                         2      2184      2184       000      4368       000  000  000  000  000  000         1  7591821903326       21382147       21382147   516463910001  N  0                       2105132 01/05/2025       USD          504         1009          433
01 37429656  EL009  M  BRUGESIC 200MG. X10CO                       8       580       580       000      4640       000  000  000  000  000  000         1  7591062902379       21382147       21382147   516463910001  N  0                        20066A 01/07/2022       USD          134         1072          433
01 37429656  BI340  M  BUSCAPINA GRAG. 10MG. X20                   2      4648      4648       000      9296       000  000  000  000  000  000         1  7703381001040       21382147       21382147   516463910001  N  0                       131521D 01/03/2023       USD         1073         2147          433
01 37429656  LO484  M  CLARIX SOL.NASAL AD.15ML.                   6      1595      1595       000      9570       000  000  000  000  000  000         1  7591196003171       21382147       21382147   516463910001  N  0                       I031756 01/03/2026       USD          368         2210          433
01 37429656  KL264  M  DERMOSUPRIL CR. 0,05% 15GR.                 1      2600      2600       000      2600       000  000  000  000  000  000         1  7591619520865       21382147       21382147   516463910001  N  0                          0002 01/09/2025       USD          600          600          433
01 37429656  LN105  C  DIADEX CREMA 50GR.                          2       748       748       000      1496       239  000  000  000  000  000         1  7592348208017       21382147       21382147   516463910001  N  0                      30820005 01/11/2023       USD          173          345          433
01 37429656  ZA102  M  EVIGAX 125MG. X10CA.BLA                     4      1906      1906       000      7624       000  000  000  000  000  000         1  7592432900032       21382147       21382147   516463910001  N  0                        220023 01/01/2025       USD          440         1761          433
01 37429656  10829  M  FLUCON 200MG. X4CA                          6      1820      1820       000     10920       000  000  000  000  000  000         1  7591955558331       21382147       21382147   516463910001  N  0                          0010 01/07/2023       USD          420         2522          433
01 37429656  KV991  M  KALMAX COMP. X10TAB.MAST.                   1      2730      2730       000      2730       000  000  000  000  000  000         1  7591821802995       21382147       21382147   516463910001  N  0                       2105751 01/08/2023       USD          630          630          433
01 37429656  12041  M  LEVODOPA CAR CCM250-25X30                   2      4329      4329       000      8658       000  000  000  000  000  000         1  7501384548308       21382711       21382711   516463910001  N  0                       1851021 01/10/2023       USD         1000         2000          433
01 37429656  11502  M  LOPERAM 2MG. X10TA                          5       784       784       000      3920       000  000  000  000  000  000         1  7592349723571       21382147       21382147   516463910001  N  0                       2110445 01/10/2026       USD          181          905          433
01 37429656  LC409  M  MIGREN 650-50-1 X10CO                       4      1143      1143       000      4572       000  000  000  000  000  000         1  7591585115737       21382711       21382711   516463910001  N  0                           546 01/02/2024       USD          264         1056          433
01 37429656  KN430  M  NEFROTAL H 100/12,5 X30CO                   4      2990      2990       000     11960       000  000  000  000  000  000         1  7591955558287       21382147       21382147   516463910001  N  0                          0027 01/08/2024       USD          691         2762          433
01 37429656  KL084  M  PLIDAN COMP.10-125  X10CO                   4      2990      2990       000     11960       000  000  000  000  000  000         1  7591619518695       21382147       21382147   516463910001  N  0                          0014 01/10/2024       USD          691         2762          433
01 37429656  SP007  M  SECNIDAZOL SP 500MG. X4CO                   6       642       642       000      3852       000  000  000  000  000  000         1  7590027002406       21382147       21382147   516463910001  N  0                           711 01/06/2023       USD          148          890          433
01 37429656  EL184  M  TALZIC SOL.ORAL 120ML.                     12      1154      1154       000     13848       000  000  000  000  000  000         1  7591062016649       21382147       21382147   516463910001  N  0                        22000A 01/02/2024       USD          267         3198          433
02 37429656         87        122940          4416           707        128063    0    0    0  000    0    0    0   07/03/2022 10:02:23 a. m.   PR           000           000             0            20           USD          433        29412
