01 37445514  11619  M  AMTACILYM 1,5G. X1AMP.                      9       631       650       171      5679       000  000  300  000  000  000         1       75971304       21395377       21395377   516614990001  N  0                       1121156 01/04/2024       USD          147         1324          429
01 37445514  11619  M  AMTACILYM 1,5G. X1AMP.                      1       631       650       019       631       000  000  300  000  000  000         1       75971304       21395377       21395377   516614990001  N  0                       1121156 01/04/2024       USD          147          147          429
01 37445514  PA054  M  BETADERM PLUS CREMA 15GR.                   4      2184      2184       000      8736       000  000  000  000  000  000         1  7591243804164       21395377       21395377   516614990001  N  0                       9271001 01/09/2023       USD          509         2036          429
01 37445514  PA275  M  BETAGEN SOLSPEN 1ML.1AMP.                   4      2620      2620       000     10480       000  000  000  000  000  000         1  7591243804409       21395377       21395377   516614990001  N  0                         93089 01/05/2023       USD          611         2443          429
01 37445514  MK027  M  DEFLAZACORT +MK 6MG. X10                    2      2029      2387       716      4058       000  000  000 1500  000  000         1  7591519008197       21395377       21395377   516614990001  N  0                         32373 01/10/2024       USD          473          946          429
01 37445514  MK694  M  FINASTERIDE +MK 5MG. X30                    2      2355      2770       830      4710       000  000  000 1500  000  000         1  7591519050820       21395377       21395377   516614990001  N  0                         32245 01/10/2024       USD          549         1098          429
01 37445514  11764  N  GLUCOSAMINA-CHON HP X60CA                   2      3801      3801       000      7602       000  000  000  000  000  000         1  7592710000881       21395377       21395377   516614990001  N  0                       0552708 01/08/2024       USD          886         1772          429
01 37445514  LO105  M  MATILOL 0,50% S.OFT. 6ML.                   2      1962      1962       000      3924       000  000  000  000  000  000         1  7591196001603       21395377       21395377   516614990001  N  0                       I031118 01/04/2023       USD          457          915          429
01 37445514  GP480  M  NAFINA 1% CREMA 15GR.                       2      1690      1690       000      3380       000  000  000  000  000  000         1  7594000491164       21395377       21395377   516614990001  N  0                          0024 01/04/2023       USD          394          788          429
01 37445514  FA239  M  NOTOLAC 30MG. X4TA.SUBL.                    3      1235      1235       000      3705       000  000  000  000  000  000         1  7591821210134       21395377       21395377   516614990001  N  0                       2106107 01/07/2023       USD          288          864          429
01 37445514  15086  M  OMEPRAZOL BM20MG. X30CA                     8       761       845       672      6088       000  000  000 1000  000  000         1  7598127001176       21395377       21395377   516614990001  N  0                        210731 01/07/2024       USD          177         1419          429
01 37445514  12364  M  QUANOX 0,6% SO.OR 5ML                       2      1170      1170       000      2340       000  000  000  000  000  000         1  7707355054995       21395377       21395377   516614990001  N  0                      12390820 01/08/2022       USD          273          545          429
01 37445514  LO580  M  QUINOTIC HC OTICA 5ML.                      6      2165      2165       000     12990       000  000  000  000  000  000         1  7591196000637       21395377       21395377   516614990001  N  0                        012193 01/01/2024       USD          505         3028          429
01 37445514  LO215  M  TOBRASOL SOL.OFT. 5ML.                      4       584      1167      2332      2336       000  000  000 5000  000  000         1  7591196000491       21395377       21395377   516614990001  N  0                       I050913 01/06/2022       USD          136          545          429
01 37445514  LO320  M  TODEX 0,3%-0,1%SU.OF.5ML                    6      1438      1438       000      8628       000  000  000  000  000  000         1  7591196000514       21395377       21395377   516614990001  N  0                        111489 01/01/2024       USD          335         2011          429
01 37445514  PA226  M  YONAL 15MG. JBE. 120ML.                    10      1593      1593       000     15930       000  000  000  000  000  000         1  7591243856705       21395377       21395377   516614990001  N  0                       9312702 01/03/2025       USD          371         3713          429
01 37445514  XM009  C  PERLAVIS FEM INTIMA 360ML                   2      1404      1560       312      2808       449  000  000 1000  000  000         2  7593090000508       21395377       21395377   516614990002  N  0                        111121 01/11/2024       USD          327          655          429
01 37445514  11743  N  CITRATO POTASIO BF10%1LT.                   2      2796      2796       000      5592       000  000  000  000  000  000         3  7591616000704       21395377       21395377   516614990003  N  0                        211722 01/12/2024       USD          652         1303          429
02 37445514         71        106809          2808           449        110066    0    0    0  000    0    0    0   17/03/2022 1:43:44 p. m.   PR           000           000             0            18           USD          429        25552
