01 37472813  GQ900  M  CEFADROXILO ELTER500 X12                    6      2352      2352       000     14112       000  000  000  000  000  000         1  7703763226054       21420572       21420572   516893250001  N  0                       3265555 01/07/2023       USD          533         3200          441
01 37472813  GQ007  M  CIPROFIBRATO ELTER100 X30                   2      3562      4190      1256      7124       000  000  000 1500  000  000         1  7703763268863       21420572       21420572   516893250001  N  0                       3256347 01/10/2022       USD          808         1615          441
01 37472813  GQ021  M  DICLOFENAC P. ELTER 50X30                  20       969       969       000     19380       000  000  000  000  000  000         1  7592454002653       21420572       21420572   516893250001  N  0                       3500627 01/02/2024       USD          220         4395          441
01 37472813  AH295  M  LASIX 20MG. X24CO                           6      1127      1318      1146      6762       000  000 1000  500  000  000         1  7591519317411       21420572       21420572   516893250001  N  0                         32254 01/10/2024       USD          256         1533          441
01 37472813  CO105  M  MIOVIT GRAGEAS X30                          4      1533      2555      4088      6132       000  000  000 4000  000  000         1  7591818118047       21420572       21420572   516893250001  N  0                         10414 01/09/2024       USD          348         1390          441
01 37472813  LO580  M  QUINOTIC HC OTICA 5ML.                      6      2165      2165       000     12990       000  000  000  000  000  000         1  7591196000637       21420572       21420572   516893250001  N  0                        012193 01/01/2024       USD          491         2946          441
01 37472813  LO320  M  TODEX 0,3%-0,1%SU.OF.5ML                    6      1438      1438       000      8628       000  000  000  000  000  000         1  7591196000514       21420572       21420572   516893250001  N  0                       I041131 01/05/2023       USD          326         1956          441
01 37472813  LO370  M  VOLTEN 0,1% SOL.OFT. 5ML.                   3      2088      2088       000      6264       000  000  000  000  000  000         1  7591196000538       21420572       21420572   516893250001  N  0                        091945 01/11/2023       USD          473         1420          441
01 37472813  CO430  M  BENCIDAMINA CO T.BUCAL120                   4      1210      1210       000      4840       000  000  000  000  000  000         2  7591818139004       21420572       21420572   516893250002  N  0                         20040 01/02/2026       USD          274         1098          441
02 37472813         57         86232           000           000         86232    0    0    0  000    0    0    0   05/04/2022 4:02:37 p. m.   PR           000           000             0             9           USD          441        19554
