01 37496391  11065  A  CALMAGZINC+D LONGE X60CA                    4      2111      2111       000      8444       000  000  000  000  000  000         1  7592253000959       21442615       21442615   517130510001  N  0                      06202101 01/06/2024       USD          475         1902          444
01 37496391  15506  M  DAC-LAX PPSO 120GR.                         4      1430      1430       000      5720       000  000  000  000  000  000         1  7598578000278       21442605       21442605   517130510001  N  0                          V196 01/01/2023       USD          322         1288          444
01 37496391  LT046  M  GENLET 200MG. X20CO                         4      3353      3353       000     13412       000  000  000  000  000  000         1  7591585110183       21442628       21442628   517130510001  N  0                           057 01/03/2024       USD          755         3021          444
01 37496391  14813  C  JABON MIMLOT PEPINO 90GR.                   8       195       195       000      1560       250  000  000  000  000  000         1  1180201949427       21442600       21442600   517130510001  N  0                     212420006 01/06/2028       USD          044          351          444
01 37496391  13949  A  MELATONIN 3MG+VB6X30 VAL                    4      3205      3205       000     12820       000  000  000  000  000  000         1   669238000048       21442599       21442599   517130510001  N  0                        22A259 01/12/2024       USD          722         2887          444
01 37496391  LC409  M  MIGREN 650-50-1 X10CO                       8      1178      1178       000      9424       000  000  000  000  000  000         1  7591585115737       21442606       21442606   517130510001  N  0                           553 01/03/2024       USD          265         2123          444
01 37496391  LX102  M  MIGREN 650-50-1 X20CO                       8      1505      1672      1336     12040       000  000  000 1000  000  000         1  7591585415738       21442608       21442608   517130510001  N  0                           552 01/03/2024       USD          339         2712          444
01 37496391  12923  N  OMEGA 3 NS1000MG.X60CABL                    4      2854      2854       000     11416       000  000  000  000  000  000         1   646824222060       21442628       21442628   517130510001  N  0                         40841 01/11/2025       USD          643         2571          444
01 37496391  11042  N  CITRATO DE POTASIO FG 1LT                   4      2792      2792       000     11168       000  000  000  000  000  000         2       25526479       21442611       21442611   517130510002  N  0                          2620 01/03/2025       USD          629         2515          444
02 37496391         48         84444          1560           250         86254    0    0    0  000    0    0    0   23/04/2022 2:34:44 p. m.   PR           000           000             0             9           USD          444        19370
