01 37584898  VM269  M  ACEVAL GOTAS PED. 30ML.                     4      1548      1548       000      6192       000  000  000  000  000  000         1  7591020006156       21508100       21508100   518003620001  N  0                            04 01/03/2024       USD          292         1166          531
01 37584898  16906  M  ATROVERAN 10MG. X10TA                       4      2822      2822       000     11288       000  000  000  000  000  000         1  7592349001129       21508100       21508100   518003620001  N  0                       2203032 01/03/2024       USD          531         2126          531
01 37584898  VA292  M  ATROVERAN 10MG.GOTAS 15ML                   4      2838      2838       000     11352       000  000  000  000  000  000         1  7592349722161       21508100       21508100   518003620001  N  0                       2204003 01/04/2024       USD          534         2138          531
01 37584898  VM384  M  DUROVAL 100MG. X1TA                         5       614       614       000      3070       000  000  000  000  000  000         1  7591020006330       21508100       21508639   518003620001  N  0                            23 01/11/2026       USD          116          578          531
01 37584898  VM494  M  DUROVAL 50MG. X10TA                         5      2535      2535       000     12675       000  000  000  000  000  000         1  7591020008440       21508100       21508639   518003620001  N  0                           641 01/08/2026       USD          477         2387          531
01 37584898  VM715  M  SALBUROL SOL. P/INH.20ML.                   4      2301      2301       000      9204       000  000  000  000  000  000         1  7591020001625       21508337       21508640   518003620001  N  0                           119 01/02/2024       USD          433         1733          531
01 37584898  VM031  M  TADAFOX 20MG. X1TA                          6       346       346       000      2076       000  000  000  000  000  000         1  7591020008754       21508337       21508640   518003620001  N  0                            07 01/03/2024       USD          065          391          531
01 37584898  VM033  M  TADAFOX 5MG. X30TA                          6      2090      2090       000     12540       000  000  000  000  000  000         1  7591020080781       21508337       21508640   518003620001  N  0                            60 01/05/2027       USD          394         2362          531
01 37584898  14816  M  AMOXIVAL AC250-62,5 60ML.                   8      3518      3518       000     28144       000  000  000  000  000  000         2  7591020009003       21508100       21508100   518003620002  N  0                            15 01/05/2024       USD          663         5300          531
01 37584898  14817  M  AMOXIVAL AC400-57 60ML.                     6      3913      3913       000     23478       000  000  000  000  000  000         2  7591020009010       21508100       21508100   518003620002  N  0                            14 01/05/2024       USD          737         4421          531
02 37584898         52        120019           000           000        120019    0    0    0  000    0    0    0   15/06/2022 2:15:33 p. m.   PR           000           000             0            10           USD          531        22602
