01 37584048  MK106  M  AMLODIPINA +MK10MG. X30TA                   1      1043      1043       000      1043       000  000  000  000  000  000         1  7591519001648       21508341       21508641   518003650001  N  0                         32384 01/10/2023       USD          196          196          531
01 37584048  MK106  M  AMLODIPINA +MK10MG. X30TA                   3      1043      1043       000      3129       000  000  000  000  000  000         1  7591519001648       21508341       21508641   518003650001  N  0                         32384 01/10/2023       USD          196          589          531
01 37584048  MY185  M  BENDAMEN 100MG. X6TA                        6       865       910       270      5190       000  000  000  500  000  000         1  7592601100218       21508100       21508100   518003650001  N  0                        211602 01/05/2027       USD          163          977          531
01 37584048  VP924  M  BETADUO AMP. JP 1ML.                        4      5498      5498       000     21992       000  000  000  000  000  000         1  7592432017877       21508100       21508100   518003650001  N  0                       1402225 01/04/2024       USD         1035         4142          531
01 37584048  10729  M  BIOCOR 40MG. X30TA                          3      3504      4581      3231     10512       000  000 1500 1000  000  000         1  7591519000122       21508157       21508212   518003650001  N  0                         32610 01/02/2024       USD          660         1980          531
01 37584048  MK133  M  CAPTOPRIL +MK 50MG. X30TA                   4      1755      1755       000      7020       000  000  000  000  000  000         1  7591519051292       21508100       21508100   518003650001  N  0                         32970 01/05/2025       USD          330         1322          531
01 37584048  CO490  M  CELAY 10MG. GOTAS 15ML.                     4      1201      1201       000      4804       000  000  000  000  000  000         1  7591818111123       21508337       21508337   518003650001  N  0                         20159 01/05/2024       USD          226          905          531
01 37584048  CO460  M  CELAY 10MG. X10TA                          12       887      1143      3072     10644       000  000  300 2000  000  000         1  7591818116104       21508337       21508337   518003650001  N  0                         10426 01/09/2023       USD          167         2005          531
01 37584048  CO003  M  CELAY SOL.ORAL. 100ML.                      6      2323      2323       000     13938       000  000  000  000  000  000         1  7591818215050       21508337       21508337   518003650001  N  0                         20083 01/03/2024       USD          437         2625          531
01 37584048  FA334  M  COLYPAN 300MG. LP X20TA                     4      4822      4822       000     19288       000  000  000  000  000  000         1  7591821902534       21508100       21508639   518003650001  N  0                       2203469 01/03/2025       USD          908         3632          531
01 37584048  MK023  M  DEFLAZACORT +MK 30MG. X30                   3      5473      5473       000     16419       000  000  000  000  000  000         1  7591519008203       21508100       21508639   518003650001  N  0                         32348 01/10/2024       USD         1031         3092          531
01 37584048  13975  M  DEFLAZACORT +MK30MG.X10TA                   2      2579      2579       000      5158       000  000  000  000  000  000         1  7591519000306       21508100       21508100   518003650001  N  0                         32528 01/01/2025       USD          486          971          531
01 37584048  QM500  M  DESLER M 2,5MG-5MG X30TM                    4      4956      4956       000     19824       000  000  000  000  000  000         1  7592454889278       21508100       21508639   518003650001  N  0                       3500999 01/03/2024       USD          933         3733          531
01 37584048  ZA102  M  EVIGAX 125MG. X10CA.BLA                     4      1906      1906       000      7624       000  000  000  000  000  000         1  7592432900032       21508337       21508337   518003650001  N  0                        220028 01/01/2025       USD          359         1436          531
01 37584048  FA017  M  FITEX 20MG. X2TA                           10       618       618       000      6180       000  000  000  000  000  000         1  7591821904309       21508337       21508337   518003650001  N  0                       2202458 01/03/2024       USD          116         1164          531
01 37584048  GQ070  M  KETOPROFENO ELTER100 X20                    3      1580      1580       000      4740       000  000  000  000  000  000         1  7592454154055       21508337       21508337   518003650001  N  0                       3500174 01/11/2023       USD          298          893          531
01 37584048  AP360  M  METREN 250MG.SUSP. 120ML.                   5      1420      1495       375      7100       000  000  000  500  000  000         1  7592601200307       21508157       21508212   518003650001  N  0                        227401 01/05/2024       USD          267         1337          531
01 37584048  MK735  M  PREDNISONA +MK50MG. X10TA                   4      2107      2107       000      8428       000  000  000  000  000  000         1  7591519001044       21508337       21508640   518003650001  N  0                         32496 01/12/2026       USD          397         1587          531
01 37584048  VP269  M  SELENE C.BLANDAS 400X30                     6      3280      3280       000     19680       000  000  000  000  000  000         1  7592432005560       21508337       21508640   518003650001  N  0                        220119 01/05/2025       USD          618         3706          531
01 37584048  KV199  M  TERAGRIP FORTE NOC X6 SOB.                  6      2448      2448       000     14688       000  000  000  000  000  000         1  7591821801882       21508100       21508639   518003650001  N  0                       2203483 01/04/2024       USD          461         2766          531
01 37584048  VP400  M  VIT E VP 400MG. X30CA.BLA                   4      2730      3033      1212     10920       000  000  000 1000  000  000         1  7592432005478       21508337       21508640   518003650001  N  0                        210317 01/09/2024       USD          514         2056          531
01 37584048  MK920  M  CEFADROXILO +MK500 X12CA                    9      2260      2954      6246     20340       000  000 1500 1000  000  000         2  7591519001273       21508100       21508100   518003650002  N  0                      00960322 01/03/2024       USD          426         3830          531
01 37584048  AP020  M  GLYMAR 4MG. X20TA                           6      1853      1950       582     11118       000  000  000  500  000  000         2  7592601101086       21508337       21508337   518003650002  N  0                        234101 01/03/2024       USD          349         2094          531
01 37584048  FA239  M  NOTOLAC 30MG. X4TA.SUBL.                    3      1294      1294       000      3882       000  000  000  000  000  000         2  7591821210134       21508157       21508212   518003650002  N  0                       2203489 01/04/2024       USD          244          731          531
01 37584048  14124  M  OMEFAR 20MG. X14CA                         12       383       425       504      4596       000  000  000 1000  000  000         2  7592236002246       21508100       21508639   518003650002  N  0                      CO300005 01/04/2024       USD          072          866          531
02 37584048        128        258257           000           000        258257    0    0    0  000    0    0    0   15/06/2022 10:59:14 a. m.   PR           000           000             0            25           USD          531        48636
