01 37611890  15946  M  HALOPERIDOL CLEO5MG.X30TA                   2      1589      1589       000      3178       000  000  000  000  000  000         1  7598677000056       21525868       21525937   518277450001  N  0                        T10798 01/07/2024       USD          288          577          551
01 37611890  LN630  M  MADECASSOL 1% UNG. 20GR.                    2      3723      3723       000      7446       000  000  000  000  000  000         1  7592348218221       21525868       21525937   518277450001  N  0                       2111026 01/11/2026       USD          676         1351          551
01 37611890  LN630  M  MADECASSOL 1% UNG. 20GR.                    2      3723      3723       000      7446       000  000  000  000  000  000         1  7592348218221       21525868       21525937   518277450001  N  0                       2111026 01/11/2026       USD          676         1351          551
01 37611890  12087  M  SULTAMICILINA DAC750 10TA                   4      6507      6507       000     26028       000  000  000  000  000  000         1  7598578000186       21525868       21525937   518277450001  N  0                          V506 01/08/2023       USD         1181         4724          551
01 37611890  EL295  M  TACHIPIRIN SUPOS. 125X6                     4      1027      1027       000      4108       000  000  000  000  000  000         1  7591062011361       21525868       21525937   518277450001  N  0                        22002A 01/03/2027       USD          186          746          551
01 37611890  EL320  M  TACHIPIRIN SUPOS. 250X6                     4      1301      1301       000      5204       000  000  000  000  000  000         1  7591062011378       21525868       21525937   518277450001  N  0                        20082A 01/07/2025       USD          236          944          551
01 37611890  SQ160  C  LUBRIX CALIDO 70GR.                         2      2674      2674       000      5348       856  000  000  000  000  000         2  7592904000352       21525868       21525937   518277450002  N  0                           208 01/03/2024       USD          485          971          551
01 37611890  SQ130  C  LUBRIX GEL 120CC.                           2      1509      1509       000      3018       483  000  000  000  000  000         2  7592904000024       21525868       21525937   518277450002  N  0                           214 01/03/2025       USD          274          548          551
01 37611890  SQ120  C  LUBRIX GEL 60CC.                            2      1360      1360       000      2720       435  000  000  000  000  000         2  7592904000017       21525868       21525937   518277450002  N  0                           209 01/03/2025       USD          247          494          551
01 37611890  SQ170  C  LUBRIX GEL FRESA 60CC.                      2      1391      1391       000      2782       445  000  000  000  000  000         2  7592904000444       21525868       21525937   518277450002  N  0                           210 01/03/2025       USD          252          505          551
01 37611890  SQ180  C  LUBRIX GEL LUB.CHOCO60CC.                   2      1391      1391       000      2782       445  000  000  000  000  000         2  7592904000437       21525868       21525937   518277450002  N  0                           203 01/01/2025       USD          252          505          551
01 37611890  SQ190  C  LUBRIX GEL MENTA 60CC.                      2      1391      1391       000      2782       445  000  000  000  000  000         2  7592904000451       21525868       21525937   518277450002  N  0                           202 01/01/2025       USD          252          505          551
01 37611890  RL110  M  MENTOL DAVIS X12 1 ONZA                     1     11458     11458       000     11458       000  000  000  000  000  000         3 17594001560385       21525868       21525937   518277450003  N  0                          3784 01/03/2025       USD         2079         2079          551
01 37611890  KL235  M  VIT C KL 100MG. JBE.120ML                   4      1872      2340      1872      7488       000  000  000 2000  000  000         3  7591619515021       21525868       21525937   518277450003  N  0                          0102 01/01/2023       USD          340         1359          551
02 37611890         35         72356         19432          3109         94897    0    0    0  000    0    0    0   29/06/2022 1:00:24 p. m.   PR           000           000             0            14           USD          551        16658
