01 37634963  14916  M  AMOXICI-CLAV.MC875/125X14                   4      5199      5199       000     20796       000  000  000  000  000  000         1   781159319754       21541927       21541927   518532740001  N  0                        211154 01/11/2024       USD          927         3707          561
01 37634963  QO290  M  ANALPER PLUS TAB. X10                      10      2158      2158       000     21580       000  000  000  000  000  000         1  7592454000796       21541205       21541274   518532740001  N  0                       3501386 01/05/2024       USD          385         3847          561
01 37634963  13970  M  BETADINE JAB.LIQ. 180ML                     2      5980      5980       000     11960       000  000  000  000  000  000         1  7591821102217       21541927       21541927   518532740001  N  0                       2205680 01/06/2024       USD         1066         2132          561
01 37634963  QO160  M  BROXOL FLEM AD. 120CC.                      6      2990      2990       000     17940       000  000  000  000  000  000         1  7592454000437       21541927       21541927   518532740001  N  0                       3501164 01/04/2024       USD          533         3198          561
01 37634963  QO170  M  BROXOL FLEM PED. 120CC.                     6      2340      2340       000     14040       000  000  000  000  000  000         1  7592454000444       21541927       21541927   518532740001  N  0                       3501567 01/06/2024       USD          417         2503          561
01 37634963  15081  M  CETIRIZINA BM10MG. X10TA                   12       464       546       984      5568       000  000  000 1500  000  000         1  7598127001251       21541927       21541927   518532740001  N  0                        211029 01/10/2024       USD          083          993          561
01 37634963  HU120  M  CICLOKAN 500MG.5ML.X1AMP.                   4      2055      2210       620      8220       000  000  000  700  000  000         1  7594000491744       21541927       21541927   518532740001  N  0                          0124 01/01/2024       USD          366         1465          561
01 37634963  LO509  M  DESLORAT 0,5MG. JBE.60ML.                   6      1148      1275       762      6888       000  000  000 1000  000  000         1  7591196004161       21541792       21541792   518532740001  N  0                       I042430 01/05/2024       USD          205         1228          561
01 37634963  14933  M  FISIOLIN NEB.NASAL 260D.                    2      2386      2386       000      4772       000  000  000  000  000  000         1  7591196001726       21541927       21541927   518532740001  N  0                        061202 01/06/2024       USD          425          851          561
01 37634963  FA003  M  HIDROTEN 12,5MG. X30TA                     12      1918      1918       000     23016       000  000  000  000  000  000         1  7591821903791       21541927       21541927   518532740001  N  0                       2205449 01/05/2024       USD          342         4103          561
01 37634963  PD719  M  LEPTAZINE 10MG. X24CO                       3      2781      2990       627      8343       000  000  000  700  000  000         1  7591955000977       21541927       21541927   518532740001  N  0                          0025 01/08/2023       USD          496         1487          561
01 37634963  PD724  M  LEPTAZINE 5MG. X30CO                        2      2055      2210       310      4110       000  000  000  700  000  000         1  7591955000953       21541927       21541927   518532740001  N  0                          0032 01/07/2024       USD          366          733          561
01 37634963  GQ061  M  LOSARTAN H ETR 100/25 X30                  12      3023      3023       000     36276       000  000  000  000  000  000         1  7592454889728       21541927       21541927   518532740001  N  0                       3500629 01/02/2024       USD          539         6466          561
01 37634963  14255  M  LOSARTAN P. 100MG X30TA                    12      2730      2730       000     32760       000  000  000  000  000  000         1  7592454891172       21542343       21542343   518532740001  N  0                       3501088 01/04/2024       USD          487         5840          561
01 37634963  14576  M  METRONIDAZ LAND500 X100TA                   2      5113      5113       000     10226       000  000  000  000  000  000         1  7598008000564       21541927       21542110   518532740001  N  0                     TM1050002 01/11/2024       USD          911         1823          561
01 37634963  11343  M  RINARIS 5MG-60MG. X10TA                     6      1950      1950       000     11700       000  000  000  000  000  000         1  7591821802322       21541792       21541792   518532740001  N  0                       2205453 01/05/2024       USD          348         2086          561
01 37634963  KV005  M  TERAGRIP SUPRA TAB. X10                     6      2470      2470       000     14820       000  000  000  000  000  000         1  7591821802186       21541792       21541792   518532740001  N  0                       2202499 01/03/2024       USD          440         2642          561
01 37634963  RZ190  M  TIOCHAX 4MG. X12CO                         10      1507      1586       790     15070       000  000  000  500  000  000         1  7594001100362       21541927       21542110   518532740001  N  0                          6339 01/04/2025       USD          269         2686          561
01 37634963  12143  M  TONERVOL 5MG. X30TA                         2      4883      4883       000      9766       000  000  000  000  000  000         1  7591821210547       21542343       21542343   518532740001  N  0                       2203539 01/04/2024       USD          870         1741          561
01 37634963  15254  M  VIT C LS500NRJA.12S.X12TM                   1     10212     10212       000     10212       000  000  000  000  000  000         1  7703763288601       21541927       21542110   518532740001  N  0                       3281902 01/01/2025       USD         1820         1820          561
02 37634963        120        288063           000           000        288063    0    0    0  000    0    0    0   11/07/2022 1:12:17 p. m.   PR           000           000             0            20           USD          561        51348
