01 37653037  17112  M  ALIVET GRAN.LIMON 10G.X6S                   6      2025      2250      1350     12150       000  000  000 1000  000  000         1  7591585116178       21554860       21554933   518698200001  N  0                           005 01/04/2024       USD          355         2132          570
01 37653037  11143  N  BEUSAN CEB.MORADA JBE.240                   8      1904      2115      1688     15232       000  000  000 1000  000  000         1  7592710001260       21554860       21554933   518698200001  N  0                       1362106 01/06/2024       USD          334         2672          570
01 37653037  11144  N  BEUSAN PLUS JBE. 240ML.                     3      1904      2115       633      5712       000  000  000 1000  000  000         1  7592710001253       21554860       21554933   518698200001  N  0                       1352306 01/06/2024       USD          334         1002          570
01 37653037  VC310  M  BEVINDAZOL400 SUSP.10ML                    12       894       894       000     10728       000  000  000  000  000  000         1  7592782000055       21554860       21554933   518698200001  N  0                       2250008 01/05/2024       USD          157         1882          570
01 37653037  14215  M  DECOBEL 0.5MG X30TA                         3      1408      1482       222      4224       000  000  500  000  000  000         1  7592806133110       21554860       21554933   518698200001  N  0                        109161 01/09/2023       USD          247          741          570
01 37653037  BQ190  M  FERCOR COMP. CAPS. X30                      6      1940      1940       000     11640       000  000  000  000  000  000         1  7594000850206       21554860       21554933   518698200001  N  0                        201108 01/11/2022       USD          340         2042          570
01 37653037  PO460  M  FOLIFER B12 TAB. X30                        6      1692      1781       534     10152       000  000  500  000  000  000         1  7592806133639       21554860       21554933   518698200001  N  0                        202018 01/02/2025       USD          297         1781          570
01 37653037  BA970  M  GYNOTRAN CR.VAG. 40GR.                      4      4541      4541       000     18164       000  000  000  000  000  000         1  7401078990201       21554860       21554933   518698200001  N  0                         32782 01/05/2025       USD          797         3187          570
01 37653037  FF210  M  MATERNAVIT CAPS.BLAN. X30                   3      5256      5256       000     15768       000  000  000  000  000  000         1  7591096000102       21554860       21554933   518698200001  N  0                      15F21X24 01/05/2023       USD          922         2766          570
01 37653037  FF490  M  SALBUMED INHAL. 200 DOSIS                   3      3140      3140       000      9420       000  000  000  000  000  000         1  7591096001482       21554860       21554933   518698200001  N  0                      008R022D 01/02/2024       USD          551         1653          570
02 37653037         54        113190           000           000        113190    0    0    0  000    0    0    0   18/07/2022 10:05:34 a. m.   PR           000           000             0            10           USD          570        19858
