01 38239232  11557  M  DESLER M 5MG/10MG. X10TA                    1     15760     15760       000     15760       000  000  000  000  000  000         1  7592454891257       21927708       21927708   524598520001  N  0                       3500984 01/03/2024       USD          646          646         2439
01 38239232  QM470  M  DESLER M TAB. 5/10 X30                      1     31520     31520       000     31520       000  000  000  000  000  000         1  7592454002769       21927708       21927708   524598520001  N  0                       3502542 01/10/2024       USD         1292         1292         2439
01 38239232  KV860  M  FEMMEX ULTRA 200/30 X10TA                   1      7670      7670       000      7670       000  000  000  000  000  000         1  7591821801004       21927708       21927708   524598520001  N  0                       2208137 01/09/2025       USD          314          314         2439
01 38239232  KV011  M  FEMMEXTRA 200-10 X10CA                      1     12480     12480       000     12480       000  000  000  000  000  000         1  7591821802773       21927708       21927708   524598520001  N  0                       2209321 01/09/2024       USD          512          512         2439
01 38239232  GQ085  M  GENTAMICINA ELTER CR.15GR                   1      6020      6020       000      6020       000  000  000  000  000  000         1  7592454146807       21927708       21927708   524598520001  N  0                       3501954 01/07/2024       USD          247          247         2439
01 38239232  FA003  M  HIDROTEN 12,5MG. X30TA                      3      8455      9175      2160     25365       000  000  300  500  000  000         1  7591821903791       21927708       21927708   524598520001  N  0                       2206538 01/08/2024       USD          347         1040         2439
01 38239232  15306  M  IBUPROFENO LS100 SO 60ML                    4      4592      4592       000     18368       000  000  000  000  000  000         1  7592454003353       21927708       21927708   524598520001  N  0                       3502897 01/11/2024       USD          188          753         2439
01 38239232  KV339  M  TERAGRIP FORTE 24H TAB. X14                 3     10128     11601      4419     30384       000  000  300 1000  000  000         1  7591821802414       21927708       21927708   524598520001  N  0                22085402204345 01/08/2024       USD          415         1246         2439
01 38239232  KV204  M  TERAGRIP FORTE GRAN.X6SOB                   3     10001     12130      6387     30003       000  000  300 1500  000  000         1  7591821802490       21927708       21927708   524598520001  N  0                       2209381 01/10/2024       USD          410         1230         2439
01 38239232  KV199  M  TERAGRIP FORTE NOC X6 SOB.                  3     12542     14366      5472     37626       000  000  300 1000  000  000         1  7591821801882       21927708       21927708   524598520001  N  0                       2209332 01/10/2024       USD          514         1543         2439
01 38239232  QM360  M  TIOCOLFEN 600-4 X15TA                       2     11723     13026      2606     23446       000  000  000 1000  000  000         1  7592454001779       21927708       21927708   524598520001  N  0                       3502753 01/11/2024       USD          481          961         2439
02 38239232         23        238642           000           000        238642    0    0    0  000    0    0    0   17/02/2023 9:41:24 a. m.   PR           000           000             0            11           USD         2439         9784
