01 38239230  RZ150  M  AC FOLICO PX 10MG. X30TA                    4      2860      2860       000     11440       000  000  000  000  000  000         1  7594001101345       21927708       21927708   524598500001  N  0                          6589 01/09/2025       USD          117          469         2439
01 38239230  15384  M  ATORVASTATINA AL40 X30TA                    3      9389     10755      4098     28167       000  000  300 1000  000  000         1  7597758000749       21927708       21927708   524598500001  N  0                        AVF006 01/11/2024       USD          385         1155         2439
01 38239230  11143  N  BEUSAN CEB.MORADA JBE.240                   4     11329     12588      5036     45316       000  000  000 1000  000  000         1  7592710001260       21927708       21927708   524598500001  N  0                       1362501 01/01/2025       USD          464         1858         2439
01 38239230  11142  N  BEUSAN EXPECTO JBE.240ML                    4     11329     12588      5036     45316       000  000  000 1000  000  000         1  7592710001277       21927708       21927708   524598500001  N  0                       1342712 01/12/2024       USD          464         1858         2439
01 38239230  11144  N  BEUSAN PLUS JBE. 240ML.                     4     11329     12588      5036     45316       000  000  000 1000  000  000         1  7592710001253       21927708       21927708   524598500001  N  0                       1350811 01/11/2024       USD          464         1858         2439
01 38239230  12191  M  CARBAMAZEPINA AL200 X30TA                   2      9237      9237       000     18474       000  000  000  000  000  000         1  7597758000503       21927708       21927708   524598500001  N  0                         DL179 01/02/2024       USD          379          757         2439
01 38239230  OJ007  N  CASTAÑO DE INDIAS HP 60CA                   1     16996     18884      1888     16996       000  000  000 1000  000  000         1  7592710000454       21927708       21927708   524598500001  N  0                       0121301 01/01/2026       USD          697          697         2439
01 38239230  CO003  M  CELAY SOL.ORAL. 100ML.                      6      4868      6273      8430     29208       000  000  300 2000  000  000         1  7591818215050       21927708       21927708   524598500001  N  0                         20436 01/10/2024       USD          200         1198         2439
01 38239230  LO120  M  CLARASOL SOL.OFT. 15ML.                     6      2122      4330     13248     12732       000  000  200 5000  000  000         1  7591196000071       21927708       21927708   524598500001  N  0                       I071161 01/07/2024       USD          087          522         2439
01 38239230  PM115  M  CLODOXIN 10MG. X20CO                        2      3250      3250       000      6500       000  000  000  000  000  000         1  7594001100584       21927708       21927708   524598500001  N  0                          6726 01/11/2024       USD          133          267         2439
01 38239230  KL053  M  CORENTEL 1,25MG. X30CO                      2      9620      9620       000     19240       000  000  000  000  000  000         1  7591619520261       21927708       21927708   524598500001  N  0                          0012 01/10/2025       USD          394          789         2439
01 38239230  LO509  M  DESLORAT 0,5MG. JBE.60ML.                   3      5199      5642      1329     15597       000  000  300  500  000  000         1  7591196004161       21927708       21927708   524598500001  N  0                       I082970 01/08/2024       USD          213          639         2439
01 38239230  LO420  M  LACRIDOS SOL.OFT. 15CC.                     2      7413      7413       000     14826       000  000  000  000  000  000         1  7591196000286       21927708       21927708   524598500001  N  0                        092255 01/10/2025       USD          304          608         2439
01 38239230  LO320  M  TODEX 0,3%-0,1%SU.OF.5ML                    3      5095      6179      3252     15285       000  000  300 1500  000  000         1  7591196000514       21927708       21927708   524598500001  N  0                        112602 01/11/2024       USD          209          627         2439
01 38239230  LO730  M  TODEX UNG.OFT. 7,5GR.                       1     11545     11545       000     11545       000  000  000  000  000  000         1  7591196000897       21927708       21927708   524598500001  N  0                        081591 01/08/2023       USD          473          473         2439
02 38239230         47        335958           000           000        335958    0    0    0  000    0    0    0   17/02/2023 9:41:17 a. m.   PR           000           000             0            15           USD         2439        13774
