01 38239229  LC309  M  ALIVET 4DIAS 8D-4N X12CO                    3     10049     10049       000     30147       000  000  000  000  000  000         1  7591585116000       21927708       21927708   524598490001  N  0                           362 01/07/2024       USD          412         1236         2439
01 38239229  LX310  M  ALIVET FA COMPR. X20                        2     14397     15997      3200     28794       000  000  000 1000  000  000         1  7591585216601       21927708       21927708   524598490001  N  0                           202 01/08/2024       USD          590         1181         2439
01 38239229  EL009  M  BRUGESIC 200MG. X10CO                       4      3414      3414       000     13656       000  000  000  000  000  000         1  7591062902379       21927708       21927708   524598490001  N  0                        21055A 01/09/2024       USD          140          560         2439
01 38239229  EL930  M  BRUGESIC 600MG. X10CO                       4      6668      6668       000     26672       000  000  000  000  000  000         1  7591062902539       21927708       21927708   524598490001  N  0                        21083A 01/10/2023       USD          273         1094         2439
01 38239229  GN176  M  CARBAMAZEPINA GN 200X30CO                   2     10193     11326      2266     20386       000  000  000 1000  000  000         1  7591585278265       21927708       21927708   524598490001  N  0                           348 01/08/2027       USD          418          836         2439
01 38239229  12025  M  CEFADROXILO DAC500 X10TA                    3      7771      8259      1464     23313       000  000  300  300  000  000         1  7598578000070       21927708       21927708   524598490001  N  0                          V547 01/10/2024       USD          319          956         2439
01 38239229  EL379  M  CEFONAX 500MG. X16CA                        2     17333     17333       000     34666       000  000  000  000  000  000         1  7591062112242       21927708       21927708   524598490001  N  0                       1141222 01/12/2024       USD          711         1421         2439
01 38239229  13084  M  DAYZOL 600MG-4MG. X20CO                     2     12766     14184      2836     25532       000  000  000 1000  000  000         1  7591585117632       21927708       21927708   524598490001  N  0                           019 01/04/2024       USD          523         1047         2439
01 38239229  14654  C  PRESERV SENSE CLAS X3                       4      3649      3649       000     14596      2335  000  000  000  000  000         1   742033994634       21927708       21927708   524598490001  N  0                     22SNS002V 01/07/2027       USD          150          598         2439
01 38239229  16681  M  ROGENTYL 80MG.IM/IV 1VIAL                   4      3156      3156       000     12624       000  000  000  000  000  000         1  7592806112146       21927708       21927708   524598490001  N  0                        110167 01/10/2023       USD          129          518         2439
02 38239229         30        215790         14596          2335        232721    0    0    0  000    0    0    0   17/02/2023 9:41:15 a. m.   PR           000           000             0            10           USD         2439         9446
