01 38633797  LO120  M  CLARASOL SOL.OFT. 15ML.                     5      3820      6367     12735     19100       000  000  000 4000  000  000         1  7591196000071       22145211       22145211   528564310001  N  0                       I091200 01/09/2024       USD          136          682         2802
01 38633797  14781  M  DICLOFENAC P. DAC50 X20TA                  20      1649      3297     32960     32980       000  000  000 5000  000  000         1  7598578000230       22145211       22145211   528564310001  N  0                          V346 01/03/2025       USD          059         1177         2802
01 38633797  LO510  M  DOBET 2%-0,5% SO.OFT.5ML.                   2     14247     17809      7124     28494       000  000  000 2000  000  000         1  7591196000583       22145211       22145211   528564310001  N  0                        033669 01/03/2025       USD          508         1017         2802
01 38633797  VP664  M  EVIGAX 125MG. X20CA.BLA                     2     15362     15362       000     30724       000  000  000  000  000  000         1  7592432010212       22145211       22145211   528564310001  N  0                        230005 01/11/2025       USD          548         1097         2802
01 38633797  AP250  M  FERROCE TAB. X30                            2     25856     25856       000     51712       000  000  000  000  000  000         1  7592601200161       22145211       22145211   528564310001  N  0                        204003 01/11/2024       USD          923         1846         2802
01 38633797  FF310  N  FERRONORM C.BLANDAS X30                     2     19183     19183       000     38366      6139  000  000  000  000  000         1  7591096000416       22145211       22145211   528564310001  N  0                       F051022 01/10/2025       USD          685         1369         2802
01 38633797  15260  M  FLUCONAZOL BM150MG. X2CA                    4      3089      3432      1372     12356       000  000  000 1000  000  000         1  7598127001060       22145211       22145211   528564310001  N  0                        221221 01/12/2025       USD          110          441         2802
01 38633797  11443  M  KETOPROFENO PX 100 X20TA                    4      8580      8580       000     34320       000  000  000  000  000  000         1  7594001101185       22145211       22145211   528564310001  N  0                          6936 01/04/2028       USD          306         1225         2802
01 38633797  PG110  M  NINAZO GOTAS AD. 15ML.                      3      7075      7075       000     21225       000  000  000  000  000  000         1  7591821802957       22145211       22145211   528564310001  N  0                       2301496 01/08/2024       USD          252          757         2802
02 38633797         44        269277           000          6139        275416    0    0    0  000    0    0    0   04/07/2023 10:39:37 a. m.   PR           000           000             0             9           USD         2802         9610
