01 39359550  15081  M  CETIRIZINA BM10MG. X10TA                    8      1320      1885      4520     10560       000  000  000 3000  000  000         1  7598127001251        3153403       22333049   533655990001  N  0                        211220 01/12/2024       USD          037          298         3542
01 39359550  LO120  M  CLARASOL SOL.OFT. 15ML.                     6      5273      8789     21096     31638       000  000  000 4000  000  000         1  7591196000071        3153403       22333049   533655990001  N  0                       I073770 01/07/2026       USD          149          893         3542
01 39359550  LO185  M  CLARIX 0,255 SOL.OFT.15ML                   4      5611      5611       000     22444       000  000  000  000  000  000         1  7591196000088        3153403       22333049   533655990001  N  0                       I042821 01/04/2027       USD          158          634         3542
01 39359550  LO484  M  CLARIX SOL.NASAL AD.15ML.                   4     10630     10630       000     42520       000  000  000  000  000  000         1  7591196003171        3153403       22333049   533655990001  N  0                       I022333 01/04/2027       USD          300         1200         3542
01 39359550  14781  M  DICLOFENAC P. DAC50 X20TA                  12      1866      3731     22380     22392       000  000  000 5000  000  000         1  7598578000230        3153403       22333049   533655990001  N  0                          V382 01/03/2025       USD          053          632         3542
01 39359550  RZ340  M  LORADEX 10MG. X10TA                        12      2755      2990      2820     33060       000  000  300  500  000  000         1  7594001101383        3153403       22333049   533655990001  N  0                          7038 01/06/2028       USD          078          933         3542
01 39359550  GQ042  M  LOSARTAN P.LS50MG. X30TA                    6     10455     11005      3300     62730       000  000  000  500  000  000         1  7592454889841        3153403       22333049   533655990001  N  0                       3505327 01/10/2025       USD          295         1771         3542
01 39359550  16069  M  LOSDET 50MG. X30TA                          6      5866      5866       000     35196       000  000  000  000  000  000         1   745687143335        3153403       22333049   533655990001  N  0                          VE70 01/12/2025       USD          166          994         3542
01 39359550  18644  M  NEFROTAL 50MG. X30CO                        4      9555     13650     16380     38220       000  000  000 3000  000  000         1  7591619001180        3153403       22333049   533655990001  N  0                          0011 01/07/2026       USD          270         1079         3542
01 39359550  PG110  M  NINAZO GOTAS AD. 15ML.                      4      6770      7693      3692     27080       000  000  000 1200  000  000         1  7591821802957        3153403       22333049   533655990001  N  0                       2305422 01/12/2024       USD          191          765         3542
01 39359550  LO444  M  APIRET 180SOL.ORAL 120ML.                  12     10573     10573       000    126876       000  000  000  000  000  000         3  7591196002785        3153403       22333049   533655990003  N  0                       I103384 01/10/2025       USD          299         3582         3542
02 39359550         78        452716           000           000        452716    0    0    0  000    0    0    0   22/11/2023 12:06:26 p. m.   PR           000           000             0            11           USD         3542        12781
