01 39375537  RZ150  M  AC FOLICO PX 10MG. X30TA                    6      4562      5226      3984     27372       000  000  300 1000  000  000         1  7594001101345        3173771       22344298   533873430001  N  0                          7264 01/10/2026       USD          129          772         3547
01 39375537  RZ170  M  ACIDO FOLICO PX5MG. X30TA                   6      4176      4784      3648     25056       000  000  300 1000  000  000         1  7594001101314        3173771       22344298   533873430001  N  0                          6990 01/05/2027       USD          118          706         3547
01 39375537  18443  M  EMCON1 1,5MG. X1TA                          5      4718      5550      4160     23590       000  000  000 1500  000  000         1  7598055001309        3173771       22344298   533873430001  N  0                     K06230032 01/03/2026       USD          133          665         3547
01 39375537  FA018  M  FITEX 20MG. X1TA                            6      2828      3214      2316     16968       000  000  000 1200  000  000         1  7591821904293        3173771       22344298   533873430001  N  0                       2306387 01/07/2025       USD          080          478         3547
01 39375537  FA017  M  FITEX 20MG. X2TA                            4      4913      5459      2184     19652       000  000  000 1000  000  000         1  7591821904309        3173771       22344298   533873430001  N  0                       2306388 01/07/2025       USD          139          554         3547
01 39375537  VA551  M  KETAZOL 20MG. CREMA 15GR.                   2     11556     13595      4078     23112       000  000  000 1500  000  000         1  7592349429787        3173771       22344298   533873430001  N  0                       2309551 01/09/2028       USD          326          652         3547
01 39375537  DP475  M  METRONIDAZOL DP125 120ML.                   1     10396     11551      1155     10396       000  000  000 1000  000  000         3  7592616382012        3173771       22344298   533873430003  N  0                        30799B 01/08/2025       USD          293          293         3547
01 39375537  VA010  M  PREVERAL DEXTROMET. 120ML                   2     16489     16489       000     32978       000  000  000  000  000  000         3  7592349722864        3173771       22344298   533873430003  N  0                       2210051 01/10/2024       USD          465          930         3547
01 39375537  VA304  M  PROMEDINA JBE. 120 CC.                      2     15889     15889       000     31778       000  000  000  000  000  000         3  7592349723489        3173771       22344298   533873430003  N  0                       2210020 01/10/2024       USD          448          896         3547
02 39375537         34        210902           000           000        210902    0    0    0  000    0    0    0   28/11/2023 10:21:58 a. m.   PR           000           000             0             9           USD         3547         5946
