01 39394241  11795  M  AFLAMAX 50MG. X10TA                         6      3836      6393     15342     23016       000  000  000 4000  000  000         1  7591196007186                      22354101   534122500001  N  0                       I073391 01/08/2025       USD          108          648         3552
01 39394241  LO539  M  AFLAMAX 50MG. X20TA                        10      6827     11379     45520     68270       000  000  000 4000  000  000         1  7591196004451                      22354101   534122500001  N  0                       I083899 01/08/2025       USD          192         1922         3552
01 39394241  15181  M  AMIPINA 5MG. X30TA                          6      3276      3276       000     19656       000  000  000  000  000  000         1  7598484001154                      22354101   534122500001  N  0                       1800005 01/02/2026       USD          092          553         3552
01 39394241  DP409  M  AMLODIPINA DP 10MG. X20TA                   4      4687      5208      2084     18748       000  000  000 1000  000  000         1  7592616014029                      22354101   534122500001  N  0                         20752 01/07/2025       USD          132          528         3552
01 39394241  DP159  M  AMLODIPINA DP 5MG. X30TA                    6      7349      8646      7782     44094       000  000  000 1500  000  000         1  7592616013039                      22354101   534122500001  N  0                         30813 01/08/2026       USD          207         1241         3552
01 39394241  14267  M  AMOXICILINA DIS500 X100CA                   1     43298     43298       000     43298       000  000  000  000  000  000         1  7598252101147                      22354101   534122500001  N  0                        230305 01/03/2026       USD         1219         1219         3552
01 39394241  15716  M  ATORVASTATINA FM20 X30TA                    2      7280      7280       000     14560       000  000  000  000  000  000         1  8906005117564                      22354101   534122500001  N  0                     E13392303 01/05/2026       USD          205          410         3552
01 39394241  15717  M  ATORVASTATINA FM40 X30TA                    2      9620      9620       000     19240       000  000  000  000  000  000         1  8906005118783                      22354101   534122500001  N  0                     E13402304 01/05/2026       USD          271          542         3552
01 39394241  12138  M  AZITROMICI BM200 PPSO15ML                   4      9633     14820     20748     38532       000  000  000 3500  000  000         1  6930169708346                      22354101   534122500001  N  0                        220439 01/04/2025       USD          271         1085         3552
01 39394241  13123  M  AZITROMICINA BM500MG.X6CA                   4      8775     11700     11700     35100       000  000  000 2500  000  000         1  6972718560043                      22354101   534122500001  N  0                        220442 01/04/2025       USD          247          988         3552
01 39394241  18772  M  AZITROMICINA LS500 X3TA                     4      5693      5993      1200     22772       000  000  000  500  000  000         1  7592454120852                      22354101   534122500001  N  0                       3504909 01/09/2026       USD          160          641         3552
01 39394241  15081  M  CETIRIZINA BM10MG. X10TA                   12      1365      1950      7020     16380       000  000  000 3000  000  000         1  7598127001251                      22354101   534122500001  N  0                        220437 01/04/2025       USD          038          461         3552
02 39394241         61        363666           000           000        363666    0    0    0  000    0    0    0   05/12/2023 9:55:31 a. m.   PR           000           000             0            12           USD         3552        10238
