01 39545934  LO510  M  DOBET 2%-0,5% SO.OFT.5ML.                   2     27747     32643      9792     55494       000  000  000 1500  000  000         1  7591196000583        3381493       22436184   536185060001  N  0                        113601 01/11/2025       USD          765         1531         3625
01 39545934  16498  M  ENALAPRIL BM10MG. X30TA                     3      2912      5824      8736      8736       000  000  000 5000  000  000         1  7598127001398        3381493       22436184   536185060001  N  0                        220448 01/04/2025       USD          080          241         3625
01 39545934  LO580  M  QUINOTIC HC OTICA 5ML.                      1     33072     33072       000     33072       000  000  000  000  000  000         1  7591196000637        3381493       22436184   536185060001  N  0                        063591 01/06/2025       USD          912          912         3625
01 39545934  11570  M  RAMIPRES 2,5MG. X30CO                       2     18720     20800      4160     37440       000  000  000 1000  000  000         1  7591619520520        3381493       22436184   536185060001  N  0                          0014 01/10/2026       USD          516         1033         3625
01 39545934  11795  M  AFLAMAX 50MG. X10TA                         4      3197      6393     12784     12788       000  000  000 5000  000  000         2  7591196007186        3381493       22436184   536185060002  N  0                       I123125 01/12/2025       USD          088          353         3625
01 39545934  LO539  M  AFLAMAX 50MG. X20TA                         4      7169     11948     19116     28676       000  000  000 4000  000  000         2  7591196004451        3381493       22436184   536185060002  N  0                       I113200 01/11/2025       USD          198          791         3625
01 39545934  LO149  M  CORTYNASE SUSP.NASAL 140D.                  1     26663     29626      2963     26663       000  000  000 1000  000  000         2  7591196004604        3381493       22436184   536185060002  N  0                        073032 01/08/2025       USD          736          736         3625
01 39545934  KL344  M  DORIXINA FLEX 125-5 X10CO                   2     31590     35100      7020     63180       000  000  000 1000  000  000         2  7591619518671        3381493       22436184   536185060002  N  0                          0067 01/09/2026       USD          871         1743         3625
01 39545934  AH295  M  LASIX 20MG. X24CO                           3     17511     17511       000     52533       000  000  000  000  000  000         2  7591519317411        3381493       22436184   536185060002  N  0                         34513 01/08/2026       USD          483         1449         3625
01 39545934  LO414  M  NAS 0,1%SOL.GOTAS AD.15ML                   4      5368      8947     14316     21472       000  000  000 4000  000  000         2  7591196003140        3381493       22436184   536185060002  N  0                       I083356 01/08/2025       USD          148          592         3625
01 39545934  LO444  M  APIRET 180SOL.ORAL 120ML.                   6      9908     11657     10494     59448       000  000  000 1500  000  000         4  7591196002785        3381493       22436184   536185060004  N  0                       I123639 01/12/2025       USD          273         1640         3625
01 39545934  12159  M  SOL FISIOLOGICA BM0,9%500                  12      3894      6490     31152     46728       000  000  000 4000  000  000         4  6972718560180        3381493       22436184   536185060004  N  0                        230835 01/08/2026       USD          107         1289         3625
02 39545934         44        446230           000           000        446230    0    0    0  000    0    0    0   06/02/2024 8:09:28 p. m.   PR           000           000             0            12           USD         3625        12310
