01 39545931  LN001  M  ACICLOVIR LN CR.TOP.20GR.                   2     24211     24211       000     48422       000  000  000  000  000  000         1  7592348201117        3381493       22436184   536185030001  N  0                       2310112 01/10/2026       USD          668         1336         3625
01 39545931  18859  M  BACITRACINA DIS UNG.20GR.                   2      9302      9302       000     18604       000  000  000  000  000  000         1  7598252001010        3381493       22436184   536185030001  N  0                        230604 01/06/2026       USD          257          513         3625
01 39545931  PO180  M  BACTRON SUSP. 100ML.                        2     16016     18200      4368     32032       000  000  000 1200  000  000         1  7592806122015        3381493       22436184   536185030001  N  0                        307088 01/07/2028       USD          442          884         3625
01 39545931  17017  C  BOLSA REC. ORINA PM 2L.                     3      3455      3455       000     10365      1658  000  000  000  000  000         1  7597467000535        3381493       22436184   536185030001  N  0                      20210430 01/04/2026       USD          095          286         3625
01 39545931  KW005  C  CLIMAX 6 SENTIDO PRES. X3                   3      4774      5304      1590     14322      2292  000  000 1000  000  000         1  8852961006131        3381493       22436184   536185030001  N  0                        222709 01/06/2027       USD          132          395         3625
01 39545931  KW004  C  CLIMAX AROS PRESERV. X3                     3      4774      5304      1590     14322      2292  000  000 1000  000  000         1  8852961006117        3381493       22436184   536185030001  N  0                        222802 01/06/2027       USD          132          395         3625
01 39545931  KW002  C  CLIMAX MENTA PRESERV. X3                    3      4774      5304      1590     14322      2292  000  000 1000  000  000         1  8852961006155        3381493       22436184   536185030001  N  0                        222803 01/06/2027       USD          132          395         3625
01 39545931  LA101  C  CLIMAX SENS.NAT.PRESER.X3                   3      4774      5304      1590     14322      2292  000  000 1000  000  000         1  8852961007800        3381493       22436184   536185030001  N  0                        222710 01/06/2027       USD          132          395         3625
01 39545931  13423  M  CLORACE JBE PED S/A 120M                    2     12083     13278      2390     24166       000  000  000  900  000  000         1  7591818716700        3381493       22436184   536185030001  N  0                         30276 01/08/2027       USD          333          667         3625
01 39545931  18660  M  COLAYTE PVO.69,57G. X4SOB                   1     70460     70460       000     70460       000  000  000  000  000  000         1  7592806132076        3381493       22436184   536185030001  N  0                        311171 01/11/2025       USD         1944         1944         3625
01 39545931  11464  C  GASAS EST.4X4 ALGOB X25S                    4     15980     15980       000     63920     10227  000  000  000  000  000         1 17593255000418        3381493       22436184   536185030001  N  0                       1230512 01/05/2028       USD          441         1763         3625
01 39545931  AY205  C  GUANTES QUIR. 7 PAR KX                      5      2808      3120      1560     14040      2246  000  000 1000  000  000         1  7592194000254        3381493       22436184   536185030001  N  0                      B2239098 01/08/2025       USD          077          387         3625
01 39545931  AY206  C  GUANTES QUIR. 7,5 PAR KX                    5      2808      3120      1560     14040      2246  000  000 1000  000  000         1  7592194000278        3381493       22436184   536185030001  N  0                      B2239098 01/08/2025       USD          077          387         3625
01 39545931  10372  M  GYNOMET 15%-4%CR.VAG.40GR                   2     24531     30285     11508     49062       000  000  000 1900  000  000         1  7591585119131        3381493       22436184   536185030001  N  0                           093 01/06/2025       USD          677         1353         3625
01 39545931  PA010  M  LOGANIL JBE.PED. 120ML.                     2     16848     18720      3744     33696       000  000  000 1000  000  000         1  7591243831511        3381493       22436184   536185030001  N  0                       9368701 01/10/2025       USD          465          930         3625
01 39545931  CO540  M  MIOVIT COMP. 3ML. X3A KIT                   2     15208     25346     20276     30416       000  000  000 4000  000  000         1  7591818026366        3381493       22436184   536185030001  N  0                         30237 01/08/2026       USD          420          839         3625
01 39545931  14123  M  MUCOFAR AD.JBE. 120ML.                      2      9997      9997       000     19994       000  000  000  000  000  000         1  7598484000867        3381493       22436184   536185030001  N  0                           514 01/01/2026       USD          276          552         3625
01 39545931  17011  C  PERICRANEAL 23G. PM X100                    1     44273     44273       000     44273       000  000  000  000  000  000         1  7597467000214        3381493       22436184   536185030001  N  0                      20220930 01/09/2027       USD         1221         1221         3625
01 39545931  13605  M  SALBUTAMOL BIU100 SPI200D                   2     26237     26237       000     52474       000  000  000  000  000  000         1   795853122244        3381493       22436184   536185030001  N  0                      NSE2247C 01/10/2025       USD          724         1448         3625
01 39545931  KX100  C  TEST DE EMBARAZO KX                         2      9880     10400      1040     19760      3162  000  000  500  000  000         1   813333014589        3381493       22436184   536185030001  N  0                     W00130817 01/08/2025       USD          273          545         3625
01 39545931  17092  M  TORSILAX X200 CO                            1    128050    128050       000    128050       000  000  000  000  000  000         1  7896714257600        3381493       22436184   536185030001  N  0                      B22M0787 01/12/2024       USD         3532         3532         3625
01 39545931  CO265  M  CLORACE 500MG/4MG X10TA                     2      5098      5602      1008     10196       000  000  000  900  000  000         2  7591818116043        3381493       22436184   536185030002  N  0                         30476 01/11/2026       USD          141          281         3625
01 39545931  AY207  C  GUANTES QUIR. 8 PAR KX                      5      2808      3120      1560     14040      2246  000  000 1000  000  000         2  7592194000292        3381493       22436184   536185030002  N  0                      B2239098 01/08/2025       USD          077          387         3625
01 39545931  LC409  M  MIGREN 650-50-1 X10CO                       4      7163      9551      9552     28652       000  000  000 2500  000  000         2  7591585115737        3381493       22436184   536185030002  N  0                           628 01/09/2025       USD          198          790         3625
01 39545931  LX102  M  MIGREN 650-50-1 X20CO                       4     10488     14983     17980     41952       000  000  000 3000  000  000         2  7591585415738        3381493       22436184   536185030002  N  0                           627 01/08/2025       USD          289         1157         3625
01 39545931  18482  C  AMY ACEITE BEBES 220CC.                     2     10347     10347       000     20694      3311  000  000  000  000  000         3  7591061403365        3381493       22436184   536185030003  N  0                      23006102 01/10/2025       USD          285          571         3625
01 39545931  18481  C  CHICCO ACEITE NIÑOS 220CC                   2     12932     12932       000     25864      4138  000  000  000  000  000         3  7591061660584        3381493       22436184   536185030003  N  0                      23N10141 01/11/2025       USD          357          713         3625
01 39545931  14289  M  MUCOFAR PED.JBE. 120ML.                     2      9165      9165       000     18330       000  000  000  000  000  000         4  7598484000881        3381493       22436184   536185030004  N  0                           414 01/01/2026       USD          253          506         3625
02 39545931         73        606506        284284         38402        929192    0    0    0  000    0    0    0   06/02/2024 8:09:13 p. m.   PR           000           000             0            28           USD         3625        24574
