01 39555284  PA126  M  BETADERM CR. 0,05% 15GR.                    2     16088     16088       000     32176       000  000  000  000  000  000         1  7591243804140        3395893       22444224   536323950001  N  0                       9387102 01/11/2025       USD          443          886         3632
01 39555284  PA054  M  BETADERM PLUS CREMA 15GR.                   2     18337     18337       000     36674       000  000  000  000  000  000         1  7591243804164        3395893       22444224   536323950001  N  0                       9387301 01/01/2026       USD          505         1010         3632
01 39555284  NP099  N  CALCIBON NATAL FORT X30TA                   1     33670     33670       000     33670      5387  000  000  000  000  000         1  7591821102071        3395893       22444224   536323950001  N  0                       2309487 01/11/2025       USD          927          927         3632
01 39555284  17830  M  DI EUDRIN 12,5MG. X30TA                     4     13104     14560      5824     52416       000  000  000 1000  000  000         1  7591243812398        3395893       22444224   536323950001  N  0                      93775103 01/10/2026       USD          361         1443         3632
01 39555284  VM494  M  DUROVAL 50MG. X10TA                         4     21921     25789     15472     87684       000  000  000 1500  000  000         1  7591020008440        3395893       22444224   536323950001  N  0                           688 01/07/2028       USD          604         2414         3632
01 39555284  FA018  M  FITEX 20MG. X1TA                            8      2604      3063      3672     20832       000  000  000 1500  000  000         1  7591821904293        3395893       22444224   536323950001  N  0                       2306387 01/07/2025       USD          072          574         3632
01 39555284  FA017  M  FITEX 20MG. X2TA                            5      6183      6183       000     30915       000  000  000  000  000  000         1  7591821904309        3395893       22444224   536323950001  N  0                       2306388 01/07/2025       USD          170          851         3632
01 39555284  FA019  M  FITEX 5MG. X30TA                            2     20020     20020       000     40040       000  000  000  000  000  000         1  7591821904316        3395893       22444224   536323950001  N  0                       2310343 01/11/2025       USD          551         1102         3632
01 39555284  VC215  M  FUGOLIN CR. 20 GR.                          2      8938      8938       000     17876       000  000  000  000  000  000         1  7592782000130        3395893       22444224   536323950001  N  0                      23110079 01/11/2025       USD          246          492         3632
01 39555284  VC450  M  FUGOLIN CR.VAG. 50GR.                       2     15844     15844       000     31688       000  000  000  000  000  000         1  7592782000307        3395893       22444224   536323950001  N  0                      23110077 01/11/2025       USD          436          872         3632
01 39555284  VC003  M  GENCIVOL COMPU SOL.15ML.                    2     12919     12919       000     25838       000  000  000  000  000  000         1  7592782000529        3395893       22444224   536323950001  N  0                      23110084 01/12/2025       USD          356          711         3632
01 39555284  MY250  M  IMAZOL 1% CR.TOPICA 20GR.                   2     10555     10555       000     21110       000  000  000  000  000  000         1  7592601100454        3395893       22444224   536323950001  N  0                        308704 01/09/2027       USD          291          581         3632
01 39555284  MY980  M  IMAZOL 1% CR.VAG. 50GR.                     1     19293     19293       000     19293       000  000  000  000  000  000         1  7592601100621        3395893       22444224   536323950001  N  0                        317009 01/11/2026       USD          531          531         3632
01 39555284  MY005  M  IMAZOL SOL.SPRAY 1% 25ML.                   1     17460     17460       000     17460       000  000  000  000  000  000         1  7592601100447        3395893       22444224   536323950001  N  0                        327905 01/11/2026       USD          481          481         3632
01 39555284  18490  M  KAYIVIS 10%SOL.TOP. 10ML.                   2     14625     14625       000     29250       000  000  000  000  000  000         1  7592782000352        3395893       22444224   536323950001  N  0                      23120088 01/12/2025       USD          403          805         3632
01 39555284  PG110  M  NINAZO GOTAS AD. 15ML.                      4      5137      7339      8808     20548       000  000  000 3000  000  000         1  7591821802957        3395893       22444224   536323950001  N  0                       2310387 01/05/2025       USD          141          566         3632
01 39555284  17944  M  PREGABALINA PM150 X30CA                     2     19118     19118       000     38236       000  000  000  000  000  000         1  8906082151543        3395893       22444224   536323950001  N  0                         C2007 01/05/2025       USD          526         1053         3632
01 39555284  17945  M  PREGABALINA PM75 X30CA                      2     12298     12298       000     24596       000  000  000  000  000  000         1  8906082151550        3395893       22444224   536323950001  N  0                         C3002 01/10/2026       USD          339          677         3632
01 39555284  18115  M  REHIDROSOL ZN60 MNZNA.600                   2     13798     15331      3066     27596       000  000  000 1000  000  000         1  7592637000223        3395893       22444224   536323950001  N  0                       2300217 01/09/2025       USD          380          760         3632
01 39555284  16668  M  ROWELUK 10MG. X10CO                         4      4875      9750     19500     19500       000  000  000 5000  000  000         1  7591619000626        3395893       22444224   536323950001  N  0                          0008 01/04/2025       USD          134          537         3632
01 39555284  MY180  M  BENDAMEN 100MG.SUSP.30ML.                   1     18045     18045       000     18045       000  000  000  000  000  000         2  7592601100201        3395893       22444224   536323950002  N  0                        312603 01/08/2025       USD          497          497         3632
01 39555284  12516  M  REHIDROSOL FRAMBUES 600ML                   2     12849     14277      2856     25698       000  000  000 1000  000  000         2  7592637398535        3395893       22444224   536323950002  N  0                       2300229 01/09/2025       USD          354          708         3632
01 39555284  10824  M  REHIDROSOL FRESA  600ML                     2     12849     14277      2856     25698       000  000  000 1000  000  000         2  7592637397415        3395893       22444224   536323950002  N  0                       2300297 01/12/2025       USD          354          708         3632
01 39555284  18116  M  REHIDROSOL ZN45 UVA 600                     2     13848     15387      3078     27696       000  000  000 1000  000  000         2  7592637000179        3395893       22444224   536323950002  N  0                       2300286 01/11/2025       USD          381          763         3632
02 39555284         61        724535           000          5387        729922    0    0    0  000    0    0    0   14/02/2024 12:29:40 p. m.   PR           000           000             0            24           USD         3632        19949
