01 39571961  PO185  M  BACTRON TAB. X20                            1     17732     20150      2418     17732       000  000  000 1200  000  000         1  7592806133073        3416005       22455456   536548770001  N  0                        308112 01/08/2028       USD          489          489         3623
01 39571961  EL009  M  BRUGESIC 200MG. X10CO                       4      5243      5825      2328     20972       000  000  000 1000  000  000         1  7591062902379        3416802       22455942   536548770001  N  0                        21079A 01/11/2024       USD          145          579         3623
01 39571961  CO003  M  CELAY SOL.ORAL. 100ML.                      4      8393      9647      5016     33572       000  000  000 1300  000  000         1  7591818215050        3416005       22455456   536548770001  N  0                         30386 01/09/2025       USD          232          927         3623
01 39571961  FF310  N  FERRONORM C.BLANDAS X30                     1     34471     34471       000     34471      5515  000  000  000  000  000         1  7591096000416        3416005       22455456   536548770001  N  0                       F270223 01/02/2026       USD          951          951         3623
01 39571961  MG154  M  GENESA 3MG/30MCG. X21CO                     2     31549     40447     17796     63098       000  000  000 2200  000  000         1  7591585116598        3416130       22455547   536548770001  N  0                      LF30534A 01/04/2025       USD          871         1742         3623
01 39571961  14383  M  METRO-MICO TIA750-200 6TV                   2     15109     15109       000     30218       000  000  000  000  000  000         1  8904187866065        3416005       22455456   536548770001  N  0                          GT99 01/07/2025       USD          417          834         3623
01 39571961  EL080  M  MYCOFENTIN 2% CR.VAG.40GR                   2     10807     15439      9264     21614       000  000  000 3000  000  000         1  7591062010012        3416802       22455942   536548770001  N  0                        23076A 01/04/2026       USD          298          597         3623
01 39571961  GN101  M  LOSARTAN P.GN50MG. X30                      3     10934     11885      2853     32802       000  000  000  800  000  000         2  7591585278951        3416005       22455456   536548770002  N  0                           419 01/01/2026       USD          302          905         3623
01 39571961  CH794  C  SECUREZZA CLASSIC MED. X6                   2     13263     13263       000     26526      4244  000  000  000  000  000         2  7591353515004        3416005       22455456   536548770002  N  0                      40208301 01/02/2026       USD          366          732         3623
01 39571961  LT930  M  VIASEK 50MG. X2CO                           4      6013      6013       000     24052       000  000  000  000  000  000         2  7591585111005        3416005       22455456   536548770002  N  0                           099 01/03/2026       USD          166          664         3623
01 39571961  SQ130  C  LUB INT LUBRIX GEL 120ML                    2      9591      9591       000     19182      3069  000  000  000  000  000         3  7592904000024        3416665       22455854   536548770003  N  0                           335 01/11/2026       USD          265          529         3623
01 39571961  SQ120  C  LUB INT LUBRIX GEL 60ML                     2      8177      8177       000     16354      2617  000  000  000  000  000         3  7592904000017        3416665       22455854   536548770003  N  0                           327 01/09/2026       USD          226          451         3623
01 39571961  LT210  M  LONGACEF 100MG.PPSO 60ML.                   1     39023     52031     13008     39023       000  000  000 2500  000  000         4  7591585116208        3416005       22455456   536548770004  N  0                           553 01/11/2026       USD         1077         1077         3623
02 39571961         30        317554         62062         15445        395061    0    0    0  000    0    0    0   22/02/2024 1:53:44 p. m.   PR           000           000             0            13           USD         3623        10478
