01 39584124  DP135  M  DICLOFENAC P. DP 50 X20TA                  12      3169      3728      6708     38028       000  000  000 1500  000  000         1  7592616165028        3429545       22462859   536719610001  N  0                         40167 01/01/2027       USD          088         1054         3607
01 39584124  14710  C  MASCARILLA DESC.PHARS.X50                   1      8948      8948       000      8948      1432  000  000  000  000  000         1  7591061648131        3429545       22462859   536719610001  N  0                      40123318 01/01/2026       USD          248          248         3607
01 39584124  HI013  M  ONDATRIN 8MG.4ML. X1AMP.                    1     21616     22754      1138     21616       000  000  000  500  000  000         1  7592637005679        3429545       22462859   536719610001  N  0                       2300179 01/08/2025       USD          599          599         3607
01 39584124  11197  C  SIEMPRESECO PAÑAL AD.G X6                   2     12263     12263       000     24526      3924  000  000  000  000  000         1  7591353699018        3429545       22462859   536719610001  N  0                      31124202 01/11/2025       USD          340          680         3607
01 39584124  KX100  C  TEST DE EMBARAZO KX                         3      9880     10400      1560     29640      4742  000  000  500  000  000         1   813333014589        3429545       22462859   536719610001  N  0                     W00130817 01/08/2025       USD          274          822         3607
01 39584124  17092  M  TORSILAX X200 CO                            1    128050    128050       000    128050       000  000  000  000  000  000         1  7896714257600        3430144       22463241   536719610001  N  0                      B22M0787 01/12/2024       USD         3550         3550         3607
01 39584124  GN176  M  CARBAMAZEPINA GN 200X30CO                   2     14521     19106      9170     29042       000  000  000 2400  000  000         2  7591585278265        3429545       22462859   536719610002  N  0                           369 01/10/2028       USD          403          805         3607
01 39584124  CO265  M  CLORACE 500MG/4MG X10TA                     2      5098      5602      1008     10196       000  000  000  900  000  000         2  7591818116043        3429545       22462859   536719610002  N  0                         30476 01/11/2026       USD          141          283         3607
01 39584124  CO770  M  CLORACE 500MG/4MG X20TA                     2     10250     10789      1078     20500       000  000  000  500  000  000         2  7591818215265        3429545       22462859   536719610002  N  0                         30437 01/10/2026       USD          284          568         3607
01 39584124  13423  M  CLORACE JBE PED S/A 120M                    2     13278     13278       000     26556       000  000  000  000  000  000         2  7591818716700        3429545       22462859   536719610002  N  0                         30276 01/08/2027       USD          368          736         3607
01 39584124  EL008  M  COLFENE 600/4 X15CO                         1     20291     23872      3581     20291       000  000  000 1500  000  000         2  7591062900900        3429545       22462859   536719610002  N  0                        23139A 01/09/2025       USD          563          563         3607
01 39584124  18610  M  METFORMINA PX500 X30TA                      4     10660     10660       000     42640       000  000  000  000  000  000         2  7594001101949        3429545       22462859   536719610002  N  0                          7102 01/07/2025       USD          296         1182         3607
01 39584124  LC409  M  MIGREN 650-50-1 X10CO                       4      7545      9927      9528     30180       000  000  000 2400  000  000         2  7591585115737        3429545       22462859   536719610002  N  0                           630 01/10/2025       USD          209          837         3607
01 39584124  11196  C  SIEMPRESECO PAÑAL AD.M X6                   2     11099     11099       000     22198      3552  000  000  000  000  000         2  7591353699001        3429545       22462859   536719610002  N  0                      31116102 01/11/2025       USD          308          615         3607
01 39584124  EL555  M  TANTUM NEBULIZADOR 45 CC.                   1     24596     24596       000     24596       000  000  000  000  000  000         2  7591062011613        3429545       22462859   536719610002  N  0                        23127A 01/08/2027       USD          682          682         3607
01 39584124  GN191  M  VALSARTAN GN 80MG. X30CA                    1     23629     23629       000     23629       000  000  000  000  000  000         2  7591585275875        3429545       22462859   536719610002  N  0                           230 01/02/2026       USD          655          655         3607
01 39584124  14387  M  ESTRASYN 0.01% CR.VAG.30G                   1     25451     25451       000     25451       000  000  000  000  000  000         3  8904250515456        3429545       22462859   536719610003  N  0                           E35 01/10/2026       USD          706          706         3607
01 39584124  LT046  M  GENLET 200MG. X20CO                         1     29950     30876       926     29950       000  000  000  300  000  000         3  7591585110183        3429545       22462859   536719610003  N  0                           065 01/03/2025       USD          830          830         3607
01 39584124  15190  C  LUB INT LUBRIX AC.H. 60ML                   2     12669     12669       000     25338      4054  000  000  000  000  000         4  7592904000581        3429545       22462859   536719610004  N  0                           321 01/08/2026       USD          351          702         3607
02 39584124         45        470725        110650         17704        599079    0    0    0  000    0    0    0   27/02/2024 7:41:29 p. m.   PR           000           000             0            19           USD         3607        16118
