01 39704318  14355  M  ACIDO FOLICO MY5MG.X30TA                    6      3379     13515     60816     20274       000  000  000 7500  000  000         1  7592601301479        3600916       22555327   538430700001  N  0                        453103 01/03/2026       USD          093          558         3635
01 39704318  11795  M  AFLAMAX 50MG. X10TA                         6      4346      7901     21330     26076       000  000  000 4500  000  000         1  7591196007186        3600916       22555327   538430700001  N  0                       I014167 01/01/2026       USD          120          717         3635
01 39704318  LO539  M  AFLAMAX 50MG. X20TA                         4      8122     14767     26580     32488       000  000  000 4500  000  000         1  7591196004451        3600916       22555327   538430700001  N  0                       I123199 01/01/2026       USD          223          894         3635
01 39704318  KV004  M  ANTILAX 2MG. X10TA                          4      9620      9620       000     38480       000  000  000  000  000  000         1  7591821102095        3600916       22555327   538430700001  N  0                       2307413 01/08/2025       USD          265         1059         3635
01 39704318  LO185  M  CLARIX 0,255 SOL.OFT.15ML                   2      6804      6804       000     13608       000  000  000  000  000  000         1  7591196000088        3600916       22555327   538430700001  N  0                       I042821 01/04/2027       USD          187          374         3635
01 39704318  PA994  M  DIAGESIC SUSP.ORAL 120ML.                   2     19338     22750      6824     38676       000  000  000 1500  000  000         1  7591243811728        3600916       22555327   538430700001  N  0                       9367902 01/09/2025       USD          532         1064         3635
01 39704318  VM384  M  DUROVAL 100MG. X1TA                         4      5800      6591      3164     23200       000  000  000 1200  000  000         1  7591020006330        3600916       22555327   538430700001  N  0                            31 01/11/2028       USD          160          638         3635
01 39704318  VM494  M  DUROVAL 50MG. X10TA                         5     28218     28218       000    141090       000  000  000  000  000  000         1  7591020008440        3600916       22555327   538430700001  N  0                           688 01/07/2028       USD          776         3881         3635
01 39704318  FA018  M  FITEX 20MG. X1TA                            2      2658      3020       724      5316       000  000  000 1200  000  000         1  7591821904293        3600916       22555327   538430700001  N  0                       2311387 01/11/2025       USD          073          146         3635
01 39704318  FA018  M  FITEX 20MG. X1TA                            4      2658      3020      1448     10632       000  000  000 1200  000  000         1  7591821904293        3600916       22555327   538430700001  N  0                       2311387 01/11/2025       USD          073          292         3635
01 39704318  FA017  M  FITEX 20MG. X2TA                            7      6510      6510       000     45570       000  000  000  000  000  000         1  7591821904309        3600916       22555327   538430700001  N  0                       2306388 01/07/2025       USD          179         1254         3635
01 39704318  FA021  M  FITEX 5MG. X10TA                            2      9360      9360       000     18720       000  000  000  000  000  000         1  7591821904323        3600916       22555327   538430700001  N  0                       2401362 01/02/2026       USD          257          515         3635
01 39704318  MY980  M  IMAZOL 1% CR.VAG. 50GR.                     2     15434     19293      7718     30868       000  000  000 2000  000  000         1  7592601100621        3600916       22555327   538430700001  N  0                        417002 01/01/2027       USD          425          849         3635
01 39704318  MY990  M  IMAZOL 1% POLVO 20GR.                       1      9337      9337       000      9337       000  000  000  000  000  000         1  7592601110590        3600916       22555327   538430700001  N  0                        327803 01/10/2025       USD          257          257         3635
01 39704318  MY255  M  IMAZOL 1% SOL.TOP.  20ML.                   1      9807      9807       000      9807       000  000  000  000  000  000         1  7592601100461        3600916       22555327   538430700001  N  0                        309502 01/11/2026       USD          270          270         3635
01 39704318  MY005  M  IMAZOL SOL.SPRAY 1% 25ML.                   1     17460     17460       000     17460       000  000  000  000  000  000         1  7592601100447        3600916       22555327   538430700001  N  0                        327906 01/01/2027       USD          480          480         3635
01 39704318  16069  M  LOSDET 50MG. X30TA                          6      6370      6370       000     38220       000  000  000  000  000  000         1   745687143335        3600916       22555327   538430700001  N  0                          VE70 01/12/2025       USD          175         1051         3635
01 39704318  18120  M  PEPTO-BISMOL SUSP. 118ML.                   2     25032     25032       000     50064       000  000  000  000  000  000         1   020800753067        3600916       22555327   538430700001  N  0                    3287171951 01/09/2025       USD          689         1377         3635
02 39704318         61        569886           000           000        569886    0    0    0  000    0    0    0   23/04/2024 5:10:55 p. m.   PR           000           000             0            18           USD         3635        15678
