01 39740340  18403  M  AZITROMICINA +MK500 X5TA                    6      8287     12949     27972     49722       000  000  000 3600  000  000         1  7591519000979        3649617       22581965   538949510001  N  0                         34956 01/02/2027       USD          227         1359         3658
01 39740340  14542  M  AZITROMICINA LAND500 X3TA                   6      5792      5792       000     34752       000  000  000  000  000  000         1  7598008000212        3649617       22581965   538949510001  N  0                       T20670A 01/07/2025       USD          158          950         3658
01 39740340  18999  M  CARVEDILOL +MK6,25 X28TA                    2     12319     12319       000     24638       000  000  000  000  000  000         1  7591519001174        3649617       22581965   538949510001  N  0                         34964 01/02/2026       USD          337          674         3658
01 39740340  12144  M  CEFIXIMA BM100MG.PPSO60ML                   2      9901     11648      3494     19802       000  000  000 1500  000  000         1  6930169708087        3649617       22581965   538949510001  N  0                        220620 01/06/2025       USD          271          541         3658
01 39740340  14290  M  CEFIXIMA FM400MG. X10TA                     2     17550     17550       000     35100       000  000  000  000  000  000         1  8906082151031        3649617       22581965   538949510001  N  0                      0873Z007 01/06/2026       USD          480          960         3658
01 39740340  QM490  M  DICIGEL SUSP. 240ML.                        2     28871     30391      3040     57742       000  000  000  500  000  000         1  7592454889216        3649617       22581965   538949510001  N  0                       3505766 01/01/2026       USD          789         1579         3658
01 39740340  MK020  M  DICLOFENAC P. +MK50 X20TA                  12      4037      4485      5376     48444       000  000  000 1000  000  000         1  7591519001501        3649617       22581965   538949510001  N  0                         35006 01/02/2027       USD          110         1324         3658
01 39740340  19323  M  DYNAZOL FORTE CREMA 40GR.                   1     22198     22198       000     22198       000  000  000  000  000  000         1  7598252000969        3649617       22581965   538949510001  N  0                        230468 01/04/2026       USD          607          607         3658
01 39740340  AH295  M  LASIX 20MG. X24CO                           3     14884     17511      7881     44652       000  000  000 1500  000  000         1  7591519317411        3649617       22581965   538949510001  N  0                         34898 01/02/2027       USD          407         1221         3658
01 39740340  18333  M  LOSARTAN H.LS50/12,5 X30                    3     16017     16860      2529     48051       000  000  000  500  000  000         1  7592454889612        3649617       22581965   538949510001  N  0                       3506242 01/03/2026       USD          438         1314         3658
01 39740340  MK130  M  LOSARTAN P. MK 50MGX30                      4     12319     12319       000     49276       000  000  000  000  000  000         1  7591519051698        3649617       22581965   538949510001  N  0                         34958 01/02/2026       USD          337         1347         3658
01 39740340  GQ042  M  LOSARTAN P.LS50MG. X30TA                    4     12506     13164      2632     50024       000  000  000  500  000  000         1  7592454889841        3649617       22581965   538949510001  N  0                       3506218 01/04/2026       USD          342         1368         3658
01 39740340  15192  M  SILDEX 100MG. X2TA                          6      6201      6890      4134     37206       000  000  000 1000  000  000         1  7594001101659        3649617       22581965   538949510001  N  0                          7421 01/02/2026       USD          170         1017         3658
01 39740340  17606  M  TRIMEBUTINA LS200MG.X30TA                   2     30207     31797      3180     60414       000  000  000  500  000  000         1  7592454890069        3640471       22577094   538949510001  N  0                       3505966 01/03/2026       USD          826         1652         3658
02 39740340         55        582021           000           000        582021    0    0    0  000    0    0    0   09/05/2024 11:10:53 a. m.   PR           000           000             0            14           USD         3658        15911
