01 39754501  MK879  M  ACICLOVIR +MK200MG. X25TA                   1     17776     17776       000     17776       000  000  000  000  000  000         1  7591519005639        3667616       22592100   539157970001  N  0                         34959 01/01/2027       USD          486          486         3659
01 39754501  MK118  M  ACICLOVIR +MK5% CR.10GR.                    2     17818     17818       000     35636       000  000  000  000  000  000         1  7591519001099        3667616       22592100   539157970001  N  0                        601023 01/10/2025       USD          487          974         3659
01 39754501  12038  M  CEFADROXILO AL500  X12CA                    4     19864     20909      4180     79456       000  000  000  500  000  000         1  7597758000237        3667616       22592100   539157970001  N  0                         DL434 01/12/2025       USD          543         2172         3659
01 39754501  FA239  M  NOTOLAC 30MG. X4TA.SUBL.                    4     12610     12610       000     50440       000  000  000  000  000  000         1  7591821210134        3667616       22592100   539157970001  N  0                       2404308 01/04/2026       USD          345         1379         3659
01 39754501  11279  N  SENOKOT C.DOCUSATO X10TA                    2     19630     19630       000     39260       000  000  000  000  000  000         1  7591821210295        3667616       22592100   539157970001  N  0                       2401374 01/01/2026       USD          536         1073         3659
01 39754501  12516  M  REHIDROSOL FRAMBUES 600ML                   1     14507     16119      1612     14507       000  000  000 1000  000  000         2  7592637398535        3667616       22592100   539157970002  N  0                       2400048 01/02/2026       USD          396          396         3659
01 39754501  10824  M  REHIDROSOL FRESA  600ML                     1     14535     16150      1615     14535       000  000  000 1000  000  000         2  7592637397415        3667616       22592100   539157970002  N  0                       2400064 01/03/2026       USD          397          397         3659
01 39754501  11944  M  REHIDROSOL MANZANA 600ML.                   1     14531     16146      1615     14531       000  000  000 1000  000  000         2  7592637398528        3667616       22592100   539157970002  N  0                       2400128 01/04/2026       USD          397          397         3659
01 39754501  11584  M  REHIDROSOL UVA 600ML.                       1     13676     16089      2413     13676       000  000  000 1500  000  000         2  7592637398443        3667616       22592100   539157970002  N  0                       2300280 01/10/2025       USD          374          374         3659
02 39754501         17        279817           000           000        279817    0    0    0  000    0    0    0   15/05/2024 3:12:23 p. m.   PR           000           000             0             9           USD         3659         7647
