01 39782129  VP529  M  ALBISEC CAPS. X12                           1     26491     27885      1394     26491       000  000  000  500  000  000         1  7703153037512        3698522       22611517   539546370001  N  0                       1496968 01/11/2026       USD          725          725         3655
01 39782129  VM469  M  CANDER 8MG. X30TA                           2     27232     27232       000     54464       000  000  000  000  000  000         1  7591020008297        3698522       22611517   539546370001  N  0                           243 01/04/2028       USD          745         1490         3655
01 39782129  DP380  M  CLOTRIMAZOL DP1% CR.20GR.                   3      7699      9298      4797     23097       000  000  800 1000  000  000         1  7592616110011        3698522       22611517   539546370001  N  0                         40166 01/01/2026       USD          211          632         3655
01 39782129  VP664  M  EVIGAX 125MG. X20CA.BLA                     3     21876     23778      5706     65628       000  000  000  800  000  000         1  7592432010212        3698522       22611517   539546370001  N  0                        230122 01/06/2026       USD          599         1796         3655
01 39782129  GB850  M  GLICERINA GC SUPOS.AD. X6                   2     18239     21458      6438     36478       000  000  000 1500  000  000         1  7592349923957        3698522       22611517   539546370001  N  0                       2401194 01/01/2026       USD          499          998         3655
01 39782129  GB840  M  GLICERINA GC SUPOS.PED.X6                   2     13506     15889      4766     27012       000  000  000 1500  000  000         1  7592349923872        3698522       22611517   539546370001  N  0                       2310151 01/10/2025       USD          370          739         3655
01 39782129  MY250  M  IMAZOL 1% CR.TOPICA 20GR.                   2     10555     10555       000     21110       000  000  000  000  000  000         1  7592601100454        3698522       22611517   539546370001  N  0                        408701 01/02/2028       USD          289          578         3655
01 39782129  16686  M  LAXOPRO 5MG. X10CO                          2     13754     13754       000     27508       000  000  000  000  000  000         1   793869810407        3698522       22611517   539546370001  N  0                        LB0004 01/11/2025       USD          376          753         3655
01 39782129  17940  N  MAGNESIO GLICINA AI X60CA                   2     23531     26146      5230     47062       000  000  000 1000  000  000         1  7592946001362        3698522       22611517   539546370001  N  0                      16241362 01/03/2026       USD          644         1288         3655
01 39782129  ED219  M  TALERC 1MG.SOL.ORAL 120ML                   4     10790     10790       000     43160       000  000  000  000  000  000         3  7592803001818        3698522       22611517   539546370003  N  0                       2402336 01/02/2026       USD          295         1181         3655
02 39782129         23        372010           000           000        372010    0    0    0  000    0    0    0   23/05/2024 8:55:21 p. m.   PR           000           000             0            10           USD         3655        10178
