01 39834678  18403  M  AZITROMICINA +MK500 X5TA                    4     10373     11525      4608     41492       000  000  000 1000  000  000         1  7591519000979        3759187       22644704   540265850001  N  0                         35149 01/03/2027       USD          284         1137         3648
01 39834678  18772  M  AZITROMICINA LS500 X3TA                     6      5731      6742      6066     34386       000  000  000 1500  000  000         1  7592454120852        3759187       22644704   540265850001  N  0                       3506202 01/02/2027       USD          157          943         3648
01 39834678  MK173  M  CAPTOPRIL +MK25MG. X30TA                    4      9793      9793       000     39172       000  000  000  000  000  000         1  7591519051285        3759187       22644704   540265850001  N  0                         35073 01/02/2027       USD          268         1074         3648
01 39834678  QM490  M  DICIGEL SUSP. 240ML.                        2     29017     30544      3054     58034       000  000  000  500  000  000         1  7592454889216        3759187       22644704   540265850001  N  0                       3506062 01/04/2026       USD          795         1591         3648
01 39834678  17551  M  ENALAPRIL PX10MG. X30TA                     5      5980      5980       000     29900       000  000  000  000  000  000         1  7594001101208        3759187       22644704   540265850001  N  0                          7508 01/10/2025       USD          164          820         3648
01 39834678  11434  M  ENALAPRIL PX20MG. X30TA                    10      7020      7020       000     70200       000  000  000  000  000  000         1  7594001101222        3759187       22644704   540265850001  N  0                          7569 01/11/2025       USD          192         1924         3648
01 39834678  15858  M  GABAROL 75MG. X30CA                         2     10820     14427      7214     21640       000  000  000 2500  000  000         1  7598055000708        3759187       22644704   540265850001  N  0                         CI019 01/05/2026       USD          297          593         3648
01 39834678  17804  M  IBUVIN 600MG. X10CABL                       4     10794     11362      2272     43176       000  000  000  500  000  000         1  7598431000032        3759187       22644704   540265850001  N  0                      23060156 01/06/2025       USD          296         1184         3648
01 39834678  15261  M  PREDNISOLONA BM5MG. X30TA                   3      1872      3744      5616      5616       000  000  000 5000  000  000         1  7598127001206        3759187       22644704   540265850001  N  0                        211010 01/10/2024       USD          051          154         3648
01 39834678  18421  M  SERTRALINA +MK50MG. X30TA                   2     30282     30282       000     60564       000  000  000  000  000  000         1  7591519001051        3759187       22644704   540265850001  N  0                         35291 01/03/2027       USD          830         1660         3648
02 39834678         42        404180           000           000        404180    0    0    0  000    0    0    0   10/06/2024 3:25:38 p. m.   PR           000           000             0            10           USD         3648        11079
