01 39894673  LC309  M  ALIVET 4DIAS 8D-4N X12CO                    3      8187      8187       000     24561       000  000  000  000  000  000         1  7591585116000        3823083       22682990   541103420001  N  0                           375 01/03/2026       USD          225          674         3645
01 39894673  17112  M  ALIVET GRAN.LIMON 10G.X6S                   1     22515     22515       000     22515       000  000  000  000  000  000         1  7591585116178        3823083       22682990   541103420001  N  0                           036 01/03/2026       USD          618          618         3645
01 39894673  LC424  M  ALIVETNOC FORTE GRAN.6SOB                   1     20344     20344       000     20344       000  000  000  000  000  000         1  7591585116673        3823083       22682990   541103420001  N  0                           091 01/03/2026       USD          558          558         3645
01 39894673  GN176  M  CARBAMAZEPINA GN 200X30CO                   4     22201     22201       000     88804       000  000  000  000  000  000         1  7591585278265        3823083       22682990   541103420001  N  0                           380 01/05/2029       USD          609         2436         3645
01 39894673  LC409  M  MIGREN 650-50-1 X10CO                       3      8871      8871       000     26613       000  000  000  000  000  000         1  7591585115737        3823083       22682990   541103420001  N  0                           644 01/03/2026       USD          243          730         3645
01 39894673  LX102  M  MIGREN 650-50-1 X20CO                       3     13649     13649       000     40947       000  000  000  000  000  000         1  7591585415738        3823083       22682990   541103420001  N  0                           649 01/04/2026       USD          374         1123         3645
01 39894673  19530  M  VALSARTAN GN160MG. X30CA                    2     40450     40450       000     80900       000  000  000  000  000  000         1  7591585275899        3823083       22682990   541103420001  N  0                           144 01/05/2026       USD         1110         2219         3645
01 39894673  SQ140  C  GEL ESPERM LUBRIX 120ML                     1     10591     10591       000     10591      1695  000  000  000  000  000         2  7592904000031        3823083       22682990   541103420002  N  0                           415 01/04/2027       USD          291          291         3645
01 39894673  SQ170  C  LUB INT LUBRIX FRESA 60ML                   1      9213      9213       000      9213      1474  000  000  000  000  000         2  7592904000444        3823083       22682990   541103420002  N  0                           419 01/05/2027       USD          253          253         3645
01 39894673  SQ130  C  LUB INT LUBRIX GEL 120ML                    1      9591      9591       000      9591      1535  000  000  000  000  000         2  7592904000024        3823083       22682990   541103420002  N  0                           411 01/04/2027       USD          263          263         3645
01 39894673  SQ120  C  LUB INT LUBRIX GEL 60ML                     1      8177      8177       000      8177      1308  000  000  000  000  000         2  7592904000017        3823083       22682990   541103420002  N  0                           408 01/03/2027       USD          224          224         3645
01 39894673  SQ190  C  LUB INT LUBRIX MENTA 60ML                   1      9213      9213       000      9213      1474  000  000  000  000  000         2  7592904000451        3823083       22682990   541103420002  N  0                           413 01/04/2027       USD          253          253         3645
02 39894673         22        304684         46785          7486        358955    0    0    0  000    0    0    0   30/06/2024 8:23:41 a. m.   PR           000           000             0            12           USD         3645         9642
