01 39894674  CO265  M  CLORACE 500MG/4MG X10TA                     2      6162      6162       000     12324       000  000  000  000  000  000         1  7591818116043        3823083       22682990   541103430001  N  0                         40098 01/05/2027       USD          169          338         3645
01 39894674  CO770  M  CLORACE 500MG/4MG X20TA                     2     10789     10789       000     21578       000  000  000  000  000  000         1  7591818215265        3823083       22682990   541103430001  N  0                         40082 01/04/2027       USD          296          592         3645
01 39894674  15506  M  DAC-LAX PPSO 120GR.                         2     12298     12298       000     24596       000  000  000  000  000  000         1  7598578000278        3823083       22682990   541103430001  N  0                          3224 01/05/2026       USD          337          675         3645
01 39894674  VM494  M  DUROVAL 50MG. X10TA                         2     28432     28432       000     56864       000  000  000  000  000  000         1  7591020008440        3823083       22682990   541103430001  N  0                           694 01/04/2029       USD          780         1560         3645
01 39894674  FA018  M  FITEX 20MG. X1TA                            6      3647      3647       000     21882       000  000  000  000  000  000         1  7591821904293        3823083       22682990   541103430001  N  0                       2311387 01/11/2025       USD          100          600         3645
01 39894674  FA017  M  FITEX 20MG. X2TA                            6      6614      6614       000     39684       000  000  000  000  000  000         1  7591821904309        3823083       22682990   541103430001  N  0                       2306388 01/07/2025       USD          181         1089         3645
01 39894674  FA021  M  FITEX 5MG. X10TA                            2      9516      9516       000     19032       000  000  000  000  000  000         1  7591821904323        3823083       22682990   541103430001  N  0                       2404324 01/05/2026       USD          261          522         3645
01 39894674  12378  M  TAMSULOSINA ANG0.4 X30TA                    1     16653     16653       000     16653       000  000  000  000  000  000         1  7598176000069        3823083       22682990   541103430001  N  0                       23T0234 01/01/2026       USD          457          457         3645
01 39894674  16193  N  ZINC ET50MG. X60TA                          1     27142     28571      1429     27142       000  000  000  500  000  000         1   787790468356        3823083       22682990   541103430001  N  0                        020324 01/03/2027       USD          745          745         3645
02 39894674         24        239755           000           000        239755    0    0    0  000    0    0    0   30/06/2024 8:23:44 a. m.   PR           000           000             0             9           USD         3645         6578
