01 39918489  LN001  M  ACICLOVIR LN CR.TOP.20GR.                   2     24211     24211       000     48422       000  000  000  000  000  000         1  7592348201117        3848394       22697475   541437920001  N  0                        403058 01/03/2027       USD          663         1326         3651
01 39918489  17535  M  HIDROCLOROTI SP25 X20CO                     3      9979     11740      5283     29937       000  000  000 1500  000  000         1  7590027002819        3848394       22697475   541437920001  N  0                          1144 01/05/2026       USD          273          820         3651
01 39918489  CO540  M  MIOVIT COMP. 3ML. X3A KIT                   3     19444     22875     10293     58332       000  000  000 1500  000  000         1  7591818026366        3848394       22697475   541437920001  N  0                         30403 01/10/2026       USD          533         1598         3651
01 39918489  NP024  M  NOTOLAC 20MG. X10TA                         4     19760     19760       000     79040       000  000  000  000  000  000         1  7591821902022        3848394       22697475   541437920001  N  0                       2405366 01/06/2027       USD          541         2165         3651
01 39918489  11196  C  SIEMPRESECO PAÑAL AD.M X6                   2     11987     11987       000     23974      3836  000  000  000  000  000         1  7591353699001        3848394       22697475   541437920001  N  0                      40612202 01/06/2026       USD          328          657         3651
01 39918489  PA226  M  YONAL 15MG. JBE. 120ML.                     2     16380     18200      3640     32760       000  000  000 1000  000  000         1  7591243856705        3848394       22697475   541437920001  N  0                       9457502 01/05/2027       USD          449          897         3651
01 39918489  11795  M  AFLAMAX 50MG. X10TA                         4      4563      8297     14936     18252       000  000  000 4500  000  000         2  7591196007186        3848394       22697475   541437920002  N  0                       I034223 01/04/2026       USD          125          500         3651
01 39918489  FA003  M  HIDROTEN 12,5MG. X30TA                      2     16704     16704       000     33408       000  000  000  000  000  000         2  7591821903791        3848394       22697475   541437920002  N  0                       2403215 01/04/2026       USD          458          915         3651
01 39918489  NP640  M  MACRODANTINA 50MG. X30CA                    1     32581     32581       000     32581       000  000  000  000  000  000         2  7591821901858        3848394       22697475   541437920002  N  0                       2404341 01/04/2027       USD          892          892         3651
01 39918489  LO414  M  NAS 0,1%SOL.GOTAS AD.15ML                   3      5918      9863     11835     17754       000  000  000 4000  000  000         2  7591196003140        3848394       22697475   541437920002  N  0                       I083358 01/09/2025       USD          162          486         3651
01 39918489  PG110  M  NINAZO GOTAS AD. 15ML.                      5      9008      9008       000     45040       000  000  000  000  000  000         2  7591821802957        3848394       22697475   541437920002  N  0                       2402123 01/09/2025       USD          247         1234         3651
01 39918489  FA239  M  NOTOLAC 30MG. X4TA.SUBL.                    4     12981     12981       000     51924       000  000  000  000  000  000         2  7591821210134        3848394       22697475   541437920002  N  0                       2404308 01/04/2026       USD          356         1422         3651
01 39918489  11197  C  SIEMPRESECO PAÑAL AD.G X6                   2     13283     13283       000     26566      4251  000  000  000  000  000         2  7591353699018        3848394       22697475   541437920002  N  0                      40621102 01/06/2026       USD          364          728         3651
01 39918489  LO444  M  APIRET 180SOL.ORAL 120ML.                  10     11466     13489     20230    114660       000  000  000 1500  000  000         4  7591196002785        3848394       22697475   541437920004  N  0                       I034356 01/03/2026       USD          314         3141         3651
02 39918489         47        562110         50540          8086        620736    0    0    0  000    0    0    0   08/07/2024 3:02:15 p. m.   PR           000           000             0            14           USD         3651        16780
