01 39918491  VM269  M  ACEVAL GOTAS PED. 30ML.                     2     10243     11640      2794     20486       000  000  000 1200  000  000         1  7591020006156        3848394       22697475   541437940001  N  0                            12 01/11/2025       USD          281          561         3651
01 39918491  18829  M  ANTAAR 1,25MG. X30TA                        2     16077     16077       000     32154       000  000  000  000  000  000         1  7591519051889        3848394       22697475   541437940001  N  0                         35059 01/02/2027       USD          440          881         3651
01 39918491  MK173  M  CAPTOPRIL +MK25MG. X30TA                    1     10283     10283       000     10283       000  000  000  000  000  000         1  7591519051285        3848394       22697475   541437940001  N  0                         35192 01/03/2027       USD          282          282         3651
01 39918491  DP135  M  DICLOFENAC P. DP 50 X20TA                  10      3728      3728       000     37280       000  000  000  000  000  000         1  7592616165028        3848394       22697475   541437940001  N  0                         40167 01/01/2027       USD          102         1021         3651
01 39918491  16833  M  DIMETIN 200MG. X20TA                        3     18824     18824       000     56472       000  000  000  000  000  000         1  7598252000228        3848394       22697475   541437940001  N  0                        231036 01/10/2026       USD          516         1547         3651
01 39918491  18238  A  DISBIOTIC (FRES) 1G X15S                    2     42640     42640       000     85280       000  000  000  000  000  000         1  7598252000679        3848394       22697475   541437940001  N  0                         EG352 01/07/2025       USD         1168         2336         3651
01 39918491  14117  M  FANASAL AD. GOTAS 15ML.                     4      5838      6487      2596     23352       000  000  000 1000  000  000         1  7598484000218        3848394       22697475   541437940001  N  0                          5154 01/05/2027       USD          160          640         3651
01 39918491  BQ230  M  LANCERAN GOTAS PED. 30ML.                   2     10750     10750       000     21500       000  000  000  000  000  000         1  7594000850220        3848394       22697475   541437940001  N  0                        240508 01/05/2027       USD          294          589         3651
01 39918491  14787  M  NEULEVAL 750MG. X5TA                        2     16478     18725      4494     32956       000  000  000 1200  000  000         1  7591020080989        3848394       22697475   541437940001  N  0                            13 01/05/2026       USD          451          903         3651
01 39918491  16490  N  SABILA ABE 0,5GR X10CAP                     4      5377      5377       000     21508       000  000  000  000  000  000         1  7597134000615        3848394       22697475   541437940001  N  0                          E003 01/04/2025       USD          147          589         3651
01 39918491  11732  M  ANTAAR HCT 5-6,25 X30TA                     2     31230     31230       000     62460       000  000  000  000  000  000         2  7591519317343        3848394       22697475   541437940002  N  0                         34905 01/01/2027       USD          855         1711         3651
01 39918491  18403  M  AZITROMICINA +MK500 X5TA                    6     11525     11525       000     69150       000  000  000  000  000  000         2  7591519000979        3848394       22697475   541437940002  N  0                         35410 01/04/2027       USD          316         1894         3651
01 39918491  AO180  M  CALOXPIRINA 81MG. X30TA                     4     11752     12371      2476     47008       000  000  000  500  000  000         2  7591519008487        3848394       22697475   541437940002  N  0                         35288 01/04/2027       USD          322         1288         3651
01 39918491  14873  M  CEFADROXILO FM500 X10TA                     4     14040     14040       000     56160       000  000  000  000  000  000         2  8906082150645        3848394       22697475   541437940002  N  0                      1013Z004 01/06/2026       USD          385         1538         3651
01 39918491  GQ009  M  FLUCONAZOL LS150MG. X2CA                    6      5918      8454     15216     35508       000  000  000 3000  000  000         2  7592454144964        3848394       22697475   541437940002  N  0                       3505947 01/03/2026       USD          162          973         3651
01 39918491  VC003  M  GENCIVOL COMPU SOL.15ML.                    2     12081     15101      6040     24162       000  000  000 2000  000  000         2  7592782000529        3848394       22697475   541437940002  N  0                      24040018 01/04/2026       USD          331          662         3651
01 39918491  AH235  M  HEXOMEDINE COLUT.AER.30GR                   1     24530     24530       000     24530       000  000  000  000  000  000         2  7591519317398        3848394       22697475   541437940002  N  0                         35247 01/03/2026       USD          672          672         3651
01 39918491  18861  M  N-BUTILBRO HIOS DIS20 X5A                   1     21736     21736       000     21736       000  000  000  000  000  000         4  7598252000839        3848394       22697475   541437940004  N  0                     144221201 01/12/2025       USD          595          595         3651
02 39918491         58        681985           000           000        681985    0    0    0  000    0    0    0   08/07/2024 3:02:19 p. m.   PR           000           000             0            18           USD         3651        18679
