01 40075693  GQ107  M  ACETAMINOFEN LS150 120ML.                   2      9813     10329      1032     19626       000  000  000  500  000  000         1  7592454003100        4026510       22803225   543655330001  N  0                       3505828 01/02/2027       USD          268          537         3656
01 40075693  GQ107  M  ACETAMINOFEN LS150 120ML.                   4      9813     10329      2064     39252       000  000  000  500  000  000         1  7592454003100        4026510       22803225   543655330001  N  0                       3505211 01/10/2026       USD          268         1074         3656
01 40075693  QO480  M  ANALPER 150JBE.PED.120ML                    6      8719     10899     13080     52314       000  000  000 2000  000  000         1  7592454003117        4026510       22803225   543655330001  N  0                       3506092 01/03/2027       USD          238         1431         3656
01 40075693  14934  M  CANDESARTAN LS16MG. X30TA                   1     35458     37324      1866     35458       000  000  000  500  000  000         1  7592454889902        4026510       22803225   543655330001  N  0                       3507295 01/07/2026       USD          970          970         3656
01 40075693  15202  N  CENTELLALAB ABE X70CA                       2     27078     27078       000     54156       000  000  000  000  000  000         1  7597134000691        4026817       22803406   543655330001  N  0                          ME02 01/04/2026       USD          741         1481         3656
01 40075693  16496  N  CITRATO POTASIO ABE500ML.                   2     20284     20284       000     40568       000  000  000  000  000  000         1  7597134000868        4026817       22803406   543655330001  N  0                          C003 01/06/2026       USD          555         1110         3656
01 40075693  14844  M  DIANALPER 1,16% GEL 30GR.                   2     11324     11920      1192     22648       000  000  000  500  000  000         1  7592454003339        4026510       22803225   543655330001  N  0                       3506852 01/05/2026       USD          310          619         3656
01 40075693  18238  A  DISBIOTIC (FRES) 1G X15S                    1     42632     42632       000     42632       000  000  000  000  000  000         1  7598252000679        4026817       22803406   543655330001  N  0                         EG352 01/07/2025       USD         1166         1166         3656
01 40075693  19690  M  KETOBLUX 100MG/2ML. X10A                    1     37658     37658       000     37658       000  000  000  000  000  000         1  7598127002128        4026510       22803225   543655330001  N  0                     K29924003 01/12/2026       USD         1030         1030         3656
01 40075693  XM002  C  PEINE P/PIOJO MANGO GOMA                    2     17322     21653      8662     34644      5543  000  000 2000  000  000         1  7593090000188        4026817       22803406   543655330001  N  0                      2307005P 01/01/2034       USD          474          948         3656
01 40075693  15716  M  ATORVASTATINA FM20 X30TA                    2      9902     10647      1490     19804       000  000  000  700  000  000         2  8906005117564        4026510       22803225   543655330002  N  0                     E13392304 01/05/2026       USD          271          542         3656
01 40075693  CY700  M  CARVEDIL 6,25MG. X30TA                      2     13366     14069      1406     26732       000  000  000  500  000  000         2  7592637007734        4026510       22803225   543655330002  N  0                    276GT24001 01/12/2025       USD          366          731         3656
01 40075693  16261  M  CO-TRIMOXAZOL QF80-400X20                   4      5148      5720      2288     20592       000  000  000 1000  000  000         2  7598484001093        4026510       22803225   543655330002  N  0                     TC1710006 01/02/2027       USD          141          563         3656
01 40075693  19689  M  DICLOFENAC P.BM75MG.X10A                    1     35890     35890       000     35890       000  000  000  000  000  000         2  7598127002104        4026510       22803225   543655330002  N  0                      E24AM095 01/02/2027       USD          982          982         3656
01 40075693  19323  M  DYNAZOL FORTE CREMA 40GR.                   1     22675     22675       000     22675       000  000  000  000  000  000         2  7598252000969        4026510       22803225   543655330002  N  0                        230468 01/04/2026       USD          620          620         3656
01 40075693  CY250  N  FLAXOL 1000MG. X30CA.BLA                    1     32348     40435      8087     32348       000  000  000 2000  000  000         2  7592637005327        4026510       22803225   543655330002  N  0                      19613211 01/02/2027       USD          885          885         3656
01 40075693  19608  M  METROMAX 500MG. X10OV.VAG                   3     17945     17945       000     53835       000  000  000  000  000  000         2  7598127002258        4026510       22803225   543655330002  N  0                           192 01/12/2026       USD          491         1473         3656
01 40075693  19484  M  SASOLIN D 0,4-0,5 X30CA                     1     41622     52027     10405     41622       000  000  000 2000  000  000         2  7598055001453        4026817       22803406   543655330002  N  0                         LI013 01/05/2025       USD         1138         1138         3656
01 40075693  14881  M  SECNIDAZOL FM500MG. X4TA                    4      4095      4095       000     16380       000  000  000  000  000  000         2  8906082150737        4026510       22803225   543655330002  N  0                         T3776 01/07/2026       USD          112          448         3656
01 40075693  18437  M  SINACID 200/200/25 X10TM                    2     10015     11782      3534     20030       000  000  000 1500  000  000         2  7598431000124        4026510       22803225   543655330002  N  0                      ESAST001 01/01/2026       USD          274          548         3656
01 40075693  GQ739  M  ACETAMINOFEN LS650 X10TA                   12      2105      3509     16848     25260       000  000  000 4000  000  000         3  7592454001243        4026510       22803225   543655330003  N  0                       3507127 01/06/2026       USD          058          691         3656
01 40075693  15717  M  ATORVASTATINA FM40 X30TA                    2     11425     12285      1720     22850       000  000  000  700  000  000         3  8906005118783        4026510       22803225   543655330003  N  0                     E13402305 01/05/2026       USD          313          625         3656
01 40075693  19604  M  BLUDIPIN LP 30MG. X30TA                     4     14851     14851       000     59404       000  000  000  000  000  000         3  7598127002166        4026510       22803225   543655330003  N  0                      ET006823 01/12/2026       USD          406         1625         3656
01 40075693  13591  M  CARVEDILOL LS12,5MG.X30TA                   2     19067     20071      2008     38134       000  000  000  500  000  000         3  7703763576586        4026510       22803225   543655330003  N  0                       3330100 01/05/2026       USD          522         1043         3656
01 40075693  15858  M  GABAROL 75MG. X30CA                         2     11465     14331      5732     22930       000  000  000 2000  000  000         3  7598055000708        4026510       22803225   543655330003  N  0                         CI019 01/05/2026       USD          314          627         3656
01 40075693  VC003  M  GENCIVOL COMPU SOL.15ML.                    2     14976     16640      3328     29952       000  000  000 1000  000  000         3  7592782000529        4026817       22803406   543655330003  N  0                      24070033 01/07/2026       USD          410          819         3656
01 40075693  GQ042  M  LOSARTAN P.LS50MG. X30TA                    4      8039     14616     26308     32156       000  000  000 4500  000  000         3  7592454889841        4026510       22803225   543655330003  N  0                       3507060 01/06/2026       USD          220          880         3656
01 40075693  GQ355  M  TRIPUR 80MG-400MG. X20CO                    4     13533     14245      2848     54132       000  000  000  500  000  000         3  7592454381079        4026510       22803225   543655330003  N  0                       3505619 01/11/2028       USD          370         1481         3656
01 40075693  13911  M  VALSARTAN LS80MG. X30TA                     2     24907     26218      2622     49814       000  000  000  500  000  000         3  7592454889780        4026817       22803406   543655330003  N  0                       3507310 01/07/2026       USD          681         1363         3656
02 40075693         78        968852         34644          5543       1009039    0    0    0  000    0    0    0   27/08/2024 11:30:01 a. m.   PR           000           000             0            29           USD         3656        27448
