01 36769655  QO490  M  ANALPER FEM PLUS 200/10 X10                 2  37557000  37557000       000  75114000       000    0    0    0    0    0         1  7592454003063        2635726       20744172   509788700001  N  0                       3244677 01/04/2022
01 36769655  QO290  M  ANALPER PLUS TAB. X10                       4  48379500  48379500       000 193518000       000    0    0    0    0    0         1  7592454000796        2635726       20744172   509788700001  N  0                       3245983 01/05/2022
01 36769655  12440  M  ATENOLOL 50MG X30TA                         6  37752000  37752000       000 226512000       000    0    0    0    0    0         1  7460828579370        2635726       20744172   509788700001  N  0                        107581 01/12/2022
01 36769655  GN092  M  ATORVASTATINA GN 20X30                      6  63741600  63741600       000 382449600       000    0    0    0    0    0         1  7591585373441        2635726       20744172   509788700001  N  0                           237 01/05/2022
01 36769655  VC310  M  BEVINDAZOL400 SUSP.10ML                     6  36562500  36562500       000 219375000       000    0    0    0    0    0         1  7592782000055        2635726       20744172   509788700001  N  0                       2020006 01/03/2022
01 36769655  VC310  M  BEVINDAZOL400 SUSP.10ML                     6  36562500  36562500       000 219375000       000    0    0    0    0    0         1  7592782000055        2635726       20744172   509788700001  N  0                       2020006 01/03/2022
01 36769655  LT031  M  BIOTALOL 5MG. X30CO                         6  62010000  62010000       000 372060000       000    0    0    0    0    0         1  7591585217165        2635726       20744172   509788700001  N  0                           104 01/03/2022
01 36769655  GT230  M  BLOKIUM COMPR. 100MG. X30                   2  50793600  50793600       000 101587200       000    0    0    0    0    0         1  7591585260055        2635726       20744172   509788700001  N  0                           219 01/05/2025
01 36769655  GT251  M  BLOKIURET 50MG/12.5MGX30                    2  48391200  48391200       000  96782400       000    0    0    0    0    0         1  7591585363626        2635726       20744172   509788700001  N  0                          7092 01/10/2024
01 36769655  12140  M  CARBAMAZEPINA BM200 100TA                   1 172250000 172250000       000 172250000       000    0    0    0    0    0         1  6930169708049        2635726       20744172   509788700001  N  0                        190444 01/03/2022
01 36769655  GN176  M  CARBAMAZEPINA GN 200X30CO                   6  57720000  57720000       000 346320000       000    0    0    0    0    0         1  7591585278265        2635726       20744172   509788700001  N  0                           290 01/04/2025
01 36769655  12147  M  LEVONORGESTREL MF1,5 X1TA                   6  49270000  49270000       000 295620000       000    0    0    0    0    0         1  7502214985935        2635726       20744172   509788700001  N  0                       9FH132A 01/06/2021
01 36769655  11828  M  PREDNISONA CCM 5MG.X20TA                    2  31707840  31707840       000  63415680       000    0    0    0    0    0         1  7501384546816        2635726       20744172   509788700001  N  0                       1119815 01/11/2021
01 36769655  VM304  M  PREDNISONA GENCER 5X10                      2  22880000  22880000       000  45760000       000    0    0    0    0    0         1  7591020003193        2635726       20744172   509788700001  N  0                            37 01/05/2022
01 36769655  MK409  M  SECNIDAZOL +MK 1GR. X 2                     6  38902500  38902500       000 233415000       000    0    0    0    0    0         1  7591519003918        2635726       20744172   509788700001  N  0                         31013 01/11/2022
01 36769655  FA444  M  TAPAZOL TAB. 5MG. X60                       2  65940588  65940588       000 131881176       000    0    0    0    0    0         1  7591821903234        2635726       20744172   509788700001  N  0                       2002768 01/03/2023
01 36769655  10685  M  TORIVAS 100MG. X30TA                        1 132600000 132600000       000 132600000       000    0    0    0    0    0         1  7591519000092        2635726       20744172   509788700001  N  0                         31241 01/04/2023
02 36769655         66    3308035056           000           000    3308035056    0    0    0  000    0    0    0   22/06/2020 12:10:50 p.m.   PR           000           000             0            17
