01 36753630  FA022  M  BONAMES 150MG. X1TA                         2  51517497  51517497       000 103034994       000    0    0    0    0    0         1  7591821903326        2635606       20721133   509627340001  N  0                       1911265 01/11/2023
01 36753630  KL694  M  CORENTEL 10MG. X30CO                        2  75400000  75400000       000 150800000       000    0    0    0    0    0         1  7591619520308        2635606       20721133   509627340001  N  0                          0001 01/02/2023
01 36753630  PB442  M  DENCOFEN 1,16% GEL 40GR.                    2  33185901  33185901       000  66371802       000    0    0    0    0    0         1  7591309002756        2635606       20721133   509627340001  N  0                       2003005 01/03/2023
01 36753630  MK016  M  DOL 450-40-1 X20TA                          1  40365000  40365000       000  40365000       000    0    0    0    0    0         1  7591519001587        2635606       20721133   509627340001  N  0                         30964 01/10/2022
01 36753630  12153  M  ENALAPRIL BM10MG. X100TA                    1 136500000 136500000       000 136500000       000    0    0    0    0    0         1  6930169708339        2635606       20721133   509627340001  N  0                        190563 01/04/2022
01 36753630  PD754  M  FERGANIC 40MG. X14CA                        2  50700000  50700000       000 101400000       000    0    0    0    0    0         1  7591955002421        2635606       20721133   509627340001  N  0                          0131 01/07/2021
01 36753630  11441  M  LOSARTAN P.100MG.X10ELTER                   3  35607000  35607000       000 106821000       000    0    0    0    0    0         1  7592454891165        2635606       20721133   509627340001  N  0                       3243063 01/03/2022
01 36753630  LO514  M  MOVIMEX 15MG. X10TA                         2  36275987  36275987       000  72551974       000    0    0    0    0    0         1  7591196004093        2635606       20721133   509627340001  N  0                       I030861 01/03/2022
01 36753630  MK789  M  PANTOPRAZOL +MK20MG. X7TA                   2  26910000  26910000       000  53820000       000    0    0    0    0    0         1  7591519005776        2635606       20721133   509627340001  N  0                         30862 01/09/2021
01 36753630  12160  M  TAMSULOSINA BM0,4MG.100TA                   1 152750000 152750000       000 152750000       000    0    0    0    0    0         1  6930169708384        2635606       20721133   509627340001  N  0                        190438 01/03/2022
01 36753630  QM360  M  TIOCOLFEN 600-4 X15TA                       1 127276500 127276500       000 127276500       000    0    0    0    0    0         1  7592454001779        2635606       20721133   509627340001  N  0                       3234836 01/09/2021
02 36753630         19    1111691270           000           000    1111691270    0    0    0  000    0    0    0   22/05/2020 02:57:47 p.m.   PR           000           000             0            11
