01 36869751  GN092  M  ATORVASTATINA GN 20X30                      1 372580000 372580000       000 372580000       000    0    0    0    0    0         1  7591585373441        2636548       20880384   510793020001  N  0                           238 01/10/2022       USD   917739.5200        4.0597
01 36869751  NP003  M  CALCIBON D 1500/200 X30                     2 397144680 397144680       000 794289360       000    0    0    0    0    0         1  7591821101029        2636548       20880384   510793020001  N  0                       2009831 01/06/2023       USD   917739.5200        4.3274
01 36869751  12085  M  CEVAX 500MG. X15CA.BLA                      2 195389042 195389042       000 390778084       000    0    0    0    0    0         1  7592432901381        2636548       20880384   510793020001  N  0                        200248 01/09/2022       USD   917739.5200        2.1290
01 36869751  VP990  M  CEVAX 500MG. X30CA.BLA                      2 356565439 356565439       000 713130878       000    0    0    0    0    0         1  7592432007649        2636548       20880384   510793020001  N  0                        200257 01/09/2022       USD   917739.5200        3.8852
01 36869751  11640  M  CYTRIAX 1GR.IV-IM. X1                       6 188180457 188180457       0001129082742       000    0    0    0    0    0         1       75971342        2636548       20880384   510793020001  N  0                         D1915 01/06/2022       USD   917739.5200        2.0504
01 36869751  GQ769  M  LOSARTAN H ETR 50/12,5X15                   6 159771950 168181000  50454300 958631700       000    0    0    5    0    0         1  7703763190270        2636548       20880384   510793020001  N  0                       3253702 01/09/2022       USD   917739.5200        1.7409
01 36869751  PG110  M  NINAZO GOTAS AD. 15ML.                      6  68942704  68942704       000 413656224       000    0    0    0    0    0         1  7591821802957        2636548       20880384   510793020001  N  0                       2006024 01/01/2022       USD   917739.5200        0.7512
01 36869751  MK409  M  SECNIDAZOL +MK 1GR. X 2                     4 216190000 216190000       000 864760000       000    0    0    0    0    0         1  7591519003918        2636548       20880384   510793020001  N  0                         31417 01/08/2023       USD   917739.5200        2.3556
01 36869751  NP049  M  VALPRON 500MG. X60TA                        112109500001210950000       0001210950000       000    0    0    0    0    0         1  7591821901995        2636548       20880384   510793020001  N  0                       2010056 01/10/2023       USD   917739.5200       13.1949
01 36869751  NP039  M  VALPRON 250MG. JBE.180ML.                   6 361684588 361684588       0002170107528       000    0    0    0    0    0         2  7591821901964        2636548       20880384   510793020002  N  0                      2004060C 01/05/2022       USD   917739.5200        3.9410
02 36869751         36    9017966516           000           000    9017966516    0    0    0  000    0    0    0   25/11/2020 01:10:07 p.m.   PR           000           000             0            10           USD   917739.5200       98.2600
