01 36962668  11898  M  BUCOXOLGAR FRU.RO X10TM                     1     251940000     251940000       000     251940000       000    0    0    0    0    0         1  7592454891363        2637151       20979057   511732490001  N  0                       3261467 01/02/2023       USD        1.3648        1.3648  1845928.6600
01 36962668  11899  M  BUCOXOLGAR MI-LIM X10TM                     1     251940000     251940000       000     251940000       000    0    0    0    0    0         1  7592454891387        2637151       20979057   511732490001  N  0                       3261034 01/01/2023       USD        1.3648        1.3648  1845928.6600
01 36962668  11896  M  BUCOXOLGAR STO MI-LIM120                    1     293312500     308750000  15437500     293312500       000    0    0    5    0    0         1  7592454891356        2637151       20979057   511732490001  N  0                       3245382 01/04/2022       USD        1.5889        1.5889  1845928.6600
01 36962668  11894  M  BUCOXOLGAR STO MTA120                       1     293312500     308750000  15437500     293312500       000    0    0    5    0    0         1  7592454891349        2637151       20979057   511732490001  N  0                       3241451 01/02/2022       USD        1.5889        1.5889  1845928.6600
01 36962668  13549  M  DIVAL FORTE 100MG X20TA                     4     208779067     208779067       000     835116268       000    0    0    0    0    0         1  7591020080965        2637151       20979057   511732490001  N  0                            02 01/10/2022       USD        1.1310        4.5240  1845928.6600
01 36962668  LX320  M  LETISAN 500MG. X30CA                        1     773701500     773701500       000     773701500       000    0    0    0    0    0         1  7591585414861        2637151       20979057   511732490001  N  0                           426 01/11/2023       USD        4.1913        4.1913  1845928.6600
01 36962668  CO185  M  MIOVIT GRAGEAS X10                          2     300181893     375227366 150090946     600363786       000    0    0   20    0    0         1  7591818118030        2637151       20979057   511732490001  N  0                         10020 01/02/2024       USD        1.6261        3.2523  1845928.6600
01 36962668  CO105  M  MIOVIT GRAGEAS X30                          2     792480502     990600628 396240252    1584961004       000    0    0   20    0    0         1  7591818118047        2637151       20979057   511732490001  N  0                         00438 01/10/2023       USD        4.2931        8.5862  1845928.6600
01 36962668  13596  M  PANTOPRAZOL 40 MG X 10 TA                   2     467649000     519610000 103922000     935298000       000    0    0   10    0    0         1  7703763044269        2637151       20979057   511732490001  N  0                       3251488 01/08/2022       USD        2.5334        5.0668  1845928.6600
01 36962668  13108  C  CHAMPU ANT.CAS UNAC 400ML                   2     390000000     390000000       000     780000000 124800000    0    0    0    0    0         2  8697659209391        2637151       20979057   511732490002  N  0                           10X 01/01/2030       USD        2.1127        4.2255  1845928.6600
01 36962668  QO170  M  BROXOL FLEM PED. 120CC.                     2     412750000     412750000       000     825500000       000    0    0    0    0    0         3  7592454000444        2637151       20979057   511732490003  N  0                       3262539 01/02/2023       USD        2.2360        4.4720  1845928.6600
02 36962668         19    6645445558     780000000     124800000    7550245558    0    0    0  000    0    0    0   25/03/2021 03:33:22 p.m.   PR           000           000             0            11           USD  1845928.6600       40.2300
