01 36943490  11461  M  BRASARTAN 80MG. X10CA                       2 288630313 288630313       000 577260626       000    0    0    0    0    0         1  7591821210301        2637067       20962085   511542580001  N  0                       2001455 01/01/2022       USD        1.5287        3.0574  1888035.8500
01 36943490  MY109  M  CETRAL 10MG. GOTAS 10ML.                    3 229516890 229516890       000 688550670       000    0    0    0    0    0         1  7592601100706        2637067       20962085   511542580001  N  0                        926105 01/01/2022       USD        1.2156        3.6469  1888035.8500
01 36943490  BQ190  M  FERCOR COMP. CAPS. X30                      3 528125000 528125000       0001584375000       000    0    0    0    0    0         1  7594000850206        2637067       20962085   511542580001  N  0                        201108 01/11/2022       USD        2.7972        8.3916  1888035.8500
01 36943490  PD754  M  FERGANIC 40MG. X14CA                        2 526500000 585000000 1170000001053000000       000    0    0   10    0    0         1  7591955002421        2637067       20962085   511542580001  N  0                          0140 01/08/2022       USD        2.7886        5.5772  1888035.8500
01 36943490  14066  M  FLUOXETINA 20MGX10 CAPCAP                   2 210877369 210877369       000 421754738       000    0    0    0    0    0         1  7706569000392        2637067       20962085   511542580001  N  0                        20C614 01/05/2022       USD        1.1169        2.2338  1888035.8500
01 36943490  12989  M  GOTAS DE VAL. SOMA 15ML                     6 153530179 153530179       000 921181074       000    0    0    0    0    0         1  7596139000132        2637067       20962085   511542580001  N  0                      GV103DR2 01/12/2021       USD        0.8131        4.8790  1888035.8500
01 36943490  13939  M  LACRIFORT SOL.OFT. 10ML.                   12 422500000 422500000       0005070000000       000    0    0    0    0    0         1  7591196007179        2637067       20962085   511542580001  N  0                        011837 01/02/2023       USD        2.2377       26.8533  1888035.8500
01 36943490  KV204  M  TERAGRIP FORTE GRAN.X6SOB.                  2 754000000 754000000       0001508000000       000    0    0    0    0    0         1  7591821802490        2637067       20962085   511542580001  N  0                       2009088 01/10/2022       USD        3.9935        7.9871  1888035.8500
01 36943490  PD390  M  FLEMICAINE SOL.TOP. 5ML.                    1 520000000 520000000       000 520000000       000    0    0    0    0    0         2  7591955000489        2637067       20962085   511542580002  N  0                          0025 01/03/2023       USD        2.7541        2.7541  1888035.8500
01 36943490  BQ260  M  GLUCONATO FERROSO BQ 120ML.                 3 268125000 268125000       000 804375000       000    0    0    0    0    0         2  7594000850428        2637067       20962085   511542580002  N  0                        191105 01/11/2021       USD        1.4201        4.2603  1888035.8500
01 36943490  11697  M  HEPAFOL FORTE JBE. 120ML.                   1 794470707 794470707       000 794470707       000    0    0    0    0    0         2  7592601301851        2637067       20962085   511542580002  N  0                        938303 01/09/2021       USD        4.2079        4.2079  1888035.8500
01 36943490  MO009  M  HEPAFOL JARABE 120ML.                       2 705703031 705703031       0001411406062       000    0    0    0    0    0         2  7592601301592        2637067       20962085   511542580002  N  0                        935201 01/05/2021       USD        3.7377        7.4755  1888035.8500
02 36943490         39   15354373877           000           000   15354373877    0    0    0  000    0    0    0   09/03/2021 02:16:13 p.m.   PR           000           000             0            12           USD  1888035.8500       81.3200
