01 36957510  12441  M  ATENOLOL 50MG X100TA                        110152828401015282840       0001015282840       000    0    0    0    0    0         1  7460828579387        2637127       20974768   511685090001  N  0                        109812 01/10/2023       USD        5.6248        5.6248  1804994.4600
01 36957510  GQ669  M  ATENOLOL ELTER 50X30                        2 322140000 322140000       000 644280000       000    0    0    0    0    0         1  7703763090341        2637127       20974768   511685090001  N  0                       3257273 01/11/2022       USD        1.7847        3.5694  1804994.4600
01 36957510  12191  M  CARBAMAZEPINA AL200MG30TA                   6 510947564 567719516 3406317123065685384       000    0    0   10    0    0         1  7597758000503        2637127       20974768   511685090001  N  0                         DL070 01/07/2022       USD        2.8307       16.9844  1804994.4600
01 36957510  PA047  M  CARBONATO DE LITIO 300 X 20                 2 809290611 809290611       0001618581222       000    0    0    0    0    0         1  7591243807868        2637127       20974768   511685090001  N  0                       9198101 01/07/2024       USD        4.4836        8.9672  1804994.4600
01 36957510  LT037  M  LISILET 10MG. X30CO                         1 695838000 695838000       000 695838000       000    0    0    0    0    0         1  7591585314369        2637127       20974768   511685090001  N  0                           131 01/11/2023       USD        3.8550        3.8550  1804994.4600
01 36957510  MG365  M  LISILET 20MG. X30COMPR.                     111171875001117187500       0001117187500       000    0    0    0    0    0         1  7591585214379        2637127       20974768   511685090001  N  0                           135 01/11/2023       USD        6.1894        6.1894  1804994.4600
01 36957510  MG399  M  LISILETIC 20/12,5 X30CO                     111821524001182152400       0001182152400       000    0    0    0    0    0         1  7591585114389        2637127       20974768   511685090001  N  0                           104 01/11/2022       USD        6.5493        6.5493  1804994.4600
01 36957510  EL555  M  TANTUM NEBULIZADOR 45 CC.                   2 829030930 829030930       0001658061860       000    0    0    0    0    0         1  7591062011613        2637127       20974768   511685090001  N  0                        21004A 01/02/2025       USD        4.5929        9.1859  1804994.4600
01 36957510  BQ001  M  AMBROXOL BQ. 15MG.120ML.                    3 455000000 455000000       0001365000000       000    0    0    0    0    0         2  7594000850909        2637127       20974768   511685090002  N  0                        200906 01/09/2022       USD        2.5207        7.5623  1804994.4600
01 36957510  LN255  M  BROMEXINA LN 8MG.JBE120ML                   2 404589943 404589943       000 809179886       000    0    0    0    0    0         2  7592348204002        2637127       20974768   511685090002  N  0                         41466 01/02/2024       USD        2.2415        4.4830  1804994.4600
01 36957510  CO640  M  KATIVIL SOL.ORAL 90ML.                      3 535480823 669351029 4016106181606442469       000    0    0   20    0    0         2  7591818244128        2637127       20974768   511685090002  N  0                         00320 01/08/2023       USD        2.9666        8.8999  1804994.4600
02 36957510         24   14777691561           000           000   14777691561    0    0    0  000    0    0    0   22/03/2021 04:17:17 p.m.   PR           000           000             0            11           USD  1804994.4600       81.8700
