01 36739413  ET350  C  ADEMINA PLUS CR.CORP. 60GR.                 2  29717977  29717977       000  59435954   9509753    0    0    0    0    0         1  7591844000446        2635478       20699581   509483250001  N  0                    AP60200103 01/02/2023
01 36739413  MK635  M  ALBENDAZOL +MK T.FRU.200 X2                 6  20007000  20007000       000 120042000       000    0    0    0    0    0         1  7591519007022        2635477       20699557   509483250001  N  0                         31078 01/01/2022
01 36739413  EL010  M  ALBICAR 200MG. X6TA                         2  13166647  13166647       000  26333294       000    0    0    0    0    0         1  7591062010173        2635477       20699557   509483250001  N  0                        19028C 01/06/2022
01 36739413  VP041  M  ATOVAROL 40MG. X30CA                        2  55837551  55837551       000 111675102       000    0    0    0    0    0         1  7592432900155        2635474       20699358   509483250001  N  0                        200036 01/03/2022
01 36739413  VC310  M  BEVINDAZOL400 SUSP.10ML                     6  19587892  19587892       000 117527352       000    0    0    0    0    0         1  7592782000055        2635477       20699557   509483250001  N  0                       2020006 01/03/2022
01 36739413  11740  M  BRASARTAN 80MG. X30CA                       3  69319054  69319054       000 207957162       000    0    0    0    0    0         1  7591821210486        2635474       20699358   509483250001  N  0                       2001455 01/01/2022
01 36739413  NP099  N  CALCIBON NATAL FORTE 30TAB.                 3  52777140  52777140       000 158331420  25333027    0    0    0    0    0         1  7591821102071        2635473       20699278   509483250001  N  0                       2002736 01/02/2022
01 36739413  10326  M  DALTAZEN 60MG. X30CO                        1  35100000  35100000       000  35100000       000    0    0    0    0    0         1  7591619518992        2635471       20699239   509483250001  N  0                          0048 01/01/2022
01 36739413  11585  M  DESLER M 1,25-4 GRAN.10SO                   1  67327000  67327000       000  67327000       000    0    0    0    0    0         1  7592454891233        2635477       20699557   509483250001  N  0                       3241237 01/01/2022
01 36739413  PA874  M  DI EUDRIN 12,5MG. X24TA                     6  17045774  17045774       000 102274644       000    0    0    0    0    0         1  7591243812374        2635471       20699239   509483250001  N  0                         91740 01/03/2023
01 36739413  EH116  M  ESOMEPRAZOL VP40MG. X20TA                   2  42813736  42813736       000  85627472       000    0    0    0    0    0         1  7703153027421        2635474       20699358   509483250001  N  0                       1255983 01/06/2021
01 36739413  NP002  M  FARMA D 1000UI X30TA                        2  18402985  18402985       000  36805970       000    0    0    0    0    0         1  7591821102101        2635474       20699358   509483250001  N  0                       2001621 01/03/2023
01 36739413  10829  M  FLUCON 200MG. X4CA                          1  31200000  31200000       000  31200000       000    0    0    0    0    0         1  7591955558331        2635475       20699464   509483250001  N  0                          0007 01/01/2022
01 36739413  GQ009  M  FLUCONAZOL ELTER150 X2CA                    6  31460000  31460000       000 188760000       000    0    0    0    0    0         1  7592454144964        2635475       20699464   509483250001  N  0                       3236827 01/11/2021
01 36739413  VP784  M  ILANA 600MG.VAG. X1CA.BL                    2  46486440  46486440       000  92972880       000    0    0    0    0    0         1  7592432011523        2635474       20699358   509483250001  N  0                        200042 01/03/2023
01 36739413  QM340  M  LEPRIT 25MG. X30TA                          1  65247000  65247000       000  65247000       000    0    0    0    0    0         1  7703763363063        2635471       20699239   509483250001  N  0                       3242929 01/03/2022
01 36739413  CO185  M  MIOVIT GRAGEAS X10                          2  38610000  38610000       000  77220000       000    0    0    0    0    0         1  7591818118030        2635471       20699041   509483250001  N  0                         00055 01/02/2023
01 36739413  CO185  M  MIOVIT GRAGEAS X10                          2  38610000  38610000       000  77220000       000    0    0    0    0    0         1  7591818118030        2635470       20699041   509483250001  N  0                         00055 01/02/2023
01 36739413  SP002  M  MONTELUKAST SP10MG. X10TA                   2  20312500  20312500       000  40625000       000    0    0    0    0    0         1  7590027002154        2635471       20699239   509483250001  N  0                           390 01/02/2022
01 36739413  PB032  C  OVERSKIN 10% CR. 50GR.                      2  23149246  23149246       000  46298492   7407759    0    0    0    0    0         1  7591309900274        2635478       20699581   509483250001  N  0                      A2002027 01/02/2023
01 36739413  LN640  M  POLANTAC TAB. X30                           2  22728901  22728901       000  45457802       000    0    0    0    0    0         1  7592348227018        2635475       20699464   509483250001  N  0                       1909058 01/09/2022
01 36739413  LP220  M  PROTOSULFIL 1% CR. 30GR.                    2  33800000  33800000       000  67600000       000    0    0    0    0    0         1  7591955001486        2635475       20699464   509483250001  N  0                          0283 01/05/2022
01 36739413  11343  M  RINARIS 5MG-60MG. X10TA                     3  17447864  17447864       000  52343592       000    0    0    0    0    0         1  7591821802322        2635470       20699041   509483250001  N  0                       1908781 01/01/2022
01 36739413  FA444  M  TAPAZOL TAB. 5MG. X60                       2  30512888  30512888       000  61025776       000    0    0    0    0    0         1  7591821903234        2635471       20699239   509483250001  N  0                       1907659 01/09/2022
01 36739413  PD860  M  TIALIN 50MG. X10CO                          1  26000000  26000000       000  26000000       000    0    0    0    0    0         1  7591955000755        2635473       20699278   509483250001  N  0                          0051 01/02/2022
01 36739413  PB089  C  OVERSKIN 40% CR. 50GR.                      2  30094020  30094020       000  60188040   9630086    0    0    0    0    0         2  7591309000622        2635478       20699581   509483250002  N  0                      A2002035 01/02/2023
01 36739413  MO110  M  PLEXAMIN JBE. 240ML.                        2  57122000  57122000       000 114244000       000    0    0    0    0    0         3  7592601100904        2635478       20699581   509483250003  N  0                        016601 01/09/2021
02 36739413         68    2008917466     165922486      51880625    2226720577    0    0    0  000    0    0    0   24/04/2020 01:02:30 p.m.   PR           000           000             0            26
