01 36747532  QO320  M  ANALPER NAX CAPS. 250 X10                   6  32175000  32175000       000 193050000       000    0    0    0    0    0         1  7592454000789       20712601       20712601   509561230001  N  0                       3243303 01/03/2022
01 36747532  PO180  M  BACTRON SUSP. 100ML.                        2  65000000  65000000       000 130000000       000    0    0    0    0    0         1  7592806122015        2635554       20711978   509561230001  N  0                        003028 01/03/2025
01 36747532  GQ189  M  CLINDAMICINA ELTER300 X16                   1 124800000 124800000       000 124800000       000    0    0    0    0    0         1  7703763670215       20712601       20712601   509561230001  N  0                       3236357 01/01/2023
01 36747532  GT004  M  COVENTROL 12,5MG. X30CO                     2  67917850  67917850       000 135835700       000    0    0    0    0    0         1  7591585365644       20712601       20712601   509561230001  N  0                           115 01/03/2022
01 36747532  LC289  N  FEMADONNA 40MG. X20CO                       6  41613000  41613000       000 249678000       000    0    0    0    0    0         1  7591585212214       20712601       20712601   509561230001  N  0                           046 01/02/2022
01 36747532  DP270  M  KETOCONAZOL DP CR. 2% 15GR.                 3  15700723  15700723       000  47102169       000    0    0    0    0    0         1  7592616584027        2635554       20711978   509561230001  N  0                         00328 01/03/2022
01 36747532  CO450  M  KETOPROFENO CO 2ML.X1AMP.                   6  24960000  24960000       000 149760000       000    0    0    0    0    0         1  7591818131039        2635554       20711978   509561230001  N  0                         90160 01/08/2023
01 36747532  OJ012  N  MACA HP CAPS. 500MG. X60                    2  31032858  31032858       000  62065716       000    0    0    0    0    0         1  7592710000720       20712619       20712619   509561230001  N  0                       0391304 01/04/2023
01 36747532  VP194  M  MELOVAX 15MG. X10CAPS.BL.                   1  32479329  32479329       000  32479329       000    0    0    0    0    0         1  7592432007427       20712619       20712619   509561230001  N  0                        190034 01/02/2022
01 36747532  SA520  M  MESIGYNA INSTAYECT 1ML.                     6  40722028  40722028       000 244332168       000    0    0    0    0    0         1  7501303443318       20712619       20712619   509561230001  N  0                       XB30LAH 01/04/2022
01 36747532  CE120  M  NIOSILIN UNG. 20GR.TUBO                     2  20800000  20800000       000  41600000       000    0    0    0    0    0         1  7594003280048       20712619       20712619   509561230001  N  0                        190016 01/02/2021
01 36747532  FA239  M  NOTOLAC 30MG. X4TA.SUBL.                    2  40081205  40081205       000  80162410       000    0    0    0    0    0         1  7591821210134        2635554       20711978   509561230001  N  0                       1811278 01/01/2021
01 36747532  11568  M  OLMESARTAN LS 40MG.X10CO                    6  36439000  36439000       000 218634000       000    0    0    0    0    0         1  7592454891226       20712601       20712601   509561230001  N  0                       3242987 01/03/2022
01 36747532  KN104  M  RIDAL 1MG. SOL.ORAL 20ML.                   2  36400000  36400000       000  72800000       000    0    0    0    0    0         1  7594000491799       20712619       20712619   509561230001  N  0                          0028 01/03/2023
01 36747532  11793  M  SORKINOX 250-25 X30CO                       2 174116183 174116183       000 348232366       000    0    0    0    0    0         1  7595368012732       20712619       20712619   509561230001  N  0                         10694 01/01/2022
01 36747532  12087  M  SULTAMICILINA DAC750 10TA                   1 177775000 177775000       000 177775000       000    0    0    0    0    0         1  8906121690040        2635554       20711978   509561230001  N  0                         T1210 01/11/2022
01 36747532  GN814  M  SULTAMICILINA GN 250 75ML.                  1 114543000 114543000       000 114543000       000    0    0    0    0    0         1  7591585377944       20712619       20712619   509561230001  N  0                           520 01/03/2022
01 36747532  QM360  M  TIOCOLFEN 600-4 X15TA                       2 127276500 127276500       000 254553000       000    0    0    0    0    0         1  7592454001779       20712601       20712601   509561230001  N  0                       3245128 01/04/2022
01 36747532  NP039  M  VALPRON 250MG. JBE.180ML.                   1 123088057 123088057       000 123088057       000    0    0    0    0    0         2  7591821901964        2635554       20711978   509561230002  N  0                       1909082 01/11/2021
02 36747532         54    2800490915           000           000    2800490915    0    0    0  000    0    0    0   12/05/2020 02:36:10 p.m.   PR           000           000             0            19
