01 36752160  LO001  M  CLARIX SOL.NASAL PED.15ML                   1  17963400  17963400       000  17963400       000    0    0    0    0    0         1  7591196000101        2635596       20719252   509612320001  N  0                        020682 01/02/2025
01 36752160  11940  M  CLORACE 80-0,5 GOTAS 30ML                   1  43758000  43758000       000  43758000       000    0    0    0    0    0         1  7591818716724        2635596       20719252   509612320001  N  0                         90308 01/11/2022
01 36752160  EH116  M  ESOMEPRAZOL VP40MG. X20TA                   2  62223936  62223936       000 124447872       000    0    0    0    0    0         1  7703153027421        2635596       20719252   509612320001  N  0                       1264587 01/08/2021
01 36752160  NP002  M  FARMA D 1000UI X30TA                        1  27713821  27713821       000  27713821       000    0    0    0    0    0         1  7591821102101        2635596       20719252   509612320001  N  0                       2001621 01/03/2023
01 36752160  GQ114  M  FLUDIL 10MG. X20TA                          2  66090050  66090050       000 132180100       000    0    0    0    0    0         1  7592454345057        2635596       20719252   509612320001  N  0                       3242959 01/03/2023
01 36752160  11730  N  LEVINZOL 1000MG. X30CA.BL                   3  29656250  29656250       000  88968750       000    0    0    0    0    0         1  7592782001847        2635596       20719252   509612320001  N  0                        200021 01/02/2022
01 36752160  CO185  M  MIOVIT GRAGEAS X10                          1  42471000  42471000       000  42471000       000    0    0    0    0    0         1  7591818118030        2635596       20719252   509612320001  N  0                         00055 01/02/2023
01 36752160  LO514  M  MOVIMEX 15MG. X10TA                         2  36275987  36275987       000  72551974       000    0    0    0    0    0         1  7591196004093        2635596       20719252   509612320001  N  0                       I129374 01/01/2022
01 36752160  LO524  M  OPAT SOL.OFT. 0,1% 5CC.                     1  24256571  24256571       000  24256571       000    0    0    0    0    0         1  7591196003942        2635596       20719252   509612320001  N  0                        030458 01/03/2022
01 36752160  VC580  M  OTAN GOTAS 5ML.                             2  15700668  15700668       000  31401336       000    0    0    0    0    0         1  7592782000567        2635596       20719252   509612320001  N  0                       2010003 01/01/2022
01 36752160  LT041  M  RIFAMIX 200MG. X12CO                        1  96330000  96330000       000  96330000       000    0    0    0    0    0         1  7591585119049        2635596       20719252   509612320001  N  0                           031 01/02/2023
01 36752160  DP021  M  SILDENAFIL DP 50MG. X2TA                   12  12796671  12796671       000 153560052       000    0    0    0    0    0         1  7592616576596        2631679       20719219   509612320001  N  0                         00223 01/03/2022
01 36752160  MY290  M  TILODRIN GOTAS 15ML.                        2  24716250  24716250       000  49432500       000    0    0    0    0    0         1  7592601100539        2635596       20719252   509612320001  N  0                        902703 01/10/2021
01 36752160  CO380  M  CLORACE JBE.PED. 120ML.                     1  45045000  45045000       000  45045000       000    0    0    0    0    0         2  7591818112069        2635596       20719252   509612320002  N  0                         00044 01/02/2024
01 36752160  EL245  M  TANTUM TOP. BUCAL 240 CC.                   1  15410923  15410923       000  15410923       000    0    0    0    0    0         2  7591062011538        2635596       20719252   509612320002  N  0                        20010A 01/03/2022
02 36752160         33     965491299           000           000     965491299    0    0    0  000    0    0    0   20/05/2020 03:16:13 p.m.   PR           000           000             0            15
