01 36751088  LO239  M  AIRON 4MG. X10TAB.MAST.                     2  35663909  35663909       000  71327818       000    0    0    0    0    0         1  7591196002952        2635577       20717189   509598100001  N  0                       I020831 01/02/2022
01 36751088  MK103  M  DIOSMINA +MK 600MG. X14TA                   1 160368000 160368000       000 160368000       000    0    0    0    0    0         1  7591519051193        2635577       20717189   509598100001  N  0                         31190 01/03/2023
01 36751088  EL369  M  FLATORIL GOTAS 20CC.                        2  41829190  41829190       000  83658380       000    0    0    0    0    0         1  7591062166191        2635577       20717189   509598100001  N  0                        20040A 01/04/2022
01 36751088  FA003  M  HIDROTEN 12,5MG. X30TA                      3  42859314  42859314       000 128577942       000    0    0    0    0    0         1  7591821903791        2635577       20717189   509598100001  N  0                       2001581 01/02/2022
01 36751088  11802  M  LEVONORGES MC 0,75MG.X2TA                   1  46446400  46446400       000  46446400       000    0    0    0    0    0         1   614143659058        2635577       20717189   509598100001  N  0                        190320 01/03/2022
01 36751088  PG110  M  NINAZO GOTAS AD. 15ML.                      6  19395956  19395956       000 116375736       000    0    0    0    0    0         1  7591821802957        2635577       20717189   509598100001  N  0                       2001550 01/09/2021
01 36751088  PB032  C  OVERSKIN 10% CR. 50GR.                      1  23149246  23149246       000  23149246   3703879    0    0    0    0    0         1  7591309900274        2635577       20717189   509598100001  N  0                      A2002027 01/02/2023
01 36751088  11828  M  PREDNISONA CCM 5MG.X20TA                    6  29785701  29785701       000 178714206       000    0    0    0    0    0         1  7501384546816        2635576       20717086   509598100001  N  0                       1119816 01/11/2021
01 36751088  LP220  M  PROTOSULFIL 1% CR. 30GR.                    1  49400000  49400000       000  49400000       000    0    0    0    0    0         1  7591955001486        2635577       20717189   509598100001  N  0                          0279 01/04/2022
01 36751088  LP220  M  PROTOSULFIL 1% CR. 30GR.                    1  49400000  49400000       000  49400000       000    0    0    0    0    0         1  7591955001486        2635577       20717189   509598100001  N  0                          0279 01/04/2022
01 36751088  LP330  M  PROTOSULFIL POLVO 15 GR.                    1  36400000  36400000       000  36400000       000    0    0    0    0    0         1  7591955001509        2635577       20717189   509598100001  N  0                          0074 01/09/2022
01 36751088  KN370  M  ROWELUK 4MG. X30TA.MAST.                    1  35100000  35100000       000  35100000       000    0    0    0    0    0         1  7591619517285        2635577       20717189   509598100001  N  0                          0004 01/06/2021
01 36751088  FA444  M  TAPAZOL TAB. 5MG. X60                       1  51573815  51573815       000  51573815       000    0    0    0    0    0         1  7591821903234        2635577       20717189   509598100001  N  0                       1907659 01/09/2022
01 36751088  QM360  M  TIOCOLFEN 600-4 X15TA                       1 127276500 127276500       000 127276500       000    0    0    0    0    0         1  7592454001779        2635577       20717189   509598100001  N  0                       3245128 01/04/2022
01 36751088  PB089  C  OVERSKIN 40% CR. 50GR.                      1  30094020  30094020       000  30094020   4815043    0    0    0    0    0         2  7591309000622        2635577       20717189   509598100002  N  0                      A2002035 01/02/2023
02 36751088         29    1134618797      53243266       8518923    1196380986    0    0    0  000    0    0    0   19/05/2020 12:24:29 p.m.   PR           000           000             0            15
