01 36752892  GQ739  M  ACETAMINOFEN ELTER 650 X10                 24   9750000   9750000       000 234000000       000    0    0    0    0    0         1  7592454001243       20720231       20720231   509619170001  N  0                       3241661 01/02/2022
01 36752892  QO340  M  ANALPER CAF TAB. 500/40 X10                 6  28327000  28327000       000 169962000       000    0    0    0    0    0         1  7592454001212       20720231       20720231   509619170001  N  0                       3243385 01/03/2022
01 36752892  QO270  M  ANALPER FORTE TAB. 650X10                  12   9750000   9750000       000 117000000       000    0    0    0    0    0         1  7592454000802       20720231       20720231   509619170001  N  0                       3232673 01/08/2021
01 36752892  GQ749  M  AZITROMICINA ELTER 500X5                   12  43680000  43680000       000 524160000       000    0    0    0    0    0         1  7703763700219       20720231       20720231   509619170001  N  0                       3243067 01/03/2023
01 36752892  GQ954  M  BETAHISTINA ELTER 16MG. X20                 1  71012500  71012500       000  71012500       000    0    0    0    0    0         1  7592454002400       20720231       20720231   509619170001  N  0                       3241219 01/01/2022
01 36752892  GQ600  M  CAPTOPRIL ELTER 25 X20TA                    6  32175000  32175000       000 193050000       000    0    0    0    0    0         1  7703763100194       20720231       20720231   509619170001  N  0                       3228621 01/05/2022
01 36752892  GQ224  M  CETIRIZINA ELTER JBE. 60CC.                 6  30719000  30719000       000 184314000       000    0    0    0    0    0         1  7592454138239       20720231       20720231   509619170001  N  0                       3241664 01/02/2023
01 36752892  GQ019  M  CETIRIZINA ELTER10MG.10TA                  12  18564000  18564000       000 222768000       000    0    0    0    0    0         1  7592454138185       20720231       20720231   509619170001  N  0                       3235874 01/09/2021
01 36752892  GQ174  M  CLARITROMICINA ELTER 500X10                 1 119964000 119964000       000 119964000       000    0    0    0    0    0         1  7703763660131       20720231       20720231   509619170001  N  0                       3232472 01/08/2021
01 36752892  GQ899  M  CLOPIDOGREL ELTER 75 X14                   12  43680000  43680000       000 524160000       000    0    0    0    0    0         1  7703763324019       20720231       20720231   509619170001  N  0                       3235869 01/10/2021
01 36752892  GQ009  M  FLUCONAZOL ELTER150 X2CA                    6  25168000  25168000       000 151008000       000    0    0    0    0    0         1  7592454144964       20720231       20720231   509619170001  N  0                       3236827 01/11/2021
01 36752892  11900  M  GLIMERID 4MG. X10TA                         3  28775500  28775500       000  86326500       000    0    0    0    0    0         1  7592454891202       20720231       20720231   509619170001  N  0                       3236614 01/09/2022
01 36752892  GQ989  M  IBUPROFENO ELTER 800X10                    12  31200000  31200000       000 374400000       000    0    0    0    0    0         1  7592454153928       20720231       20720231   509619170001  N  0                       3242253 01/04/2022
01 36752892  11441  M  LOSARTAN P.100MG.X10ELTER                   6  35607000  35607000       000 213642000       000    0    0    0    0    0         1  7592454891165       20720231       20720231   509619170001  N  0                       3243063 01/03/2022
01 36752892  GQ164  M  MELOXICAM ELTE15MG. X10TA                   3  33059000  33059000       000  99177000       000    0    0    0    0    0         1  7592454162050       20720231       20720231   509619170001  N  0                       3234480 01/09/2022
01 36752892  11688  M  MONTELUKAST LS 5MG. X10TM                   6  27300000  27300000       000 163800000       000    0    0    0    0    0         1  7592454891301       20720231       20720231   509619170001  N  0                       3234482 01/09/2022
01 36752892  11566  M  OLMESARTAN LS 20MG.X10CO                    6  32175000  32175000       000 193050000       000    0    0    0    0    0         1  7592454891219       20720231       20720231   509619170001  N  0                       3233765 01/08/2021
01 36752892  11893  M  TALYSTO 20MG. X1TA.MAST.                   12   6825000   6825000       000  81900000       000    0    0    0    0    0         1  7592454891400       20720231       20720231   509619170001  N  0                       3237271 01/10/2021
01 36752892  11565  M  TIOCOLFEN 600-4 X10TA                       2  85383350  85383350       000 170766700       000    0    0    0    0    0         1  7592454891288       20720231       20720231   509619170001  N  0                       3245127 01/04/2022
01 36752892  GQ844  M  VALSARTAN ELTER80MG.X14TA                   3  47957000  47957000       000 143871000       000    0    0    0    0    0         1  7703763341078       20720231       20720231   509619170001  N  0                       3242966 01/03/2022
02 36752892        151    4038331700           000           000    4038331700    0    0    0  000    0    0    0   21/05/2020 03:44:58 p.m.   PR           000           000             0            20
