01 36751355  PO130  M  ALURON 100MG. X30TA                         1  67860000  67860000       000  67860000       000    0    0    0    0    0         1  7592806133042        2635591       20718307   509604820001  N  0                        003035 01/03/2024
01 36751355  GN088  M  AMLODIPINA GN 10MG. X30CO                   6  46753200  46753200       000 280519200       000    0    0    0    0    0         1  7591585278173        2635589       20718228   509604820001  N  0                           181 01/01/2023
01 36751355  GN790  M  AMLODIPINA GN 5MG. X30CO                    6  44744700  44744700       000 268468200       000    0    0    0    0    0         1  7591585278166        2635589       20718223   509604820001  N  0                           378 01/11/2022
01 36751355  GN790  M  AMLODIPINA GN 5MG. X30CO                    6  44744700  44744700       000 268468200       000    0    0    0    0    0         1  7591585278166        2635588       20718223   509604820001  N  0                           378 01/11/2022
01 36751355  VM730  M  AMOXIVAL 500MG. X12CA                       2  63960000  63960000       000 127920000       000    0    0    0    0    0         1  7591020000710        2635592       20718335   509604820001  N  0                            98 01/03/2023
01 36751355  PF204  M  ATAMEL FORTE 650MG. X10TA                  12  11726839  11726839       000 140722068       000    0    0    0    0    0         1  7591257000552        2635588       20718223   509604820001  N  0                     926132021 01/03/2022
01 36751355  PA325  M  BETAGEN 4MG. 1ML. X1AMP.                    6  27813408  27813408       000 166880448       000    0    0    0    0    0         1  7591243804287        2635591       20718307   509604820001  N  0                       9163302 01/02/2022
01 36751355  LT031  M  BIOTALOL 5MG. X30CO                         6  62010000  62010000       000 372060000       000    0    0    0    0    0         1  7591585217165        2635592       20718335   509604820001  N  0                           104 01/03/2022
01 36751355  11461  M  BRASARTAN 80MG. X10CA                       2  52305370  52305370       000 104610740       000    0    0    0    0    0         1  7591821210301        2635591       20718307   509604820001  N  0                       2001455 01/01/2022
01 36751355  11740  M  BRASARTAN 80MG. X30CA                       2 150215910 150215910       000 300431820       000    0    0    0    0    0         1  7591821210486        2635591       20718307   509604820001  N  0                       2001455 01/01/2022
01 36751355  KL694  M  CORENTEL 10MG. X30CO                        1  62400000  62400000       000  62400000       000    0    0    0    0    0         1  7591619520308        2635592       20718335   509604820001  N  0                          0001 01/02/2023
01 36751355  PD754  M  FERGANIC 40MG. X14CA                        1  50700000  50700000       000  50700000       000    0    0    0    0    0         1  7591955002421        2635591       20718307   509604820001  N  0                          0131 01/07/2021
01 36751355  PD109  M  FERGANIC FOLIC TM X20                       3  49400000  49400000       000 148200000       000    0    0    0    0    0         1  7591955002797        2635591       20718307   509604820001  N  0                          0279 01/10/2021
01 36751355  KN280  M  FERGANIC FOLIC TM X30                       1  75400000  75400000       000  75400000       000    0    0    0    0    0         1  7591955003053        2635591       20718307   509604820001  N  0                          0274 01/09/2021
01 36751355  10152  M  KLINCOSAL TAB.MAST. X30                     1  46800000  46800000       000  46800000       000    0    0    0    0    0         1  7591619519111        2635588       20718223   509604820001  N  0                          0017 01/02/2022
01 36751355  11802  M  LEVONORGES MC 0,75MG.X2TA                   2  46446400  46446400       000  92892800       000    0    0    0    0    0         1   614143659058        2635588       20718223   509604820001  N  0                        190320 01/03/2022
01 36751355  KL820  M  LODIPIN 10MG. X10CO                         3  27300000  27300000       000  81900000       000    0    0    0    0    0         1  7591619129037        2635590       20718229   509604820001  N  0                          0030 01/06/2021
01 36751355  11278  M  LODIPIN 10MG. X30CO                         1  59800000  59800000       000  59800000       000    0    0    0    0    0         1  7591619129044        2635590       20718229   509604820001  N  0                          0032 01/02/2022
01 36751355  NP024  M  NOTOLAC 20MG. X10TA                         2  42212167  42212167       000  84424334       000    0    0    0    0    0         1  7591821902022        2635591       20718307   509604820001  N  0                       2001250 01/01/2023
01 36751355  FA239  M  NOTOLAC 30MG. X4TA.SUBL.                    2  40081205  40081205       000  80162410       000    0    0    0    0    0         1  7591821210134        2635591       20718307   509604820001  N  0                       1811278 01/01/2021
01 36751355  11665  A  NUTRICELL COMPR. X60                        2 104975000 104975000       000 209950000  33592000    0    0    0    0    0         1   016463936886        2635591       20718307   509604820001  N  0                        L39118 01/10/2021
01 36751355  11271  M  STAMYL FORTE X10TA                          1  60673730  60673730       000  60673730       000    0    0    0    0    0         1  7591821802827        2635592       20718335   509604820001  N  0                       2003523 01/03/2022
01 36751355  11136  M  FLOMED SOL.TOP.BUCAL180ML                   2   6377670   6377670       000  12755340       000    0    0    0    0    0         2  7591062901365        2635591       20718307   509604820002  N  0                        19050A 01/10/2021
02 36751355         71    3163999290           000      33592000    3197591290    0    0    0  000    0    0    0   19/05/2020 02:57:05 p.m.   PR           000           000             0            22
