01 36757536  KL100  M  AC FOLICO KL GOTAS 15ML.                    2  62400000  62400000       000 124800000       000    0    0    0    0    0         1  7591619501031       20726922       20726922   509668520001  N  0                          0190 01/09/2022
01 36757536  RZ160  M  AC FOLICO PX 10MG. X20TA                   12  18611268  18611268       000 223335216       000    0    0    0    0    0         1  7594001101338       20726922       20726922   509668520001  N  0                          5503 01/03/2023
01 36757536  11795  M  AFLAMAX 50MG. X10TA                        12  22774538  22774538       000 273294456       000    0    0    0    0    0         1  7591196007186       20726922       20726922   509668520001  N  0                       I030870 01/04/2022
01 36757536  GN088  M  AMLODIPINA GN 10MG. X30CO                   6  46753200  46753200       000 280519200       000    0    0    0    0    0         1  7591585278173       20726922       20726922   509668520001  N  0                           182 01/03/2023
01 36757536  GN088  M  AMLODIPINA GN 10MG. X30CO                   2  46753200  46753200       000  93506400       000    0    0    0    0    0         1  7591585278173        2635633       20726704   509668520001  N  0                           182 01/03/2023
01 36757536  GN790  M  AMLODIPINA GN 5MG. X30CO                    6  48230000  48230000       000 289380000       000    0    0    0    0    0         1  7591585278166       20726922       20726922   509668520001  N  0                           380 01/03/2023
01 36757536  VM780  M  AMOXIVAL 250MG.PPSO 90ML.                   2  44808453  44808453       000  89616906       000    0    0    0    0    0         1  7591020000758       20726922       20726922   509668520001  N  0                           400 01/02/2022
01 36757536  12164  M  ANTICONCEPTI BM3-0,03 X21                   3  74750000  74750000       000 224250000       000    0    0    0    0    0         1  6930169708360       20726922       20726922   509668520001  N  0                        190439 01/03/2022
01 36757536  GF109  M  AZITROMICINA GF PPSO15ML.                   1  36432500  36432500       000  36432500       000    0    0    0    0    0         1  7702605100538        2635633       20726704   509668520001  N  0                      9GC3798D 01/07/2021
01 36757536  PD565  M  BARGONIL UNG. 10GR.                         1  64350000  64350000       000  64350000       000    0    0    0    0    0         1  7591955000045        2635632       20726673   509668520001  N  0                          0083 01/04/2021
01 36757536  LT031  M  BIOTALOL 5MG. X30CO                         4  62010000  62010000       000 248040000       000    0    0    0    0    0         1  7591585217165        2635632       20726673   509668520001  N  0                           104 01/03/2022
01 36757536  11626  M  BISOPROLOLH AL2,5-6,25X15                   1  47220475  47220475       000  47220475       000    0    0    0    0    0         1  7597758000091        2635632       20726673   509668520001  N  0                         DL016 01/04/2022
01 36757536  11627  M  BISOPROLOLH AL5-6,25X15                     1  59432667  59432667       000  59432667       000    0    0    0    0    0         1  7597758000107        2635632       20726673   509668520001  N  0                         DL017 01/04/2022
01 36757536  10884  N  CASTA?O DE INDIAS AI 60CA                   1 104357500 104357500       000 104357500       000    0    0    0    0    0         1  7592946007104        2635632       20726673   509668520001  N  0                      08207104 01/03/2022
01 36757536  10025  M  CLOTRIMAZOL GN CR.1% 50GR                   2  49935600  49935600       000  99871200       000    0    0    0    0    0         1  7591585377456       20726999       20726999   509668520001  N  0                           263 01/05/2023
01 36757536  11288  M  COLYPAN 200MG. X10TA                        2  56672572  56672572       000 113345144       000    0    0    0    0    0         1  7591821210264       20726999       20726999   509668520001  N  0                       2003084 01/03/2023
01 36757536  12163  M  COMPLEJO MULTIVIT.BM X100                   1 227500000 227500000       000 227500000       000    0    0    0    0    0         1  6930169708032       20726999       20726999   509668520001  N  0                        190443 01/03/2022
01 36757536  KL043  M  CORENTEL 2,5MG. X30CO                       1  70200000  70200000       000  70200000       000    0    0    0    0    0         1  7591619520278       20726999       20726999   509668520001  N  0                          0003 01/02/2023
01 36757536  KL047  M  COROPRES H 16/12,5 X30CO                    2  92950000  92950000       000 185900000       000    0    0    0    0    0         1  7591619520360       20726999       20726999   509668520001  N  0                          0001 01/02/2023
01 36757536  KL033  M  COROPRES H 8/12,5 X30CO                     2  79430000  79430000       000 158860000       000    0    0    0    0    0         1  7591619520353       20726999       20726999   509668520001  N  0                          0001 01/02/2023
01 36757536  11810  M  CRISOMET 50-500 X60TA                       1 362056760 362056760       000 362056760       000    0    0    0    0    0         1  7591821210516       20726999       20726999   509668520001  N  0                       2002112 01/02/2022
01 36757536  GP220  M  DALTAZEN 60MG. X20CO                        2  45500000  45500000       000  91000000       000    0    0    0    0    0         1  7594000490303        2635632       20726673   509668520001  N  0                          0047 01/01/2022
01 36757536  10326  M  DALTAZEN 60MG. X30CO                        2  62400000  62400000       000 124800000       000    0    0    0    0    0         1  7591619518992        2635632       20726673   509668520001  N  0                          0048 01/01/2022
01 36757536  GQ794  M  DESLORATADINA ELTER JBE.60                  6  28535000  28535000       000 171210000       000    0    0    0    0    0         1  7703763393053        2635633       20726704   509668520001  N  0                       3244183 01/03/2022
01 36757536  KL344  M  DORIXINA FLEX 125-5 X10CO                   4  72800000  72800000       000 291200000       000    0    0    0    0    0         1  7591619518671        2635632       20726673   509668520001  N  0                          0008 01/03/2023
01 36757536  12153  M  ENALAPRIL BM10MG. X100TA                    2 136500000 136500000       000 273000000       000    0    0    0    0    0         1  6930169708339       20727027       20727027   509668520001  N  0                        190563 01/04/2022
01 36757536  GQ990  M  ENALAPRIL ELTER 20 X20TA                    2  33800000  33800000       000  67600000       000    0    0    0    0    0         1  7592454141000       20727027       20727027   509668520001  N  0                       3244929 01/05/2023
01 36757536  11555  M  ESOZ 20MG. X7CAPS.MGE                       2  31768750  31768750       000  63537500       000    0    0    0    0    0         1  7592454891264       20727027       20727027   509668520001  N  0                       3236134 01/10/2021
01 36757536  QM510  M  ESOZ 40MG. X14CAPS.MGE                      1  59741500  59741500       000  59741500       000    0    0    0    0    0         1  7592454889292       20727027       20727027   509668520001  N  0                       3242674 01/03/2022
01 36757536  QM520  M  ESOZ CAPS.MGE 20MG. X14                     1  51111450  51111450       000  51111450       000    0    0    0    0    0         1  7592454889285       20727027       20727027   509668520001  N  0                       3242673 01/02/2022
01 36757536  GM139  M  ESPIRONOLACTONA MY 25X20                    2  50700000  50700000       000 101400000       000    0    0    0    0    0         1  7592601300984       20727027       20727027   509668520001  N  0                        956805 01/11/2021
01 36757536  PD754  M  FERGANIC 40MG. X14CA                        2  76050000  76050000       000 152100000       000    0    0    0    0    0         1  7591955002421        2635632       20726673   509668520001  N  0                          0131 01/07/2021
01 36757536  SW280  M  FESTAL 192MG. X10GRAG.                      2  54600000  54600000       000 109200000       000    0    0    0    0    0         1  7591044407526        2635630       20726400   509668520001  N  0                       8VE0091 01/09/2020
01 36757536  PD920  M  FLEMIBAR 500MG. X10CO                       3  55900000  55900000       000 167700000       000    0    0    0    0    0         1  7591955000861        2635630       20726400   509668520001  N  0                          0043 01/06/2023
01 36757536  VC215  M  FUGOLIN CR. 20 GR.                          6  28437500  28437500       000 170625000       000    0    0    0    0    0         1  7592782000130       20727027       20727027   509668520001  N  0                       2040007 01/04/2022
01 36757536  TQ530  M  GLIDAN 80MG. X20TA                          2  45500000  45500000       000  91000000       000    0    0    0    0    0         1  7591955002469        2635632       20726673   509668520001  N  0                          0023 01/03/2022
01 36757536  LP420  M  GULAPER JBE.AD. 120ML.                      1  71526000  71526000       000  71526000       000    0    0    0    0    0         1  7591955001288        2635632       20726673   509668520001  N  0                          0047 01/09/2021
01 36757536  MY010  M  IMAZOL CAPS.BL.VAG. 100 X6                  3  64564500  64564500       000 193693500       000    0    0    0    0    0         1  7592601100485        2635632       20726673   509668520001  N  0                        027302 01/03/2023
01 36757536  10152  M  KLINCOSAL TAB.MAST. X30                     1  84240000  84240000       000  84240000       000    0    0    0    0    0         1  7591619519111        2635632       20726673   509668520001  N  0                          0017 01/02/2022
01 36757536  QM340  M  LEPRIT 25MG. X30TA                          2  55459950  55459950       000 110919900       000    0    0    0    0    0         1  7703763363063        2635632       20726673   509668520001  N  0                       3242929 01/03/2022
01 36757536  11351  M  MADECASSOL 1% UNG. 10GR.                    1  72640833  72640833       000  72640833       000    0    0    0    0    0         1  7592348413824        2635632       20726673   509668520001  N  0                       1807018 01/07/2023
01 36757536  KL419  M  MIGRADORIXINA 125-1 X10CO                   1  53300000  53300000       000  53300000       000    0    0    0    0    0         1  7591619518688        2635632       20726673   509668520001  N  0                          0007 01/08/2022
01 36757536  FA514  M  NEURIXA 75MG. X14CA                         6  60460717  60460717       000 362764302       000    0    0    0    0    0         1  7591821903616        2635630       20726400   509668520001  N  0                       2003974 01/04/2022
01 36757536  12008  M  PERTEN 1%GEL TOPICO 20GR.                   2  36855000  36855000       000  73710000       000    0    0    0    0    0         1  7592601301820        2635633       20726704   509668520001  N  0                        936902 01/09/2021
01 36757536  LN640  M  POLANTAC TAB. X30                           2  54676337  54676337       000 109352674       000    0    0    0    0    0         1  7592348227018        2635630       20726400   509668520001  N  0                       1909058 01/09/2022
01 36757536  11828  M  PREDNISONA CCM 5MG.X20TA                    1  31707840  31707840       000  31707840       000    0    0    0    0    0         1  7501384546816        2635632       20726673   509668520001  N  0                       1119816 01/11/2021
01 36757536  VO130  M  PREDNISONA GENCER50 X10TA                   1  50050000  50050000       000  50050000       000    0    0    0    0    0         1  7591020007474        2635632       20726673   509668520001  N  0                            28 01/11/2024
01 36757536  11271  M  STAMYL FORTE X10TA                          2  65133038  65133038       000 130266076       000    0    0    0    0    0         1  7591821802827        2635630       20726400   509668520001  N  0                       2003523 01/03/2022
01 36757536  MK339  M  VIAJESAN 50MG. X10TA                        2  18232500  18232500       000  36465000       000    0    0    0    0    0         1   769229220612        2635633       20726704   509668520001  N  0                        371118 01/11/2021
01 36757536  EH640  M  VIT B6-B12+AC FOLICO VP X30                 1  45739288  45739288       000  45739288       000    0    0    0    0    0         1  7592432008110        2635632       20726673   509668520001  N  0                        180294 01/09/2021
01 36757536  KQ019  C  ARNICA M.ROLL ON PLUS 90G                   2  23498046  23498046       000  46996092   7519375    0    0    0    0    0         2  7593434000164       20726922       20726922   509668520002  N  0                     406920001 01/03/2024
01 36757536  QO250  M  BROXOL GRIP PED. JBE.120ML.                 2  31128500  31128500       000  62257000       000    0    0    0    0    0         3  7592454000734        2635632       20726673   509668520003  N  0                       3244159 01/03/2022
01 36757536  CO380  M  CLORACE JBE.PED. 120ML.                     1  45045000  45045000       000  45045000       000    0    0    0    0    0         3  7591818112069       20726999       20726999   509668520003  N  0                         00044 01/02/2024
02 36757536        135    6895171287      46996092       7519375    6949686754    0    0    0  000    0    0    0   01/06/2020 01:52:08 p.m.   PR           000           000             0            53
