01 36755970  FA022  M  BONAMES 150MG. X1TA                         2  51517497  51517497       000 103034994       000    0    0    0    0    0         1  7591821903326        2635619       20724528   509651120001  N  0                       1911265 01/11/2023
01 36755970  FA003  M  HIDROTEN 12,5MG. X30TA                      1  52074303  52074303       000  52074303       000    0    0    0    0    0         1  7591821903791        2635618       20724476   509651120001  N  0                       2001581 01/02/2022
01 36755970  EL017  M  OFAFLAN GOTAS PED. 30ML.                    1   9822950   9822950       000   9822950       000    0    0    0    0    0         1  7591062900894        2635618       20724476   509651120001  N  0                        19098B 01/10/2021
01 36755970  EL027  M  OFAFLAN SUSP.PED. 120ML.                    3  27764101  27764101       000  83292303       000    0    0    0    0    0         1  7591062016472        2635618       20724476   509651120001  N  0                        19113A 01/11/2021
01 36755970  LO524  M  OPAT SOL.OFT. 0,1% 5CC.                     1  24256571  24256571       000  24256571       000    0    0    0    0    0         1  7591196003942        2635619       20724528   509651120001  N  0                        030458 01/03/2022
01 36755970  PA033  M  SAX SOL. VAGINAL 135 CC.                    2  32849668  32849668       000  65699336       000    0    0    0    0    0         1  7591241846609        2635619       20724528   509651120001  N  0                       9179801 01/02/2023
01 36755970  OJ024  N  SKOLLAGE HP CAPS. X60                       1  59375817  59375817       000  59375817       000    0    0    0    0    0         1  7592710001109        2635619       20724528   509651120001  N  0                       0562802 01/02/2023
01 36755970  KF150  M  ZUDENINA FORTE GEL 0,3%30GR                 1  59800000  59800000       000  59800000       000    0    0    0    0    0         1  7703281001003        2631685       20724397   509651120001  N  0                        S00228 01/08/2020
01 36755970  11601  C  BARR DER.BIOS P.SECA 90                     3  15704516  15704516       000  47113548   7538168    0    0    0    0    0         2  7595481000241        2631685       20724397   509651120002  N  0                        191202 01/12/2023
01 36755970  AP440  M  PLEXAMIN JBE. 120ML.                        2  49844438  49844438       000  99688876       000    0    0    0    0    0         3  7592601200413        2635618       20724476   509651120003  N  0                        016601 01/09/2021
02 36755970         17     557045150      47113548       7538168     611696866    0    0    0  000    0    0    0   27/05/2020 02:13:34 p.m.   PR           000           000             0            10
