01 36754045  PA054  M  BETADERM PLUS CREMA 15GR.                   2  34526682  34526682       000  69053364       000    0    0    0    0    0         1  7591243804164       20721900       20721900   509629040001  N  0                       9206401 01/02/2022
01 36754045  VC310  M  BEVINDAZOL400 SUSP.10ML                     4  31281250  31281250       000 125125000       000    0    0    0    0    0         1  7592782000055       20721900       20721900   509629040001  N  0                       2020006 01/03/2022
01 36754045  12385  M  BUDEWELL-200 200MCG/DOSIS                   1 177654750 177654750       000 177654750       000    0    0    0    0    0         1  8904307701009       20721900       20721900   509629040001  N  0                         MD033 01/08/2021
01 36754045  AO180  M  CALOXPIRINA 81MG. X30TA                     2  54600000  54600000       000 109200000       000    0    0    0    0    0         1  7591519008487       20721900       20721900   509629040001  N  0                         30649 01/06/2021
01 36754045  PA884  M  CARBATIL 12,5MG. X30TA                      6  46228265  46228265       000 277369590       000    0    0    0    0    0         1  7591243807813       20721900       20721900   509629040001  N  0                       9171102 01/04/2022
01 36754045  12141  M  CARVEDILOL BM6,25 X100TA                    1 117000000 117000000       000 117000000       000    0    0    0    0    0         1  6930169708377        2635610       20721900   509629040001  N  0                        190437 01/03/2022
01 36754045  12141  M  CARVEDILOL BM6,25 X100TA                    1 117000000 117000000       000 117000000       000    0    0    0    0    0         1  6930169708377        2635610       20721839   509629040001  N  0                        190437 01/03/2022
01 36754045  12141  M  CARVEDILOL BM6,25 X100TA                    1 117000000 117000000       000 117000000       000    0    0    0    0    0         1  6930169708377       20721900       20721839   509629040001  N  0                        190437 01/03/2022
01 36754045  LO149  M  CORTYNASE SUSP.NASAL 140D.                  1 103674597 103674597       000 103674597       000    0    0    0    0    0         1  7591196004604       20721900       20721900   509629040001  N  0                        030191 01/04/2022
01 36754045  GT004  M  COVENTROL 12,5MG. X30CO                     2  67917850  67917850       000 135835700       000    0    0    0    0    0         1  7591585365644        2635610       20721839   509629040001  N  0                           115 01/03/2022
01 36754045  LT038  M  COVENTROL 6,25MG. X30CO                     2  51308400  51308400       000 102616800       000    0    0    0    0    0         1  7591585265630       20721900       20721900   509629040001  N  0                           118 01/03/2022
01 36754045  PA176  M  DECA LENTERMINA C. X2AMP.                   6  51267107  51267107       000 307602642       000    0    0    0    0    0         1  7591243811445       20721906       20721906   509629040001  N  0                       9165701 01/02/2022
01 36754045  MK027  M  DEFLAZACORT +MK 6MG. X10                    1 118560000 118560000       000 118560000       000    0    0    0    0    0         1  7591519008197       20721906       20721906   509629040001  N  0                         30919 01/09/2022
01 36754045  PA874  M  DI EUDRIN 12,5MG. X24TA                     6  24522502  24522502       000 147135012       000    0    0    0    0    0         1  7591243812374       20721906       20721906   509629040001  N  0                         91740 01/03/2023
01 36754045  LT073  M  DICLOFENAC P. GN 50 X30CO                  12  49907000  49907000       000 598884000       000    0    0    0    0    0         1  7591585379245       20721906       20721906   509629040001  N  0                           736 01/03/2023
01 36754045  12153  M  ENALAPRIL BM10MG. X100TA                    1 136500000 136500000       000 136500000       000    0    0    0    0    0         1  6930169708339       20721906       20721906   509629040001  N  0                        190563 01/04/2022
01 36754045  GM139  M  ESPIRONOLACTONA MY 25X20                    2  50700000  50700000       000 101400000       000    0    0    0    0    0         1  7592601300984       20721906       20721906   509629040001  N  0                        056801 01/02/2022
01 36754045  PD920  M  FLEMIBAR 500MG. X10CO                       2  42900000  42900000       000  85800000       000    0    0    0    0    0         1  7591955000861        2635610       20721839   509629040001  N  0                          0042 01/06/2023
01 36754045  10829  M  FLUCON 200MG. X4CA                          1  50700000  50700000       000  50700000       000    0    0    0    0    0         1  7591955558331       20721906       20721906   509629040001  N  0                          0007 01/01/2022
01 36754045  LO175  M  GARABET SOL.OFT. 5CC.                       6  22490390  22490390       000 134942340       000    0    0    0    0    0         1  7591196000255       20721911       20721911   509629040001  N  0                        030514 01/03/2023
01 36754045  VC003  M  GENCIVOL COMPUESTO SOL.15ML                 2  21856250  21856250       000  43712500       000    0    0    0    0    0         1  7592782000529       20721911       20721911   509629040001  N  0                       2030009 01/03/2022
01 36754045  11764  N  GLUCOSAMINA-CHON HP X60CA                   1  90675000  90675000       000  90675000       000    0    0    0    0    0         1  7592710000881       20721911       20721911   509629040001  N  0                       0552804 01/04/2023
01 36754045  12210  M  HEMOFER X30 CAPSULAS                        2 100473838 100473838       000 200947676       000    0    0    0    0    0         1  7406076104254       20721911       20721911   509629040001  N  0                        C19033 01/03/2021
01 36754045  FA003  M  HIDROTEN 12,5MG. X30TA                      2  52074303  52074303       000 104148606       000    0    0    0    0    0         1  7591821903791       20721911       20721911   509629040001  N  0                       2001581 01/02/2022
01 36754045  11442  M  KETOPROFENO PX 100 X10TA                    6  29638902  29638902       000 177833412       000    0    0    0    0    0         1  7594001101178       20721934       20721934   509629040001  N  0                          5499 01/03/2025
01 36754045  11278  M  LODIPIN 10MG. X30CO                         1  59800000  59800000       000  59800000       000    0    0    0    0    0         1  7591619129044       20721934       20721934   509629040001  N  0                          0032 01/02/2022
01 36754045  LO439  M  LORATADINA LO 10MG. X10TA                   3  17646169  17646169       000  52938507       000    0    0    0    0    0         1  7591196002990       20721934       20721934   509629040001  N  0                       I020839 01/03/2022
01 36754045  MK384  M  METFORMINA +MK850 X28TA                     2  66222000  66222000       000 132444000       000    0    0    0    0    0         1  7591519003734       20721934       20721934   509629040001  N  0                         31090 01/01/2025
01 36754045  CR310  C  MIMADITO BASTONCITOS X100                   6  28894446  28894446       000 173366676  27738668    0    0    0    0    0         1  7591248821203       20721934       20721934   509629040001  N  0                  M10712082123 01/03/2023
01 36754045  CR300  C  MIMADITO BASTONCITOS X50                    6  11988233  11988233       000  71929398  11508704    0    0    0    0    0         1  7591248821104       20721934       20721934   509629040001  N  0                  M40622082110 01/03/2023
01 36754045  CO010  M  MIOVIT COMP.AMP.3ML. X6 KIT                 3 175461000 175461000       000 526383000       000    0    0    0    0    0         1  7591818715628       20721934       20721934   509629040001  N  0                         00015 01/02/2023
01 36754045  LO514  M  MOVIMEX 15MG. X10TA                         3  36275987  36275987       000 108827961       000    0    0    0    0    0         1  7591196004093       20721934       20721934   509629040001  N  0                       I030861 01/03/2022
01 36754045  KN430  M  NEFROTAL H 100/12,5 X30CO                   1  57200000  57200000       000  57200000       000    0    0    0    0    0         1  7591955558287       20721934       20721934   509629040001  N  0                          0020 01/05/2022
01 36754045  KN105  M  NEFROTAL H 100/25 X30CO                     1  67600000  67600000       000  67600000       000    0    0    0    0    0         1  7591955558263       20721934       20721934   509629040001  N  0                          0015 01/10/2022
01 36754045  PG110  M  NINAZO GOTAS AD. 15ML.                     12  24560855  24560855       000 294730260       000    0    0    0    0    0         1  7591821802957       20721934       20721934   509629040001  N  0                      2002798B 01/09/2021
01 36754045  11536  M  OLMECAR 20MG. X30CO                         1  89700000  89700000       000  89700000       000    0    0    0    0    0         1  7591585318794        2635610       20721839   509629040001  N  0                           036 01/02/2022
01 36754045  11621  M  OLMESARTAN AL20MG. X30TA                    1  91938662  91938662       000  91938662       000    0    0    0    0    0         1  7597758000312       20721934       20721934   509629040001  N  0                         DL023 01/05/2022
01 36754045  11622  M  OLMESARTAN AL40MG. X30TA                    1 126373309 126373309       000 126373309       000    0    0    0    0    0         1  7597758000329       20721934       20721934   509629040001  N  0                         DL024 01/05/2022
01 36754045  11630  M  OMEFLUX 20MG. X10CA                        12  23687424  23687424       000 284249088       000    0    0    0    0    0         1  7597758000060       20721934       20721934   509629040001  N  0                         DL042 01/06/2022
01 36754045  12015  M  OMEPRAZOL DAC20MG. X20CA                   12  38480000  38480000       000 461760000       000    0    0    0    0    0         1  8906121690101       20721934       20721934   509629040001  N  0                          C801 01/06/2022
01 36754045  11620  M  OXACILINA AL1GR. X10AMP.                    1 259226136 259226136       000 259226136       000    0    0    0    0    0         1  7597758000039       20721934       20721934   509629040001  N  0                         D1916 01/07/2021
01 36754045  LN110  C  DIADEX PHIS JABON 120ML.                    3  12333235  12333235       000  36999705   5919953    0    0    0    0    0         2  7592348208208       20721906       20721906   509629040002  N  0                   01219800002 01/08/2024
01 36754045  12196  C  JABON MIMLOT LIMON 125GR.                  12   9425000   9425000       000 113100000  18096000    0    0    0    0    0         2  1180201379439       20721934       20721934   509629040002  N  0                      19490612 01/12/2026
01 36754045  12195  C  JABON MIMLOT MANZANA 125G                  12   9425000   9425000       000 113100000  18096000    0    0    0    0    0         2  1180201379415       20721934       20721934   509629040002  N  0                      19490412 01/12/2026
01 36754045  LX103  M  CARNISIN 1G.S.ORAL S/A180                   1  78936000  78936000       000  78936000       000    0    0    0    0    0         3  7591585112323       20721900       20721900   509629040003  N  0                           043 01/04/2022
01 36754045  PD370  M  CLENBUNAL JBE. AD. 120 CC                   1  39000000  39000000       000  39000000       000    0    0    0    0    0         3  7591955000120       20721900       20721900   509629040003  N  0                          0039 01/01/2024
01 36754045  PD710  M  CLENBUXOL JBE. AD. 120CC.                   1  45500000  45500000       000  45500000       000    0    0    0    0    0         3  7591955000151       20721900       20721900   509629040003  N  0                          0061 01/08/2022
01 36754045  PD720  M  CLENBUXOL JBE. PED. 120CC.                  2  39000000  39000000       000  78000000       000    0    0    0    0    0         3  7591955000168       20721900       20721900   509629040003  N  0                          0111 01/08/2023
01 36754045  CO520  M  KATIVIL SOL.ORAL 120ML.                     2  54483000  54483000       000 108966000       000    0    0    0    0    0         3  7591818111147       20721934       20721934   509629040003  N  0                         00103 01/04/2023
02 36754045        173    6713943912     508495779      81359325    7303799016    0    0    0  000    0    0    0   25/05/2020 12:20:49 p.m.   PR           000           000             0            48
