01 36763887  PO130  M  ALURON 100MG. X30TA                         1  67860000  67860000       000  67860000       000    0    0    0    0    0         1  7592806133042        2635676       20736145   509729950001  N  0                        001002 01/01/2024
01 36763887  GN088  M  AMLODIPINA GN 10MG. X30CO                   2  50440000  50440000       000 100880000       000    0    0    0    0    0         1  7591585278173        2635676       20736145   509729950001  N  0                           182 01/03/2023
01 36763887  11352  M  ANAPIR 400MG. X10CA,BLAN                    1  48376894  48376894       000  48376894       000    0    0    0    0    0         1  7593090001024        2635676       20736145   509729950001  N  0                        200029 01/03/2023
01 36763887  XM003  M  ANAPIR IBUPROFENO 200X10                    2  25346965  25346965       000  50693930       000    0    0    0    0    0         1  7593090000157        2635676       20736145   509729950001  N  0                        200025 01/02/2023
01 36763887  PO180  M  BACTRON SUSP. 100ML.                        1  65000000  65000000       000  65000000       000    0    0    0    0    0         1  7592806122015        2635676       20736145   509729950001  N  0                        003028 01/03/2025
01 36763887  VC310  M  BEVINDAZOL400 SUSP.10ML                     6  34125000  34125000       000 204750000       000    0    0    0    0    0         1  7592782000055        2635676       20736145   509729950001  N  0                       2030008 01/05/2022
01 36763887  PO195  M  DECOBEL VIAL 8MG. 2ML.                      2  50700000  50700000       000 101400000       000    0    0    0    0    0         1  7592806112047        2635676       20736145   509729950001  N  0                        910080 01/10/2022
01 36763887  AH295  M  LASIX 20MG. X24CO                           2  42588000  42588000       000  85176000       000    0    0    0    0    0         1  7592205000037        2635676       20736145   509729950001  N  0                       8VE0093 01/09/2021
01 36763887  11163  M  LEVOFERIN SOL.ORAL 90ML.                    3  21182178  21182178       000  63546534       000    0    0    0    0    0         1  7592782000741        2635676       20736145   509729950001  N  0                       2030012 01/03/2023
01 36763887  GN101  M  LOSARTAN P. GN 50MG. X30                    6  78260000  78260000       000 469560000       000    0    0    0    0    0         1  7591585278951        2635677       20736160   509729950001  N  0                           341 01/02/2022
01 36763887  ZP002  M  ORALZINC MNDARINA.PVO.1S                    2  45380241  45380241       000  90760482       000    0    0    0    0    0         1  7591651722302        2635676       20736145   509729950001  N  0                       2001027 01/01/2022
01 36763887  VC580  M  OTAN GOTAS 5ML.                             2  30468750  30468750       000  60937500       000    0    0    0    0    0         1  7592782000567        2635676       20736145   509729950001  N  0                       2040003 01/04/2022
01 36763887  LT043  M  PEGYT 75MG. X20CA                           6  82446000  82446000       000 494676000       000    0    0    0    0    0         1  7591585317018        2635676       20736145   509729950001  N  0                           040 01/03/2023
01 36763887  GQ370  M  PIROXICAM ELTER20MG.X10CA                   2  30534400  30534400       000  61068800       000    0    0    0    0    0         1  7592454172073        2635676       20736145   509729950001  N  0                       3233495 01/08/2024
01 36763887  VM304  M  PREDNISONA GENCER 5X10                      2  22880000  22880000       000  45760000       000    0    0    0    0    0         1  7591020003193        2635676       20736145   509729950001  N  0                            37 01/05/2022
01 36763887  CO440  M  REDUBEN 100MG. X10TA                        2  37558950  37558950       000  75117900       000    0    0    0    0    0         1  7591818116067        2635676       20736145   509729950001  N  0                         00085 01/03/2022
01 36763887  VP970  M  VIT A VP 25.000UI X30CA                     1  36909330  36909330       000  36909330       000    0    0    0    0    0         1  7592432006192        2635676       20736145   509729950001  N  0                        180149 01/02/2021
02 36763887         43    2122473370           000           000    2122473370    0    0    0  000    0    0    0   11/06/2020 02:51:25 p.m.   PR           000           000             0            17
