01 36768291  KA290  C  EVERY N.D.BOL. POWDER 90                    6  15345912  15345912       000  92075472  14732076    0    0    0    0    0         1  7590005135034       20741055       20741055   509773420001  N  0                     2005002K1 01/05/2022
01 36768291  PB089  C  OVERSKIN 40% CR. 50GR.                      2  42803131  42803131       000  85606262  13697002    0    0    0    0    0         1  7591309000622        2635709       20741486   509773420001  N  0                      A2002035 01/02/2023
01 36768291  12348  C  PHILIPS BATERIAS AA 2PK                     6  27885000  27885000       000 167310000  26769600    0    0    0    0    0         1   609585215801       20741738       20741738   509773420001  N  0                           10X 01/12/2029
01 36768291  QO480  M  ANALPER JBE.PED.150MG.120ML                 2  39091000  39091000       000  78182000       000    0    0    0    0    0         2  7592454003117        2635709       20741486   509773420002  N  0                       3242720 01/03/2023
01 36768291  10615  N  CITRATO POTASIO10,8%FS240                   6  38477937  38477937       000 230867622       000    0    0    0    0    0         2  7592368003449       20741055       20741055   509773420002  N  0                       0620034 01/06/2021
01 36768291  MY585  M  DOCE PLEX ELIXIR 120ML.                     2  48608625  48608625       000  97217250       000    0    0    0    0    0         2  7592601100331        2635713       20741507   509773420002  N  0                        001001 01/09/2021
01 36768291  11136  M  FLOMED SOL.TOP.BUCAL180ML                   2   6377670   6377670       000  12755340       000    0    0    0    0    0         2  7591062901365        2635713       20741507   509773420002  N  0                        19050A 01/10/2021
01 36768291  KL819  M  GIVOTAN 100MG.PPSO 30ML.                    2  61425000  61425000       000 122850000       000    0    0    0    0    0         2  7861148020472       20741055       20741055   509773420002  N  0                       191378K 01/11/2022
01 36768291  CO520  M  KATIVIL SOL.ORAL 120ML.                     6  53257133  53257133       000 319542798       000    0    0    0    0    0         2  7591818111147       20741738       20741738   509773420002  N  0                         00200 01/05/2023
01 36768291  CO011  M  MIOVIT JARABE 180ML.                        1  58635720  58635720       000  58635720       000    0    0    0    0    0         2  7591818251393       20741738       20741738   509773420002  N  0                         00221 01/05/2022
01 36768291  LP720  M  PROSOLVIT GOTAS 15 CC.                      3  39000000  39000000       000 117000000       000    0    0    0    0    0         2  7591955001462        2635709       20741486   509773420002  N  0                          0109 01/02/2021
02 36768291         38    1037050730     344991734      55198677    1437241141    0    0    0  000    0    0    0   18/06/2020 01:31:54 p.m.   PR           000           000             0            11
