01 36768809  FA424  M  ARANDA 5MG-100MG. X30CA                     1 201120235 201120235       000 201120235       000    0    0    0    0    0         1  7591821904378        2635720       20742455   509779410001  N  0                       2002741 01/02/2022
01 36768809  12543  M  ATOVAROL 20MG X14CA                         1  57828177  57828177       000  57828177       000    0    0    0    0    0         1  7592432901435        2635719       20742445   509779410001  N  0                        200052 01/03/2022
01 36768809  VC310  M  BEVINDAZOL400 SUSP.10ML                    12  36562500  36562500       000 438750000       000    0    0    0    0    0         1  7592782000055        2635721       20742487   509779410001  N  0                       2020006 01/03/2022
01 36768809  11626  M  BISOPROLOLH AL2,5-6,25X15                   2  47220475  47220475       000  94440950       000    0    0    0    0    0         1  7597758000091        2635718       20742355   509779410001  N  0                         DL016 01/04/2022
01 36768809  GN176  M  CARBAMAZEPINA GN 200X30CO                   3  57720000  57720000       000 173160000       000    0    0    0    0    0         1  7591585278265        2635721       20742487   509779410001  N  0                           290 01/04/2025
01 36768809  11288  M  COLYPAN 200MG. X10TA                        4  57194222  57194222       000 228776888       000    0    0    0    0    0         1  7591821210264        2635720       20742455   509779410001  N  0                       2003084 01/03/2023
01 36768809  MK027  M  DEFLAZACORT +MK 6MG. X10                    1 118560000 118560000       000 118560000       000    0    0    0    0    0         1  7591519008197        2635719       20742445   509779410001  N  0                         30919 01/09/2022
01 36768809  PA934  M  DIAGESIC 75MG. 3CC. X2                      2  58222423  58222423       000 116444846       000    0    0    0    0    0         1  7591243811704        2635718       20742355   509779410001  N  0                         91732 01/04/2022
01 36768809  11764  N  GLUCOSAMINA-CHON HP X60CA                   1 104130000 104130000       000 104130000       000    0    0    0    0    0         1  7592710000881        2635719       20742445   509779410001  N  0                       0553004 01/04/2023
01 36768809  CO018  M  KETOPROFENO CO100MG.X10TA                   3  31359900  31359900       000  94079700       000    0    0    0    0    0         1  7591818136058        2635719       20742445   509779410001  N  0                         00115 01/05/2024
01 36768809  EL380  M  KLAS JBE. 120 CC.                           1  21750453  21750453       000  21750453       000    0    0    0    0    0         1  7591062011804        2635719       20742445   509779410001  N  0                        20003A 01/02/2022
01 36768809  AH295  M  LASIX 20MG. X24CO                           1  42588000  42588000       000  42588000       000    0    0    0    0    0         1  7592205000037        2635720       20742455   509779410001  N  0                       8VE0090 01/08/2021
01 36768809  11628  M  METFORMINA AL500MG. X30TA                   3  46587250  46587250       000 139761750       000    0    0    0    0    0         1  7597758000084        2635718       20742355   509779410001  N  0                         DL038 01/06/2022
01 36768809  KN430  M  NEFROTAL H 100/12,5 X30CO                   1  85800000  85800000       000  85800000       000    0    0    0    0    0         1  7591955558287        2635718       20742355   509779410001  N  0                          0021 01/04/2023
01 36768809  LO134  M  OCUPRED 1% SUSP.OFT. 5ML.                   1  35700475  35700475       000  35700475       000    0    0    0    0    0         1  7591196002242        2635719       20742445   509779410001  N  0                        010990 01/03/2022
01 36768809  12080  M  TIOCOLCHICOSIDO AL4MG.X2A                   3  51932572  51932572       000 155797716       000    0    0    0    0    0         1       75971359        2635719       20742445   509779410001  N  0                        DG1935 01/05/2022
01 36768809  NP039  M  VALPRON 250MG. JBE.180ML.                   1 175022587 175022587       000 175022587       000    0    0    0    0    0         2  7591821901964        2635718       20742355   509779410002  N  0                       2001640 01/03/2022
02 36768809         41    2283711777           000           000    2283711777    0    0    0  000    0    0    0   19/06/2020 10:54:55 a.m.   PR           000           000             0            17
