01 36779056  12545  M  ACETAZOLAMIDA 250MG X30TA                   1 106780484 106780484       000 106780484       000    0    0    0    0    0         1  7703153037635        2635778       20755565   509879780001  N  0                       1285409 01/02/2022
01 36779056  11808  M  APIRET 180SOL.ORAL 60ML.                    6  22330692  22330692       000 133984152       000    0    0    0    0    0         1  7591196007155        2635778       20755565   509879780001  N  0                       I030876 01/04/2022
01 36779056  GN202  M  BABILIN SOL.GOTAS 30ML.                     1  47580000  47580000       000  47580000       000    0    0    0    0    0         1  7591585117649        2635785       20756773   509879780001  N  0                           022 01/01/2022
01 36779056  PD565  M  BARGONIL UNG. 10GR.                         1  59202000  64350000  10296000  59202000       000    0    0    8    0    0         1  7591955000045        2635785       20755446   509879780001  N  0                          0083 01/04/2021
01 36779056  PD565  M  BARGONIL UNG. 10GR.                         1  59202000  64350000  10296000  59202000       000    0    0    8    0    0         1  7591955000045        2635772       20755446   509879780001  N  0                          0083 01/04/2021
01 36779056  CO003  M  CELAY SOL.ORAL. 100ML.                      1  57657600  57657600       000  57657600       000    0    0    0    0    0         1  7591818215050        2635785       20756773   509879780001  N  0                         00047 01/02/2022
01 36779056  GQ224  M  CETIRIZINA ELTER JBE. 60CC.                12  32253000  32253000       000 387036000       000    0    0    0    0    0         1  7592454138239       20755168       20755168   509879780001  N  0                       3245379 01/04/2023
01 36779056  12673  M  DIOSMINA DAC 600MG X10TA                    1 138474375 145762500   7288125 138474375       000    0    0    5    0    0         1  8906121690064        2635779       20755577   509879780001  N  0                          9171 01/10/2022
01 36779056  ED244  M  DOMPESIN 10MG. X30CO                        1  67600000  67600000       000  67600000       000    0    0    0    0    0         1  7592803002112        2635778       20755565   509879780001  N  0                       2002322 01/02/2022
01 36779056  VM494  M  DUROVAL 50MG. X10TA                        12  62400000  62400000       000 748800000       000    0    0    0    0    0         1  7591020008440       20755168       20755168   509879780001  N  0                           605 01/04/2025
01 36779056  QM510  M  ESOZ 40MG. X14CAPS.MGE                      2  70284500  70284500       000 140569000       000    0    0    0    0    0         1  7592454889292        2635778       20755565   509879780001  N  0                       3244841 01/05/2022
01 36779056  ED780  M  FAZOL 500MG. X4CO                           6  26000000  26000000       000 156000000       000    0    0    0    0    0         1  7592803001276        2635787       20756837   509879780001  N  0                        803064 01/05/2021
01 36779056  PD754  M  FERGANIC 40MG. X14CA                        1  76050000  76050000       000  76050000       000    0    0    0    0    0         1  7591955002421        2635787       20755577   509879780001  N  0                          0132 01/05/2022
01 36779056  PD754  M  FERGANIC 40MG. X14CA                        2  76050000  76050000       000 152100000       000    0    0    0    0    0         1  7591955002421        2635779       20755577   509879780001  N  0                          0132 01/05/2022
01 36779056  KN400  M  FERGANIC FOLIC GOTAS 30ML.                  2  72800000  72800000       000 145600000       000    0    0    0    0    0         1  7591955003077        2635779       20755577   509879780001  N  0                          0065 01/03/2022
01 36779056  PD109  M  FERGANIC FOLIC TM X20                       2  74100000  74100000       000 148200000       000    0    0    0    0    0         1  7591955002797        2635787       20756837   509879780001  N  0                          0280 01/10/2021
01 36779056  PD360  M  FLODONT UNG.BUCAL 15GR.                     1  75400000  75400000       000  75400000       000    0    0    0    0    0         1  7591955000496        2635789       20756875   509879780001  N  0                          0039 01/08/2021
01 36779056  TQ530  M  GLIDAN 80MG. X20TA                          2  45500000  45500000       000  91000000       000    0    0    0    0    0         1  7591955002469        2635779       20755577   509879780001  N  0                          0023 01/03/2022
01 36779056  AH235  M  HEXOMEDINE COLUT.AER.30GR                   1  63180000  63180000       000  63180000       000    0    0    0    0    0         1  7591044401463        2635775       20755527   509879780001  N  0                         30782 01/07/2021
01 36779056  VM002  M  HISTALER 5MG. X30TA                         6  37537500  37537500       000 225225000       000    0    0    0    0    0         1  7591020008532       20755168       20755168   509879780001  N  0                            29 01/01/2022
01 36779056  VM459  M  HISTALER JBE.PED. 60ML.                     6  30712500  30712500       000 184275000       000    0    0    0    0    0         1  7591020008112       20755168       20755168   509879780001  N  0                            44 01/06/2025
01 36779056  GQ964  M  IRBESARTAN ELTER150 X10TA                   2  48308000  48308000       000  96616000       000    0    0    0    0    0         1  7592454002547        2635785       20756773   509879780001  N  0                       3241341 01/02/2022
01 36779056  10152  M  KLINCOSAL TAB.MAST. X30                     2  84240000  84240000       000 168480000       000    0    0    0    0    0         1  7591619519111        2635772       20755446   509879780001  N  0                          0018 01/03/2022
01 36779056  11877  M  LEVOCETIRIZINA +MK 5MGX10                  12  19500000  19500000       000 234000000       000    0    0    0    0    0         1  7591519317374        2635778       20755565   509879780001  N  0                         31020 01/11/2021
01 36779056  12041  M  LEVODOPA CAR CCM250-25X30                   1 244448243 244448243       000 244448243       000    0    0    0    0    0         1  7501384548308        2635778       20755565   509879780001  N  0                       9230919 01/09/2021
01 36779056  VM980  M  LORAVAL 10MG. X10TA                         3  25321507  25321507       000  75964521       000    0    0    0    0    0         1  7591020001335       20755168       20755168   509879780001  N  0                            27 01/03/2022
01 36779056  11628  M  METFORMINA AL500MG. X30TA                  12  49522238  49522238       000 594266856       000    0    0    0    0    0         1  7597758000084        2635779       20755577   509879780001  N  0                         DL038 01/06/2022
01 36779056  DP475  M  METRONIDAZOL DP125 120ML.                   3  59891563  59891563       000 179674689       000    0    0    0    0    0         1  7592616382012        2635788       20756837   509879780001  N  0                         00221 01/02/2022
01 36779056  DP475  M  METRONIDAZOL DP125 120ML.                   2  59891563  59891563       000 119783126       000    0    0    0    0    0         1  7592616382012        2635787       20756837   509879780001  N  0                         00221 01/02/2022
01 36779056  VM011  M  MIRTAZAVAL 30MG. X30TA                      2  73450000  73450000       000 146900000       000    0    0    0    0    0         1  7591020008747       20755168       20755168   509879780001  N  0                            35 01/04/2023
01 36779056  12508  C  MUM DERMIS D BOL 60GR                       3  33312499  33312499       000  99937497  15990000    0    0    0    0    0         1       75070335        2635772       20755446   509879780001  N  0                   008722033L1 01/01/2023
01 36779056  12444  M  NIFEDIPINA RAV 10MG X30TA                   2  98956000  98956000       000 197912000       000    0    0    0    0    0         1  7460828579394        2635775       20755527   509879780001  N  0                        107583 01/12/2022
01 36779056  NP024  M  NOTOLAC 20MG. X10TA                         2  61753107  61753107       000 123506214       000    0    0    0    0    0         1  7591821902022        2635784       20755565   509879780001  N  0                       2002775 01/03/2023
01 36779056  NP024  M  NOTOLAC 20MG. X10TA                         2  61753107  61753107       000 123506214       000    0    0    0    0    0         1  7591821902022        2635778       20755565   509879780001  N  0                       2002775 01/03/2023
01 36779056  12318  M  OMEPRAZOL 20MG X100CA                       6 140400000 140400000       000 842400000       000    0    0    0    0    0         1  6921875009551        2635776       20755528   509879780001  N  0                      00006424 01/08/2022
01 36779056  11629  M  PANTOPRAZOL AL40MG. X7TA                   12  27501669  27501669       000 330020028       000    0    0    0    0    0         1  7597758000299        2635776       20755528   509879780001  N  0                         DL022 01/04/2022
01 36779056  KL864  M  RISPERID 3MG. X30CO                         3  93600000  93600000       000 280800000       000    0    0    0    0    0         1  7591619518572        2635775       20755527   509879780001  N  0                          0002 01/03/2023
01 36779056  FS290  N  SOL FISIOLOGICA 30CC. X6                    1  16488918  16488918       000  16488918       000    0    0    0    0    0         1  7592368000660        2635785       20756773   509879780001  N  0                       0320059 01/09/2021
01 36779056  EL374  M  TACHIPIRIN FORTE SUSP.120                   3  45406140  45406140       000 136218420       000    0    0    0    0    0         1  7591062017301        2635778       20755565   509879780001  N  0                        20034A 01/05/2023
01 36779056  FA444  M  TAPAZOL TAB. 5MG. X60                       2  69894653  69894653       000 139789306       000    0    0    0    0    0         1  7591821903234        2635786       20756790   509879780001  N  0                       2002768 01/03/2023
01 36779056  11795  M  AFLAMAX 50MG. X10TA                        36  29644083  29644083       0001067186988       000    0    0    0    0    0         2  7591196007186        2635792       20756923   509879780002  N  0                       I060867 01/06/2022
01 36779056  GN088  M  AMLODIPINA GN 10MG. X30CO                   6  50440000  50440000       000 302640000       000    0    0    0    0    0         2  7591585278173        2635775       20755527   509879780002  N  0                           182 01/03/2023
01 36779056  GN790  M  AMLODIPINA GN 5MG. X30CO                    6  48230000  48230000       000 289380000       000    0    0    0    0    0         2  7591585278166        2635775       20755527   509879780002  N  0                           379 01/03/2023
01 36779056  QO290  M  ANALPER PLUS TAB. X10                       6  61425000  61425000       000 368550000       000    0    0    0    0    0         2  7592454000796        2635786       20756790   509879780002  N  0                       3246470 01/05/2022
01 36779056  GT119  M  ASAPROL 81MG. X100CO                       12  72280000  72280000       000 867360000       000    0    0    0    0    0         2  7591585261236        2635774       20755508   509879780002  N  0                           125 01/05/2022
01 36779056  VP924  M  BETADUO AMP. JP 1ML.                        1  43861389  43861389       000  43861389       000    0    0    0    0    0         2  7592432017877        2635779       20755577   509879780002  N  0                       1278011 01/12/2021
01 36779056  LT031  M  BIOTALOL 5MG. X30CO                         3  62010000  62010000       000 186030000       000    0    0    0    0    0         2  7591585217165        2635785       20756773   509879780002  N  0                           103 01/03/2022
01 36779056  11461  M  BRASARTAN 80MG. X10CA                       2  63767379  63767379       000 127534758       000    0    0    0    0    0         2  7591821210301        2635775       20755527   509879780002  N  0                       2001455 01/01/2022
01 36779056  11740  M  BRASARTAN 80MG. X30CA                       2 170440759 170440759       000 340881518       000    0    0    0    0    0         2  7591821210486        2635775       20755527   509879780002  N  0                      20040411 01/04/2022
01 36779056  GQ019  M  CETIRIZINA ELTER10MG.10TA                  12  24368500  24368500       000 292422000       000    0    0    0    0    0         2  7592454138185       20755168       20755168   509879780002  N  0                       3241162 01/02/2022
01 36779056  GQ019  M  CETIRIZINA ELTER10MG.10TA                   6  24368500  24368500       000 146211000       000    0    0    0    0    0         2  7592454138185        2635784       20756589   509879780002  N  0                       3241162 01/02/2022
01 36779056  DP026  M  CLOTRIMAZOL DP10%CR.V.7GR                   6  55646188  55646188       000 333877128       000    0    0    0    0    0         2  7592616584157        2635774       20755508   509879780002  N  0                         00331 01/03/2023
01 36779056  11288  M  COLYPAN 200MG. X10TA                        6  49000651  56977501  47861100 294003906       000    0    0   14    0    0         2  7591821210264        2635786       20756790   509879780002  N  0                       2005050 01/06/2023
01 36779056  11557  M  DESLER M 5MG/10MG. X10TA                    2  67879500  67879500       000 135759000       000    0    0    0    0    0         2  7592454891257        2635785       20756773   509879780002  N  0                       3242925 01/02/2022
01 36779056  PA874  M  DI EUDRIN 12,5MG. X24TA                     6  38485834  38485834       000 230915004       000    0    0    0    0    0         2  7591243812374        2635790       20755565   509879780002  N  0                       9198602 01/05/2023
01 36779056  PA874  M  DI EUDRIN 12,5MG. X24TA                    12  38485834  38485834       000 461830008       000    0    0    0    0    0         2  7591243812374        2635778       20755565   509879780002  N  0                       9198602 01/05/2023
01 36779056  11582  M  ETORICOXIB +MK90MG. X10TA                   1  52416000  52416000       000  52416000       000    0    0    0    0    0         2  7591519317268        2635784       20756589   509879780002  N  0                         30820 01/08/2021
01 36779056  MK052  M  FLUCONAZOL +MK150MG. X2CA                  12  26325000  26325000       000 315900000       000    0    0    0    0    0         2  7591519001594        2635778       20755565   509879780002  N  0                         31133 01/02/2022
01 36779056  FA003  M  HIDROTEN 12,5MG. X30TA                      3  57211220  57211220       000 171633660       000    0    0    0    0    0         2  7591821903791        2635784       20755565   509879780002  N  0                       2001581 01/02/2022
01 36779056  FA003  M  HIDROTEN 12,5MG. X30TA                      3  57211220  57211220       000 171633660       000    0    0    0    0    0         2  7591821903791        2635778       20755565   509879780002  N  0                       2001581 01/02/2022
01 36779056  MK809  M  IVERMECTINA +MK 6MG. X4TA                   2  70200000  70200000       000 140400000       000    0    0    0    0    0         2  7591519007121        2635784       20756589   509879780002  N  0                         31275 01/01/2022
01 36779056  QM340  M  LEPRIT 25MG. X30TA                          2  55459950  55459950       000 110919900       000    0    0    0    0    0         2  7703763363063        2635778       20755565   509879780002  N  0                       3242971 01/03/2022
01 36779056  MK805  M  LORATADINA +MK 10MG.X10TA                   3  25740000  25740000       000  77220000       000    0    0    0    0    0         2  7591519000788       20755168       20755168   509879780002  N  0                        220819 01/08/2022
01 36779056  11441  M  LOSARTAN P.100MG.X10ELTER                  12  37388000  37388000       000 448656000       000    0    0    0    0    0         2  7592454891165        2635772       20755446   509879780002  N  0                       3242310 01/04/2022
01 36779056  GQ164  M  MELOXICAM ELTE15MG. X10TA                   6  33059000  33059000       000 198354000       000    0    0    0    0    0         2  7592454162050        2635775       20755527   509879780002  N  0                       3241686 01/02/2023
01 36779056  12156  M  METFORMINA BM500 X100TA                     6 109200000 109200000       000 655200000       000    0    0    0    0    0         2  6930169708209        2635779       20755577   509879780002  N  0                        190560 01/04/2022
01 36779056  FA514  M  NEURIXA 75MG. X14CA                         2  79214992  79214992       000 158429984       000    0    0    0    0    0         2  7591821903616        2635785       20756773   509879780002  N  0                       2003974 01/04/2022
01 36779056  11536  M  OLMECAR 20MG. X30CO                         2  95550000  95550000       000 191100000       000    0    0    0    0    0         2  7591585318794        2635775       20755527   509879780002  N  0                           033 01/10/2021
01 36779056  12559  M  OLMECAR 40MG X30CO                          1 157300000 157300000       000 157300000       000    0    0    0    0    0         2  7591585318800        2635775       20755527   509879780002  N  0                           014 01/05/2022
01 36779056  11568  M  OLMESARTAN LS 40MG.X10CO                    6  44687500  44687500       000 268125000       000    0    0    0    0    0         2  7592454891226        2635775       20755527   509879780002  N  0                       3242255 01/05/2022
01 36779056  KL859  M  RISPERID 2MG. X30CO                         3  78000000  78000000       000 234000000       000    0    0    0    0    0         2  7591619518589        2635775       20755527   509879780002  N  0                          0002 01/02/2021
01 36779056  GQ304  M  SERTRALINA ELTER 50 X 10                    3  43244500  43244500       000 129733500       000    0    0    0    0    0         2  7703763190164        2635787       20755565   509879780002  N  0                       3241968 01/02/2022
01 36779056  GQ304  M  SERTRALINA ELTER 50 X 10                    6  43244500  43244500       000 259467000       000    0    0    0    0    0         2  7703763190164        2635778       20755565   509879780002  N  0                       3241968 01/02/2022
01 36779056  GQ739  M  ACETAMINOFEN ELTER 650 X10                 12  20312500  20312500       000 243750000       000    0    0    0    0    0         3  7592454001243        2635784       20756589   509879780003  N  0                       3247240 01/05/2022
01 36779056  LC309  M  ALIVET 4DIAS 8COM.D-4COM.NO                 3  46410000  46410000       000 139230000       000    0    0    0    0    0         3  7591585116000        2635772       20755446   509879780003  N  0                           331 01/01/2022
01 36779056  MK117  M  FLAVOXATO +MK 200MG.X10TA                   2  88920000  88920000       000 177840000       000    0    0    0    0    0         3  7591519009330        2635779       20755577   509879780003  N  0                         31250 01/04/2022
01 36779056  GN101  M  LOSARTAN P. GN 50MG. X30                   12  78260000  78260000       000 939120000       000    0    0    0    0    0         3  7591585278951        2635772       20755446   509879780003  N  0                           337 01/10/2021
01 36779056  LT043  M  PEGYT 75MG. X20CA                           3  82446000  82446000       000 247338000       000    0    0    0    0    0         3  7591585317018        2635785       20756773   509879780003  N  0                           040 01/03/2023
01 36779056  12008  M  PERTEN 1%GEL TOPICO 20GR.                   3  40950000  40950000       000 122850000       000    0    0    0    0    0         3  7592601301820        2635774       20755508   509879780003  N  0                        036901 01/02/2022
01 36779056  DP013  M  TERBINAFINA DP CR.1% 15GR.                  2  33830172  33830172       000  67660344       000    0    0    0    0    0         3  7592616584126        2635787       20756837   509879780003  N  0                         00332 01/04/2022
01 36779056  GN191  M  VALSARTAN GN 80MG. X30CA                    2 105378000 105378000       000 210756000       000    0    0    0    0    0         3  7591585275875        2635777       20755531   509879780003  N  0                           183 01/02/2022
01 36779056  LO444  M  APIRET 180SOL.ORAL 120ML.                   3  37442877  37442877       000 112328631       000    0    0    0    0    0         4  7591196002785        2635778       20755565   509879780004  N  0                       I020853 01/03/2022
01 36779056  PD990  M  FERGANIC FOLIC JBE. 120CC.                  1  70200000  70200000       000  70200000       000    0    0    0    0    0         4  7591955002803        2635779       20755577   509879780004  N  0                          0101 01/02/2023
01 36779056  12642  M  SOL. ISOTONICA 0,9% 500ML                  12  20800000  20800000       000 249600000       000    0    0    0    0    0         4  6034387234820        2635785       20756773   509879780004  N  0                        191281 01/11/2022
01 36779056  LP690  M  FERGANIC GOTAS 15ML.                        2  70200000  70200000       000 140400000       000    0    0    0    0    0         5  7591955001271        2635779       20755577   509879780005  N  0                          0067 01/04/2021
02 36779056        397   19264694524      99937497      15990000   19380622021    0    0    0  000    0    0    0   07/07/2020 03:51:45 p.m.   PR           000           000             0            78
