01 36785842  MK879  M  ACICLOVIR +MK200MG. X25TA                   1  67431000  67431000       000  67431000       000    0    0    0    0    0         1  7591519005639        2635840       20765291   509953270001  N  0                         31198 01/03/2023
01 36785842  KV004  M  ANTILAX 2MG. X10TA                          2  38715976  38715976       000  77431952       000    0    0    0    0    0         1  7591821102095        2635840       20765291   509953270001  N  0                       2001554 01/02/2022
01 36785842  GQ899  M  CLOPIDOGREL ELTER 75 X14                    6  57330000  57330000       000 343980000       000    0    0    0    0    0         1  7703763324019        2635839       20765030   509953270001  N  0                       3245776 01/05/2022
01 36785842  12318  M  OMEPRAZOL 20MG X100CA                       3 140400000 140400000       000 421200000       000    0    0    0    0    0         1  6921875009551        2635839       20765030   509953270001  N  0                       1908401 01/08/2022
01 36785842  CO125  M  PINVEX SOL.TOP.BUCAL 10ML                   2  26769600  33462000  13384800  53539200       000    0    0   20    0    0         1  7591818111055        2635841       20765413   509953270001  N  0                         80529 01/11/2023
01 36785842  DP013  M  TERBINAFINA DP CR.1% 15GR.                  2  33830172  33830172       000  67660344       000    0    0    0    0    0         1  7592616584126        2635840       20765291   509953270001  N  0                         00332 01/04/2022
01 36785842  OJ016  N  VENACARE HP CAPS. X60                       1 104000000 104000000       000 104000000       000    0    0    0    0    0         1  7592710000935        2635840       20765291   509953270001  N  0                       0632705 01/05/2023
01 36785842  DT490  C  ALCOHOL ABSOLUTO DT 120CC                  12  34671000  34671000       000 416052000       000    0    0    0    0    0         2  7591616000261        2635839       20765030   509953270002  N  0                        261119 01/05/2023
01 36785842  11743  N  CITRATO POTASIO BF10%1LT.                   1  96915000  96915000       000  96915000       000    0    0    0    0    0         2  7591616000704        2635841       20765413   509953270002  N  0                        704095 01/06/2023
01 36785842  10615  N  CITRATO POTASIO10,8%FS240                   3  42744000  42744000       000 128232000       000    0    0    0    0    0         2  7592368003449        2635841       20765413   509953270002  N  0                       0620034 01/06/2021
01 36785842  PD990  M  FERGANIC FOLIC JBE. 120CC.                  2  70200000  70200000       000 140400000       000    0    0    0    0    0         2  7591955002803        2635840       20765291   509953270002  N  0                          0102 01/02/2023
01 36785842  KL061  M  PLIDAN SOL.GOTAS 20ML.                      1  62400000  62400000       000  62400000       000    0    0    0    0    0         2  7591619517940        2635840       20765291   509953270002  N  0                          0007 01/02/2023
02 36785842         36    1563189496     416052000           000    1979241496    0    0    0  000    0    0    0   16/07/2020 12:13:38 p.m.   PR           000           000             0            12
