01 36799661  12164  M  ANTICONCEPTI BM3-0,03 X21                   2 122850000 122850000       000 245700000       000    0    0    0    0    0         1  6930169708360        2635933       20781617   510084700001  N  0                        190439 01/03/2022
01 36799661  GN176  M  CARBAMAZEPINA GN 200X30CO                   6  57720000  57720000       000 346320000       000    0    0    0    0    0         1  7591585278265        2635931       20781469   510084700001  N  0                           294 01/06/2025
01 36799661  GQ224  M  CETIRIZINA ELTER JBE. 60CC.                 6  39026000  39026000       000 234156000       000    0    0    0    0    0         1  7592454138239        2635934       20781666   510084700001  N  0                       3245379 01/04/2023
01 36799661  GQ899  M  CLOPIDOGREL ELTER 75 X14                    6  69368000  69368000       000 416208000       000    0    0    0    0    0         1  7703763324019        2635935       20781693   510084700001  N  0                       3245776 01/05/2022
01 36799661  KN102  M  DIECAPS 120MG. X30CA                        1  80600000  80600000       000  80600000       000    0    0    0    0    0         1  7591955558188        2635934       20781666   510084700001  N  0                          0244 01/06/2021
01 36799661  LT414  M  DIKLASON AMP. 75MG. X1 3ML.                 2  45318000  45318000       000  90636000       000    0    0    0    0    0         1  7591585219275        2635933       20781617   510084700001  N  0                           027 01/06/2022
01 36799661  12153  M  ENALAPRIL BM10MG. X100TA                    2 184275000 184275000       000 368550000       000    0    0    0    0    0         1  6930169708339        2635933       20781617   510084700001  N  0                        190563 01/04/2022
01 36799661  AP910  M  KAPET 75MG. X14TA                           2  98865000  98865000       000 197730000       000    0    0    0    0    0         1  7592601201137        2635935       20781693   510084700001  N  0                        032302 01/04/2022
01 36799661  DP270  M  KETOCONAZOL DP CR. 2% 15GR.                 6  51843217  51843217       000 311059302       000    0    0    0    0    0         1  7592616584027        2635933       20781617   510084700001  N  0                         00551 01/06/2022
01 36799661  10111  M  LERCANIDIPINA GN 10MG.X30                   1 151320000 151320000       000 151320000       000    0    0    0    0    0         1  7591585272652        2635931       20781469   510084700001  N  0                           021 01/08/2021
01 36799661  GN101  M  LOSARTAN P. GN 50MG. X30                    6  80596903  80596903       000 483581418       000    0    0    0    0    0         1  7591585278951        2635931       20781469   510084700001  N  0                           342 01/04/2022
01 36799661  12750  M  METSIGLIN 500/50 X10CO                      2  84500000  84500000       000 169000000       000    0    0    0    0    0         1  7592806134131        2635931       20781469   510084700001  N  0                        004047 01/04/2022
01 36799661  KL419  M  MIGRADORIXINA 125-1 X10CO                   2  78000000  78000000       000 156000000       000    0    0    0    0    0         1  7591619518688        2635937       20781859   510084700001  N  0                          0008 01/09/2022
01 36799661  LX102  M  MIGREN 650-50-1 X20CO                       2  64837500  64837500       000 129675000       000    0    0    0    0    0         1  7591585415738        2635937       20781859   510084700001  N  0                           488 01/03/2022
01 36799661  VP720  M  NEURIBE B BLANDAS X 30                      1 111938713 111938713       000 111938713       000    0    0    0    0    0         1  7592432005300        2635931       20781469   510084700001  N  0                        200066 01/04/2023
01 36799661  FA514  M  NEURIXA 75MG. X14CA                         3  83632359  83632359       000 250897077       000    0    0    0    0    0         1  7591821903616        2635931       20781469   510084700001  N  0                       2005183 01/05/2022
01 36799661  12922  N  OMEGA3 ACEI.PE 1000X100CA                   2 193216400 193216400       000 386432800       000    0    0    0    0    0         1   646824222107        2635934       20781666   510084700001  N  0                         35064 01/04/2023
01 36799661  PD104  M  POLI-OTICO GOTAS 5 CC.                      2  38272000  41600000   6656000  76544000       000    0    0    8    0    0         1  7591955002278        2635932       20781505   510084700001  N  0                          0092 01/07/2022
01 36799661  PA033  M  SAX SOL. VAGINAL 135 CC.                    1  48134633  48134633       000  48134633       000    0    0    0    0    0         1  7591241846609        2635935       20781693   510084700001  N  0                       9184301 01/05/2023
01 36799661  MY290  M  TILODRIN GOTAS 15ML.                        2  65878800  65878800       000 131757600       000    0    0    0    0    0         1  7592601100539        2635937       20781859   510084700001  N  0                        902703 01/10/2021
01 36799661  12007  M  TIROXIN 100MCG. X50TA                       1 134777500 134777500       000 134777500       000    0    0    0    0    0         1  7707355054186        2635933       20781617   510084700001  N  0                      04450320 01/03/2022
01 36799661  ED165  C  NOPUCID CH. 100 CC.                         2  64350000  64350000       000 128700000  20592000    0    0    0    0    0         2  7592803000811        2635937       20781859   510084700002  N  0                       2002329 01/02/2022
01 36799661  ED175  C  NOPUCID LOC. 100 CC.                        2  59800000  59800000       000 119600000  19136000    0    0    0    0    0         2  7592803000835        2635937       20781859   510084700002  N  0                       2003356 01/05/2022
01 36799661  VA530  M  GYNOVIT DUCHA VAG. 130ML.                   1  45382799  45382799       000  45382799       000    0    0    0    0    0         3  7592349844757        2635935       20781693   510084700003  N  0                       2003074 01/03/2023
01 36799661  MY300  M  TILODRIN 30MG.JBE. 120ML.                   2  67616004  67616004       000 135232008       000    0    0    0    0    0         3  7592601100546        2635937       20781859   510084700003  N  0                        006901 01/04/2022
02 36799661         65    4701632850     248300000      39728000    4989660850    0    0    0  000    0    0    0   03/08/2020 05:03:11 p.m.   PR           000           000             0            25
