01 36790622  MK879  M  ACICLOVIR +MK200MG. X25TA                   1  72247500  72247500       000  72247500       000    0    0    0    0    0         1  7591519005639        2635857       20769320   509993200001  N  0                         31198 01/03/2023
01 36790622  PO130  M  ALURON 100MG. X30TA                         2  78000000  78000000       000 156000000       000    0    0    0    0    0         1  7592806133042        2635859       20769596   509993200001  N  0                        005058 01/05/2024
01 36790622  MK005  M  AMLODIPINA +MK 5MG. X10TA                  12  18252000  18252000       000 219024000       000    0    0    0    0    0         1  7591519001334        2635859       20769596   509993200001  N  0                         31210 01/04/2024
01 36790622  12134  M  AMPICILINA BM500 X100CA                     1 273000000 273000000       000 273000000       000    0    0    0    0    0         1  6930169708278        2635859       20769596   509993200001  N  0                        190457 01/03/2022
01 36790622  KV004  M  ANTILAX 2MG. X10TA                         12  38318159  38318159       000 459817908       000    0    0    0    0    0         1  7591821102095        2635859       20769596   509993200001  N  0                       2001554 01/02/2022
01 36790622  PA385  M  BETADERM  C/GENT. CR.15GR                   6  56496145  56496145       000 338976870       000    0    0    0    0    0         1  7591243804041        2635858       20769578   509993200001  N  0                       9210102 01/06/2022
01 36790622  PA054  M  BETADERM PLUS CREMA 15GR.                  12  57802774  57802774       000 693633288       000    0    0    0    0    0         1  7591243804164        2635855       20769314   509993200001  N  0                       9211101 01/06/2022
01 36790622  LT031  M  BIOTALOL 5MG. X30CO                         6  62010000  62010000       000 372060000       000    0    0    0    0    0         1  7591585217165        2635857       20769320   509993200001  N  0                           106 01/04/2022
01 36790622  12191  M  CARBAMAZEPINA AL200MG30TA                  12  78187002  78187002       000 938244024       000    0    0    0    0    0         1  7597758000503        2635855       20769314   509993200001  N  0                         DL069 01/07/2022
01 36790622  12374  M  CIPROFLOXACINA  500MG X10                  24  25180680  25180680       000 604336320       000    0    0    0    0    0         1  7598176000021        2635858       20769320   509993200001  N  0                       TEAH371 01/07/2021
01 36790622  12374  M  CIPROFLOXACINA  500MG X10                  24  25180680  25180680       000 604336320       000    0    0    0    0    0         1  7598176000021        2635857       20769320   509993200001  N  0                       TEAH371 01/07/2021
01 36790622  KL047  M  COROPRES H 16/12,5 X30CO                    2 123500000 123500000       000 247000000       000    0    0    0    0    0         1  7591619520360        2635858       20769578   509993200001  N  0                          0002 01/05/2023
01 36790622  LT038  M  COVENTROL 6,25MG. X30CO                     6  58149000  58149000       000 348894000       000    0    0    0    0    0         1  7591585265630        2635858       20769578   509993200001  N  0                           119 01/03/2022
01 36790622  11248  M  CRISOMET 50-500 X10TA                       2  94324253  94324253       000 188648506       000    0    0    0    0    0         1  7591821210332        2635857       20769320   509993200001  N  0                       2002113 01/03/2022
01 36790622  KN340  M  CURPINOL 6,25MG. X30CO                      2  78000000  78000000       000 156000000       000    0    0    0    0    0         1  7591955558218        2635858       20769578   509993200001  N  0                          0026 01/04/2023
01 36790622  QR350  M  DAFLON 500MG. X60CO                         1 786213501 786213501       000 786213501       000    0    0    0    0    0         1  7592788000585        2635856       20769315   509993200001  N  0                        657802 01/01/2022
01 36790622  MK027  M  DEFLAZACORT +MK 6MG. X10                    2 118560000 118560000       000 237120000       000    0    0    0    0    0         1  7591519008197        2635855       20769314   509993200001  N  0                         30919 01/09/2022
01 36790622  KN102  M  DIECAPS 120MG. X30CA                        1  80600000  80600000       000  80600000       000    0    0    0    0    0         1  7591955558188        2635858       20769578   509993200001  N  0                          0244 01/06/2021
01 36790622  VM494  M  DUROVAL 50MG. X10TA                        12  62400000  62400000       000 748800000       000    0    0    0    0    0         1  7591020008440        2635857       20769320   509993200001  N  0                           605 01/04/2025
01 36790622  PD920  M  FLEMIBAR 500MG. X10CO                       3  67600000  67600000       000 202800000       000    0    0    0    0    0         1  7591955000861        2635857       20769320   509993200001  N  0                          0041 01/06/2023
01 36790622  10829  M  FLUCON 200MG. X4CA                          2  82550000  82550000       000 165100000       000    0    0    0    0    0         1  7591955558331        2635857       20769320   509993200001  N  0                          0007 01/01/2022
01 36790622  VC215  M  FUGOLIN CR. 20 GR.                          6  36562500  36562500       000 219375000       000    0    0    0    0    0         1  7592782000130        2635859       20769596   509993200001  N  0                       2060006 01/06/2022
01 36790622  12376  M  LEVOFLOXACINA 500MG X10TA                   3  30416716  30416716       000  91250148       000    0    0    0    0    0         1  7598176000038        2635855       20769314   509993200001  N  0                       TEAH370 01/07/2021
01 36790622  LO224  M  MELOXICAM LO 15MG. X10TA                    6  35878094  35878094       000 215268564       000    0    0    0    0    0         1  7591196001146        2635859       20769596   509993200001  N  0                       I040890 01/05/2022
01 36790622  AP350  M  METREN 125MG.SUSP. 120ML.                   1  90415000  90415000       000  90415000       000    0    0    0    0    0         1  7592601200291        2635857       20769320   509993200001  N  0                        025201 01/02/2022
01 36790622  AP360  M  METREN 250MG.SUSP. 120ML.                   1 126750000 126750000       000 126750000       000    0    0    0    0    0         1  7592601200307        2635857       20769320   509993200001  N  0                        027401 01/02/2022
01 36790622  11804  M  METRODINAZOL MC500 X100CO                   2 286678730 286678730       000 573357460       000    0    0    0    0    0         1   614143659041        2635858       20769578   509993200001  N  0                        190321 01/03/2022
01 36790622  KN370  M  ROWELUK 4MG. X30TA.MAST.                    1  66976000  72800000   5824000  66976000       000    0    0    8    0    0         1  7591619517285        2635858       20769578   509993200001  N  0                          0005 01/09/2021
01 36790622  FF490  M  SALBUMED INHAL. 200 DOSIS                   2 127400000 127400000       000 254800000       000    0    0    0    0    0         1  7591096001482        2635855       20769314   509993200001  N  0                      0008N105 01/08/2022
01 36790622  11279  N  SENOKOT C.DOCUSATO X10TA                    6  54086500  54086500       000 324519000       000    0    0    0    0    0         1  7591821210295        2635858       20769578   509993200001  N  0                       2004039 01/04/2022
01 36790622  EL071  M  TACHIFORTE 1GR. X20TA                      12  36673965  36673965       000 440087580       000    0    0    0    0    0         1  7591062900948        2635861       20769630   509993200001  N  0                        20024A 01/03/2022
01 36790622  12034  M  ACETAMINOFEN AL500 X20TA                   12  32852786  32852786       000 394233432       000    0    0    0    0    0         2  7597758000596        2635861       20769630   509993200002  N  0                         DL055 01/07/2022
01 36790622  GQ739  M  ACETAMINOFEN ELTER 650 X10                 12  24375000  24375000       000 292500000       000    0    0    0    0    0         2  7592454001243        2635861       20769630   509993200002  N  0                       3247240 01/05/2022
01 36790622  GN790  M  AMLODIPINA GN 5MG. X30CO                    6  48230000  48230000       000 289380000       000    0    0    0    0    0         2  7591585278166        2635859       20769596   509993200002  N  0                           379 01/03/2023
01 36790622  12640  M  AMOXICILINA DAC 500X10TA                   12  36812880  38750400  23250240 441754560       000    0    0    5    0    0         2  8906121690002        2635859       20769596   509993200002  N  0                          V114 01/06/2022
01 36790622  GQ749  M  AZITROMICINA ELTER 500X5                    6  80437500  80437500       000 482625000       000    0    0    0    0    0         2  7703763700219        2635857       20769320   509993200002  N  0                       3245280 01/03/2023
01 36790622  GQ600  M  CAPTOPRIL ELTER 25 X20TA                    6  37167000  37167000       000 223002000       000    0    0    0    0    0         2  7703763100194        2635857       20769320   509993200002  N  0                       3228624 01/05/2022
01 36790622  GT004  M  COVENTROL 12,5MG. X30CO                     6  71370000  71370000       000 428220000       000    0    0    0    0    0         2  7591585365644        2635858       20769578   509993200002  N  0                           117 01/05/2022
01 36790622  12036  M  DICLOFENAC S.AL50MG.X20TA                  12  23619492  23619492       000 283433904       000    0    0    0    0    0         2  7597758000527        2635855       20769314   509993200002  N  0                         DL059 01/07/2022
01 36790622  12153  M  ENALAPRIL BM10MG. X100TA                    2 175500000 175500000       000 351000000       000    0    0    0    0    0         2  6930169708339        2635859       20769596   509993200002  N  0                        190563 01/04/2022
01 36790622  GN101  M  LOSARTAN P. GN 50MG. X30                    6  70434000  70434000       000 422604000       000    0    0    0    0    0         2  7591585278951        2635859       20769596   509993200002  N  0                           339 01/01/2022
01 36790622  LX102  M  MIGREN 650-50-1 X20CO                       3  52818480  52818480       000 158455440       000    0    0    0    0    0         2  7591585415738        2635859       20769596   509993200002  N  0                           491 01/03/2022
01 36790622  PG110  M  NINAZO GOTAS AD. 15ML.                     12  29487744  29487744       000 353852928       000    0    0    0    0    0         2  7591821802957        2635858       20769578   509993200002  N  0                       2004028 01/11/2021
01 36790622  KL015  M  RISPERID 1MG. X30CO                         2  65000000  65000000       000 130000000       000    0    0    0    0    0         2  7591619518565        2635858       20769578   509993200002  N  0                          0002 01/02/2023
01 36790622  12099  C  KOTEX TS NOC X8                             6  28106000  28106000       000 168636000  26981760    0    0    0    0    0         3  7702425803008        2635855       20769314   509993200003  N  0                        280320 01/03/2022
01 36790622  LX103  M  CARNISIN 1G.S.ORAL S/A180                   3  89407500  89407500       000 268222500       000    0    0    0    0    0         4  7591585112323        2635857       20769320   509993200004  N  0                           044 01/06/2022
02 36790622        291   14814934753     168636000      26981760   15010552513    0    0    0  000    0    0    0   22/07/2020 03:40:31 p.m.   PR           000           000             0            45
