01 36791263  EL007  M  ALRES GRAN. PSO X10SOB.                     2  82805280  82805280       000 165610560       000    0    0    0    0    0         1  7591062012924        2635871       20771712   510006000001  N  0                        20022A 01/03/2022
01 36791263  GN088  M  AMLODIPINA GN 10MG. X30CO                   6  50440000  50440000       000 302640000       000    0    0    0    0    0         1  7591585278173        2635871       20771712   510006000001  N  0                           182 01/03/2023
01 36791263  12640  M  AMOXICILINA DAC 500X10TA                   12  36812880  38750400  23250240 441754560       000    0    0    5    0    0         1  8906121690002        2635872       20771813   510006000001  N  0                          V114 01/06/2022
01 36791263  PD565  M  BARGONIL UNG. 10GR.                         2  59202000  64350000  10296000 118404000       000    0    0    8    0    0         1  7591955000045        2635875       20771996   510006000001  N  0                          0083 01/04/2021
01 36791263  PD830  M  BARGONIL UNG. 30GR.                         1  71760000  78000000   6240000  71760000       000    0    0    8    0    0         1  7591955000052        2635875       20771996   510006000001  N  0                          0081 01/04/2021
01 36791263  VC310  M  BEVINDAZOL400 SUSP.10ML                     6  44687500  44687500       000 268125000       000    0    0    0    0    0         1  7592782000055        2635871       20771712   510006000001  N  0                      2050005R 01/06/2022
01 36791263  LT031  M  BIOTALOL 5MG. X30CO                         6  62010000  62010000       000 372060000       000    0    0    0    0    0         1  7591585217165        2635871       20771712   510006000001  N  0                           106 01/04/2022
01 36791263  AO180  M  CALOXPIRINA 81MG. X30TA                     2  54600000  54600000       000 109200000       000    0    0    0    0    0         1  7591519008487        2635872       20771813   510006000001  N  0                         31277 01/05/2023
01 36791263  12641  M  CIPROFLOXACINA DAC 500X10                  24  36812880  38750400  46500480 883509120       000    0    0    5    0    0         1  8906121690057        2635872       20771813   510006000001  N  0                          9170 01/10/2022
01 36791263  MK027  M  DEFLAZACORT +MK 6MG. X10                    1 118560000 118560000       000 118560000       000    0    0    0    0    0         1  7591519008197        2635871       20771712   510006000001  N  0                         30919 01/09/2022
01 36791263  EL035  M  GENURIN 200MG. X10CO                        2 103917485 103917485       000 207834970       000    0    0    0    0    0         1  7591062901198        2635872       20771813   510006000001  N  0                        20059A 01/06/2022
01 36791263  KL419  M  MIGRADORIXINA 125-1 X10CO                   2  63700000  63700000       000 127400000       000    0    0    0    0    0         1  7591619518688        2635872       20771813   510006000001  N  0                          0008 01/09/2022
01 36791263  PA053  M  TAMOA COMPR.MAST. 250MG. X6                 6  59588277  59588277       000 357529662       000    0    0    0    0    0         1  7591243849622        2635871       20771712   510006000001  N  0                         92019 01/04/2022
01 36791263  KV199  M  TERAGRIP FORTE NOC X6 SOB.                  2  63598526  63598526       000 127197052       000    0    0    0    0    0         1  7591821801882        2635871       20771712   510006000001  N  0                       2001663 01/02/2022
01 36791263  11110  C  TOALLAS MIANGELA NOC X7                    12  10574390  10574390       000 126892680  20302829    0    0    0    0    0         1  7596765000018        2635872       20771813   510006000001  N  0                           10X 01/09/2021
01 36791263  PD124  M  TRIDETARMON CR. 15GR.                       1  67600000  67600000       000  67600000       000    0    0    0    0    0         1  7591955000762        2635871       20771712   510006000001  N  0                          0075 01/04/2022
01 36791263  LX103  M  CARNISIN 1G.S.ORAL S/A180                   2  93990000  93990000       000 187980000       000    0    0    0    0    0         2  7591585112323        2635872       20771813   510006000002  N  0                           044 01/06/2022
01 36791263  PD990  M  FERGANIC FOLIC JBE. 120CC.                  2  70200000  70200000       000 140400000       000    0    0    0    0    0         2  7591955002803        2635871       20771712   510006000002  N  0                          0101 01/02/2023
01 36791263  EL245  M  TANTUM TOP. BUCAL 240 CC.                   1  15410923  15410923       000  15410923       000    0    0    0    0    0         2  7591062011538        2635871       20771712   510006000002  N  0                        20010A 01/03/2022
02 36791263         92    4082975847     126892680      20302829    4230171356    0    0    0  000    0    0    0   23/07/2020 11:12:23 a.m.   PR           000           000             0            19
