01 36795965  LO539  M  AFLAMAX 50MG. X20TA                         4  54082154  54082154       000 216328616       000    0    0    0    0    0         1  7591196004451        2635917       20778157   510051490001  N  0                       I060865 01/06/2022
01 36795965  12135  M  AMPICILINA BM250 PPSO60ML                   2  39000000  39000000       000  78000000       000    0    0    0    0    0         1  6930169708070        2635916       20778122   510051490001  N  0                        190447 01/03/2022
01 36795965  OJ007  N  CASTA?O DE INDIAS HP 60 CAPS                2  91000000  91000000       000 182000000       000    0    0    0    0    0         1  7592710000454        2635914       20777934   510051490001  N  0                       0123006 01/06/2023
01 36795965  KL033  M  COROPRES H 8/12,5 X30CO                     1 103740000 103740000       000 103740000       000    0    0    0    0    0         1  7591619520353        2635914       20777934   510051490001  N  0                          0001 01/02/2023
01 36795965  12673  M  DIOSMINA DAC 600MG X10TA                    6 166169250 174915000  52474500 997015500       000    0    0    5    0    0         1  8906121690064        2635917       20778157   510051490001  N  0                          9171 01/10/2022
01 36795965  VC215  M  FUGOLIN CR. 20 GR.                          3  45500000  45500000       000 136500000       000    0    0    0    0    0         1  7592782000130        2635914       20777934   510051490001  N  0                       2060006 01/06/2022
01 36795965  VC002  M  FUGOLIN SOL.TOPICA 1% 30ML.                 1  39487500  39487500       000  39487500       000    0    0    0    0    0         1  7592782000680        2635914       20777934   510051490001  N  0                       2050004 01/05/2022
01 36795965  MG604  M  FULGRAM SUSP. 600/42,9 60CC                 1 126100000 126100000       000 126100000       000    0    0    0    0    0         1  7591585113139        2635916       20778122   510051490001  N  0                           310 01/04/2022
01 36795965  10152  M  KLINCOSAL TAB.MAST. X30                     1  84240000  84240000       000  84240000       000    0    0    0    0    0         1  7591619519111        2635915       20777994   510051490001  N  0                          0018 01/03/2022
01 36795965  FA514  M  NEURIXA 75MG. X14CA                         4  83632359  83632359       000 334529436       000    0    0    0    0    0         1  7591821903616        2635913       20777891   510051490001  N  0                       2005183 01/05/2022
01 36795965  NP024  M  NOTOLAC 20MG. X10TA                         2  66263543  66263543       000 132527086       000    0    0    0    0    0         1  7591821902022        2635915       20777994   510051490001  N  0                       2002775 01/03/2023
01 36795965  FA239  M  NOTOLAC 30MG. X4TA.SUBL.                    2  67325184  67325184       000 134650368       000    0    0    0    0    0         1  7591821210134        2635915       20777994   510051490001  N  0                       1811278 01/01/2021
01 36795965  ZP002  M  ORALZINC MNDARINA.PVO.1S                    2  48556858  48556858       000  97113716       000    0    0    0    0    0         1  7591651722302        2635915       20777994   510051490001  N  0                       2001027 01/01/2022
01 36795965  LT043  M  PEGYT 75MG. X20CA                           4  91000000  91000000       000 364000000       000    0    0    0    0    0         1  7591585317018        2635913       20777891   510051490001  N  0                           039 01/02/2023
01 36795965  11343  M  RINARIS 5MG-60MG. X10TA                     3  35076340  35076340       000 105229020       000    0    0    0    0    0         1  7591821802322        2635914       20777934   510051490001  N  0                       2005051 01/06/2022
01 36795965  12124  C  BOROCANFOR COOL.PVO.35GR                    2  23821785  23821785       000  47643570   7622971    0    0    0    0    0         2       75971434        2635916       20778122   510051490002  N  0                       2004301 01/04/2022
01 36795965  12123  C  BOROCANFOR ORIG.PVO.35GR                    2  23821785  23821785       000  47643570   7622971    0    0    0    0    0         2       75971427        2635916       20778122   510051490002  N  0                       2006304 01/06/2022
02 36795965         42    3131461242      95287140      15245942    3241994324    0    0    0  000    0    0    0   29/07/2020 10:46:04 a.m.   PR           000           000             0            17
