01 36808652  GM850  M  AC FOLICO MY GOTAS 15ML.                    6  46263750  46263750       000 277582500       000    0    0    0    0    0         1  7592601300779        2636016       20794518   510174840001  N  0                        054201 01/02/2022
01 36808652  AL120  C  ALGODON ALVE 10 GR.                         6   9906160   9906160       000  59436960   9509914    0    0    0    0    0         1  7591442000046        2636011       20793864   510174840001  N  0                        MA2020 01/05/2025
01 36808652  AL125  C  ALGODON ALVE 25 GR.                         3  19381618  19381618       000  58144854   9303177    0    0    0    0    0         1  7591442000053        2636011       20793864   510174840001  N  0                       JUN2020 01/06/2025
01 36808652  PO280  M  AMIKACINA PO500 2ML.1AMP.                   2  52000000  52000000       000 104000000       000    0    0    0    0    0         1  7592806112030        2636011       20793864   510174840001  N  0                        002014 01/02/2023
01 36808652  MY170  M  ASCAFYL TAB. X10                            2  38778409  38778409       000  77556818       000    0    0    0    0    0         1  7592601100140        2636014       20794037   510174840001  N  0                        006702 01/03/2022
01 36808652  FA022  M  BONAMES 150MG. X1TA                         2  70559549  70559549       000 141119098       000    0    0    0    0    0         1  7591821903326        2636012       20793949   510174840001  N  0                       1911265 01/11/2023
01 36808652  MO004  M  BROLAT 5MG/30MG. X10TA                      1  39321307  39321307       000  39321307       000    0    0    0    0    0         1  7592601301578        2636016       20794518   510174840001  N  0                         03503 01/06/2022
01 36808652  GN138  M  CEFADROXILO GN250 PPS75ML                   2  96610800  96610800       000 193221600       000    0    0    0    0    0         1  7591585270207        2636010       20793809   510174840001  N  0                          7341 01/11/2022
01 36808652  12641  M  CIPROFLOXACINA DAC 500X10                  24  47361600  47361600       0001136678400       000    0    0    0    0    0         1  8906121690057        2631705       20794549   510174840001  N  0                          0032 01/02/2023
01 36808652  LO120  M  CLARASOL SOL.OFT. 15ML.                     2  53294244  53294244       000 106588488       000    0    0    0    0    0         1  7591196000071        2636012       20793949   510174840001  N  0                       I030866 01/03/2023
01 36808652  KL033  M  COROPRES H 8/12,5 X30CO                     2 169000000 169000000       000 338000000       000    0    0    0    0    0         1  7591619520353        2631705       20794549   510174840001  N  0                          0001 01/02/2023
01 36808652  LO149  M  CORTYNASE SUSP.NASAL 140D.                  2 147488011 147488011       000 294976022       000    0    0    0    0    0         1  7591196004604        2631705       20794549   510174840001  N  0                        040099 01/05/2022
01 36808652  MK023  M  DEFLAZACORT +MK 30MG. X30                   1 251784000 251784000       000 251784000       000    0    0    0    0    0         1  7591519008203        2636016       20794518   510174840001  N  0                         31003 01/11/2022
01 36808652  MK027  M  DEFLAZACORT +MK 6MG. X10                    2 156104000 156104000       000 312208000       000    0    0    0    0    0         1  7591519008197        2636016       20794518   510174840001  N  0                         31139 01/02/2023
01 36808652  KF190  M  DERMAZOL 0,05% CR.30GR.                     2  91000000  91000000       000 182000000       000    0    0    0    0    0         1  7591619519036        2636016       20794518   510174840001  N  0                          0052 01/05/2022
01 36808652  LT073  M  DICLOFENAC P. GN 50 X30CO                  24  63635000  63635000       0001527240000       000    0    0    0    0    0         1  7591585379245        2636012       20793949   510174840001  N  0                           741 01/04/2023
01 36808652  LT046  M  GENLET 200MG. X20CO                         2 132600000 132600000       000 265200000       000    0    0    0    0    0         1  7591585110183        2631705       20794549   510174840001  N  0                           041 01/06/2022
01 36808652  EL035  M  GENURIN 200MG. X10CO                        6 131455610 131455610       000 788733660       000    0    0    0    0    0         1  7591062901198        2631705       20794549   510174840001  N  0                        20059A 01/06/2022
01 36808652  XS008  N  GOTAS VALERIANA XS 30ML.                   12  16802500  16802500       000 201630000       000    0    0    0    0    0         1  7594001450818        2636009       20793669   510174840001  N  0                      15072050 01/07/2023
01 36808652  VA619  M  HENOVIC SOL.ORAL GOTAS 30ML                 1  99209432  99209432       000  99209432       000    0    0    0    0    0         1  7592349722963        2636011       20793864   510174840001  N  0                       2004028 01/04/2022
01 36808652  11497  M  HIDROPROPICELU S.OF.ZU15                    2  22750000  22750000       000  45500000       000    0    0    0    0    0         1  7597446000037        2636011       20793864   510174840001  N  0                        109238 01/09/2021
01 36808652  11792  M  LETALOP 100MG. X30CO                        3 488491925 488491925       0001465475775       000    0    0    0    0    0         1  7595368004218        2636008       20793656   510174840001  N  0                         11953 01/07/2022
01 36808652  11792  M  LETALOP 100MG. X30CO                        2 488491925 488491925       000 976983850       000    0    0    0    0    0         1  7595368004218        2631705       20793656   510174840001  N  0                         11953 01/07/2022
01 36808652  LN165  M  MADECASSOL 2% POLVO 5GR.                    1 104950963 104950963       000 104950963       000    0    0    0    0    0         1  7592348218108        2631705       20794549   510174840001  N  0                       2005024 01/05/2025
01 36808652  11794  M  MEZHITIN 10MG. X50CO                        1 357561597 357561597       000 357561597       000    0    0    0    0    0         1  7595368000050        2631705       20794549   510174840001  N  0                         11973 01/07/2022
01 36808652  LX102  M  MIGREN 650-50-1 X20CO                       3  71321250  71321250       000 213963750       000    0    0    0    0    0         1  7591585415738        2631705       20794549   510174840001  N  0                           480 01/10/2021
01 36808652  LC170  M  MONOSULPA GOTAS 15 CC.                      2  37569870  37569870       000  75139740       000    0    0    0    0    0         1  7591585110923        2631705       20794549   510174840001  N  0                           192 01/05/2022
01 36808652  11652  M  MONTELUKAST LS 10MG. X10                    6  49153000  49153000       000 294918000       000    0    0    0    0    0         1  7592454891295        2636017       20794542   510174840001  N  0                       3244773 01/04/2022
01 36808652  MY134  M  MUPROBAN 2% UNG. 15GR.                      1 120028409 120028409       000 120028409       000    0    0    0    0    0         1  7592601101093        2636010       20793809   510174840001  N  0                        032802 01/06/2022
01 36808652  PG110  M  NINAZO GOTAS AD. 15ML.                     12  32360817  32360817       000 388329804       000    0    0    0    0    0         1  7591821802957        2636013       20793988   510174840001  N  0                       2004029 01/11/2021
01 36808652  12012  M  NOXPIRIN GRIP X12TA                         2  50411932  50411932       000 100823864       000    0    0    0    0    0         1  7592601303220        2636014       20794037   510174840001  N  0                        939401 01/10/2021
01 36808652  LO134  M  OCUPRED 1% SUSP.OFT. 5ML.                   2  70208876  70208876       000 140417752       000    0    0    0    0    0         1  7591196002242        2636010       20793809   510174840001  N  0                        050364 01/06/2022
01 36808652  EL017  M  OFAFLAN GOTAS PED. 30ML.                    2  67498340  67498340       000 134996680       000    0    0    0    0    0         1  7591062900894        2631705       20794549   510174840001  N  0                        20052A 01/05/2022
01 36808652  11536  M  OLMECAR 20MG. X30CO                         1 110360250 110360250       000 110360250       000    0    0    0    0    0         1  7591585318794        2636011       20793864   510174840001  N  0                           037 01/02/2022
01 36808652  11536  M  OLMECAR 20MG. X30CO                         1 110360250 110360250       000 110360250       000    0    0    0    0    0         1  7591585318794        2631705       20793864   510174840001  N  0                           037 01/02/2022
01 36808652  LO524  M  OPAT SOL.OFT. 0,1% 5CC.                     2  67957022  67957022       000 135914044       000    0    0    0    0    0         1  7591196003942        2636010       20793809   510174840001  N  0                        040206 01/05/2022
01 36808652  VC230  M  PAPAVERYL 10MG.GOTAS 15ML                   1  64593750  64593750       000  64593750       000    0    0    0    0    0         1  7592782000253        2636010       20793809   510174840001  N  0                       1910007 01/02/2021
01 36808652  LT043  M  PEGYT 75MG. X20CA                           1 100100000 100100000       000 100100000       000    0    0    0    0    0         1  7591585317018        2636012       20793949   510174840001  N  0                          0411 01/07/2023
01 36808652  KL084  M  PLIDAN COMP.10-125  X10CO                   3  78000000  78000000       000 234000000       000    0    0    0    0    0         1  7591619518695        2636013       20793988   510174840001  N  0                          0005 01/06/2023
01 36808652  KL859  M  RISPERID 2MG. X30CO                         2 109200000 109200000       000 218400000       000    0    0    0    0    0         1  7591619518589        2636017       20794542   510174840001  N  0                          0001 01/01/2021
01 36808652  KN390  M  ROWELUK 10MG. X30CO                         1 143000000 143000000       000 143000000       000    0    0    0    0    0         1  7591619517223        2636017       20794542   510174840001  N  0                          0003 01/09/2022
01 36808652  GN154  M  SERTRALINA COMPR. 50 X 10                   6  42471000  42471000       000 254826000       000    0    0    0    0    0         1  7591585178275        2636012       20793949   510174840001  N  0                          7045 01/04/2023
01 36808652  11793  M  SORKINOX 250-25 X30CO                       1 325955344 325955344       000 325955344       000    0    0    0    0    0         1  7595368012732        2636008       20793656   510174840001  N  0                         11777 01/06/2022
01 36808652  NP099  N  CALCIBON NATAL FORTE 30TAB.                 2 155682801 155682801       000 311365602  49818496    0    0    0    0    0         2  7591821102071        2636016       20794518   510174840002  N  0                       2004089 01/05/2022
01 36808652  GN146  M  ENALAPRIL GN 20MG. X30CO                   12  50310000  50310000       000 603720000       000    0    0    0    0    0         2  7591585378538        2636009       20793669   510174840002  N  0                           413 01/07/2023
01 36808652  LO105  M  MATILOL 0,50% S.OFT. 6ML.                   3  81485976  81485976       000 244457928       000    0    0    0    0    0         2  7591196001603        2636011       20793864   510174840002  N  0                        060960 01/06/2022
01 36808652  CO540  M  MIOVIT COMP.AMP.3ML. X3 KIT                12 133099850 133099850       0001597198200       000    0    0    0    0    0         2  7591818026366        2636009       20793669   510174840002  N  0                         00158 01/04/2023
01 36808652  12959  M  NIFEDIPINE 20MG X100TA                      2 157235000 157235000       000 314470000       000    0    0    0    0    0         2 07460260000791        2631705       20794549   510174840002  N  0                          ND01 01/04/2022
01 36808652  12559  M  OLMECAR 40MG X30CO                          1 173030000 173030000       000 173030000       000    0    0    0    0    0         2  7591585318800        2636009       20793669   510174840002  N  0                           014 01/05/2022
01 36808652  12365  M  TIROXIN 25MCG X50TA                         2  85733665  85733665       000 171467330       000    0    0    0    0    0         2  7707355054223        2636011       20793864   510174840002  N  0                      06910420 01/05/2022
01 36808652  12006  M  TIROXIN 50MCG. X50TA                        2  95823000  95823000       000 191646000       000    0    0    0    0    0         2  7707355054230        2636011       20793864   510174840002  N  0                      03530220 01/02/2022
01 36808652  12124  C  BOROCANFOR COOL.PVO.35GR                    2  27587898  27587898       000  55175796   8828127    0    0    0    0    0         3       75971434        2636011       20793864   510174840003  N  0                       2007301 01/07/2022
01 36808652  12123  C  BOROCANFOR ORIG.PVO.35GR                    2  27587898  27587898       000  55175796   8828127    0    0    0    0    0         3       75971427        2636011       20793864   510174840003  N  0                       2006304 01/06/2022
01 36808652  VT135  C  CALAMINOL FRESH LOC. 180ML.                 2  85860216  85860216       000 171720432  27475269    0    0    0    0    0         3  7591808000031        2636011       20793864   510174840003  N  0                       2007301 01/07/2023
01 36808652  LN110  C  DIADEX PHIS JABON 120ML.                    2  39353764  39353764       000  78707528  12593204    0    0    0    0    0         3  7592348208208        2636011       20793656   510174840003  N  0                   01319800002 01/08/2024
01 36808652  LN110  C  DIADEX PHIS JABON 120ML.                    2  39353764  39353764       000  78707528  12593204    0    0    0    0    0         3  7592348208208        2636008       20793656   510174840003  N  0                   01319800002 01/08/2024
01 36808652  KA180  C  EVERY N.CH.FTA S.M 350                      3  44095776  44095776       000 132287328  21165972    0    0    0    0    0         3  7590005163075        2636012       20793949   510174840003  N  0                       2006128 01/06/2022
01 36808652  LT199  M  DIKLASON SUSP. 120CC.                       6  54080000  54080000       000 324480000       000    0    0    0    0    0         4  7591585218254        2636010       20793809   510174840004  N  0                           181 01/05/2022
01 36808652  VM200  M  VITISIVAL SOL.ORAL 240ML.                   3  64863500  64863500       000 194590500       000    0    0    0    0    0         4  7591020008495        2636010       20793809   510174840004  N  0                           626 01/06/2024
01 36808652  PB006  N  WAMPOLE EMULS. T.FRUTI 240                  3  55277357  55277357       000 165832071  26533131    0    0    0    0    0         4  7591309000967        2636010       20793809   510174840004  N  0                      A2007245 01/07/2022
01 36808652  PB007  N  WAMPOLE EMULS. T.FRUTI 360                  3  69937314  69937314       000 209811942  33569911    0    0    0    0    0         4  7591309000974        2636010       20793809   510174840004  N  0                      A2007236 01/07/2022
02 36808652        226   16955718720     689356222     220218534   17865293476    0    0    0  000    0    0    0   17/08/2020 06:57:29 p.m.   PR           000           000             0            58
