01 36807936  LO504  M  ACETAB 250MG. X20TA                         1  72887621  72887621       000  72887621       000    0    0    0    0    0         1  7591196004802        2636000       20792776   510167230001  N  0                       I050900 01/07/2022
01 36807936  VM375  M  ACEVAL 650MG. X10TA                         6  24050000  24050000       000 144300000       000    0    0    0    0    0         1  7591020000611        2636000       20792776   510167230001  N  0                           172 01/05/2025
01 36807936  LO539  M  AFLAMAX 50MG. X20TA                         3  54571538  54571538       000 163714614       000    0    0    0    0    0         1  7591196004451        2636000       20792776   510167230001  N  0                       I060865 01/06/2022
01 36807936  LO124  M  AIRON 10MG. X10TA                           2  57691009  57691009       000 115382018       000    0    0    0    0    0         1  7591196002563        2636006       20793068   510167230001  N  0                       I040891 01/05/2022
01 36807936  GN088  M  AMLODIPINA GN 10MG. X30CO                   6  58240000  58240000       000 349440000       000    0    0    0    0    0         1  7591585278173        2635996       20792658   510167230001  N  0                           183 01/05/2023
01 36807936  GN790  M  AMLODIPINA GN 5MG. X30CO                    3  55640000  55640000       000 166920000       000    0    0    0    0    0         1  7591585278166        2635996       20792658   510167230001  N  0                           380 01/03/2023
01 36807936  VM419  M  AMOXIVAL 750MG.PPSO 70ML.                   1  83486787  83486787       000  83486787       000    0    0    0    0    0         1  7591020008082        2636001       20792920   510167230001  N  0                           150 01/03/2022
01 36807936  QO270  M  ANALPER FORTE TAB. 650X10                  12  28437500  28437500       000 341250000       000    0    0    0    0    0         1  7592454000802        2636000       20792776   510167230001  N  0                       3247894 01/05/2022
01 36807936  KL489  M  ANASMOL 5MG. X30CO                          1 156000000 156000000       000 156000000       000    0    0    0    0    0         1  7591955003091        2636004       20792998   510167230001  N  0                          0040 01/04/2022
01 36807936  GN202  M  BABILIN SOL.GOTAS 30ML.                     1  32501898  32501898       000  32501898       000    0    0    0    0    0         1  7591585117649        2636001       20792920   510167230001  N  0                           022 01/01/2022
01 36807936  PO180  M  BACTRON SUSP. 100ML.                        2  65000000  65000000       000 130000000       000    0    0    0    0    0         1  7592806122015        2636003       20792939   510167230001  N  0                        004050 01/04/2025
01 36807936  PA275  M  BETAGEN SOLSPEN 1ML.1AMP.                   3  72901752  72901752       000 218705256       000    0    0    0    0    0         1  7591243804409        2636000       20792776   510167230001  N  0                         91877 01/11/2021
01 36807936  LT031  M  BIOTALOL 5MG. X30CO                         6  75010000  75010000       000 450060000       000    0    0    0    0    0         1  7591585217165        2635995       20792618   510167230001  N  0                           105 01/04/2022
01 36807936  GN604  M  CEFADROXILO GN 500 X 20                     1 195390000 195390000       000 195390000       000    0    0    0    0    0         1  7591585370228        2636003       20792939   510167230001  N  0                           557 01/03/2023
01 36807936  11805  M  CEFADROXILO MC500 X10CA                     3 127311860 127311860       000 381935580       000    0    0    0    0    0         1   614143659034        2636003       20792939   510167230001  N  0                        200232 01/04/2023
01 36807936  12322  M  CIPROFLOXACINA 500MG X100                   3 398125000 398125000       0001194375000       000    0    0    0    0    0         1  6921875009575        2636005       20793002   510167230001  N  0                      11908403 01/08/2022
01 36807936  12641  M  CIPROFLOXACINA DAC 500X10                  12  47361600  47361600       000 568339200       000    0    0    0    0    0         1  8906121690057        2635997       20792684   510167230001  N  0                          0032 01/02/2023
01 36807936  CO265  M  CLORACE 500MG/4MG X10TA                     3  32162130  32162130       000  96486390       000    0    0    0    0    0         1  7591818116043        2635995       20792618   510167230001  N  0                         00121 01/03/2022
01 36807936  11640  M  CYTRIAX 1GR.IV-IM. X1                       2  38275925  42528805   8505760  76551850       000    0    0   10    0    0         1       75971342        2636001       20792920   510167230001  N  0                         D1914 01/06/2022
01 36807936  11800  M  DICLOFENAC P.LO50MG.X10TA                  36  30133116  30133116       0001084792176       000    0    0    0    0    0         1  7591196007230        2636004       20792998   510167230001  N  0                       I030875 01/04/2022
01 36807936  12036  M  DICLOFENAC S.AL50MG.X20TA                   6  29187276  29187276       000 175123656       000    0    0    0    0    0         1  7597758000527        2635996       20792658   510167230001  N  0                         DL060 01/07/2022
01 36807936  11266  M  ENALAPRIL DP 20MG. X10TA                   12  32797842  32797842       000 393574104       000    0    0    0    0    0         1  7592616576879        2636001       20792920   510167230001  N  0                         00665 01/07/2022
01 36807936  LQ270  N  EPIVITAL CAPS. X15                          1 118844658 118844658       000 118844658       000    0    0    0    0    0         1  7592430000505        2636004       20792998   510167230001  N  0                      05120620 01/06/2022
01 36807936  CO240  M  EUSILEN 4MG. X8CO                           2 110682000 110682000       000 221364000       000    0    0    0    0    0         1  7591818116005        2635995       20792618   510167230001  N  0                         00025 01/02/2025
01 36807936  PD109  M  FERGANIC FOLIC TM X20                       3  84500000  84500000       000 253500000       000    0    0    0    0    0         1  7591955002797        2636001       20792920   510167230001  N  0                          0283 01/10/2021
01 36807936  LO810  M  FISIOLIN GOTAS PED. 15ML.                   1  54725386  54725386       000  54725386       000    0    0    0    0    0         1  7591196002198        2636003       20792939   510167230001  N  0                       I020849 01/03/2023
01 36807936  10829  M  FLUCON 200MG. X4CA                          2  82550000  82550000       000 165100000       000    0    0    0    0    0         1  7591955558331        2635999       20792757   510167230001  N  0                          0008 01/05/2022
01 36807936  KL170  M  FURFURIL APOS.SOL. 30GR.                    1  49400000  49400000       000  49400000       000    0    0    0    0    0         1  7591619122014        2636003       20792939   510167230001  N  0                          0105 01/11/2021
01 36807936  11163  M  LEVOFERIN SOL.ORAL 90ML.                    2  56468750  56468750       000 112937500       000    0    0    0    0    0         1  7592782000741        2635996       20792658   510167230001  N  0                       2060008 01/06/2023
01 36807936  GN694  M  MELOXICAM GN 15MG. X10CO                    6  41905500  41905500       000 251433000       000    0    0    0    0    0         1  7591585178022        2635996       20792658   510167230001  N  0                           071 01/05/2022
01 36807936  11804  M  METRODINAZOL MC500 X100CO                   1 258010857 286678730  28667873 258010857       000    0    0   10    0    0         1   614143659041        2635999       20792757   510167230001  N  0                        190321 01/03/2022
01 36807936  12925  M  NITAZOXANIDA 500MG X6TA                     2  73125000  73125000       000 146250000       000    0    0    0    0    0         1  7703763391172        2636001       20792920   510167230001  N  0                       3246431 01/05/2022
01 36807936  PD104  M  POLI-OTICO GOTAS 5 CC.                      2  41600000  41600000       000  83200000       000    0    0    0    0    0         1  7591955002278        2635995       20792618   510167230001  N  0                          0092 01/07/2022
01 36807936  LP220  M  PROTOSULFIL 1% CR. 30GR.                    2  83980000  83980000       000 167960000       000    0    0    0    0    0         1  7591955001486        2636002       20792927   510167230001  N  0                          0285 01/05/2022
01 36807936  KV007  N  TERATOSIL MIEL JBE.120ML.                   2  55331968  55331968       000 110663936       000    0    0    0    0    0         1  7591821802551        2636001       20792920   510167230001  N  0                       2005163 01/06/2023
01 36807936  VY024  C  VENDA DE YESO GYPSONA 4X3                   2  49298231  49298231       000  98596462  15775434    0    0    0    0    0         1  7594001560036        2636002       20792927   510167230001  N  0                          7740 01/07/2024
01 36807936  BQ131  M  ACETAMINOFEN BQ120MG100ML                   3  35100000  35100000       000 105300000       000    0    0    0    0    0         2  7594000850855        2636000       20792776   510167230002  N  0                        200716 01/07/2022
01 36807936  BQ001  M  AMBROXOL BQ. 15MG.120ML.                    2  35847752  35847752       000  71695504       000    0    0    0    0    0         2  7594000850909        2636004       20792998   510167230002  N  0                        200409 01/04/2022
01 36807936  BQ290  M  AMBROXOL BQ. 30MG.120ML.                    2  50375000  50375000       000 100750000       000    0    0    0    0    0         2  7594000850923        2636004       20792998   510167230002  N  0                        200502 01/05/2022
01 36807936  CO520  M  KATIVIL SOL.ORAL 120ML.                     4  82705220  82705220       000 330820880       000    0    0    0    0    0         2  7591818111147        2636000       20792776   510167230002  N  0                         00246 01/06/2023
01 36807936  KL574  M  MAILEN 2,5MG. JBE. 50ML.                    1  49140000  49140000       000  49140000       000    0    0    0    0    0         2  7591619519135        2635995       20792618   510167230002  N  0                          0016 01/07/2022
01 36807936  EL245  M  TANTUM TOP. BUCAL 240 CC.                   2  15410923  15410923       000  30821846       000    0    0    0    0    0         2  7591062011538        2635995       20792618   510167230002  N  0                        20026A 01/03/2022
02 36807936        168    9273133717      98596462      15775434    9387505613    0    0    0  000    0    0    0   14/08/2020 04:35:46 p.m.   PR           000           000             0            42
