01 36809769  LN001  M  ACICLOVIR LN CR.TOP. 20GR.                  2  87573847  87573847       000 175147694       000    0    0    0    0    0         1  7592348201117        2636021       20795214   510183760001  N  0                       2006098 01/06/2023
01 36809769  PA054  M  BETADERM PLUS CREMA 15GR.                  12  72438737  72438737       000 869264844       000    0    0    0    0    0         1  7591243804164        2636021       20795214   510183760001  N  0                       9211201 01/07/2022
01 36809769  GN176  M  CARBAMAZEPINA GN 200X30CO                  12  66560000  66560000       000 798720000       000    0    0    0    0    0         1  7591585278265        2631707       20795303   510183760001  N  0                           296 01/06/2025
01 36809769  12141  M  CARVEDILOL BM6,25 X100TA                    1 177450000 177450000       000 177450000       000    0    0    0    0    0         1  6930169708377        2636023       20795435   510183760001  N  0                        190437 01/03/2022
01 36809769  GQ224  M  CETIRIZINA ELTER JBE. 60CC.                12  43030000  43030000       000 516360000       000    0    0    0    0    0         1  7592454138239        2636021       20795214   510183760001  N  0                       3245775 01/05/2023
01 36809769  CO265  M  CLORACE 500MG/4MG X10TA                    12  35378330  35378330       000 424539960       000    0    0    0    0    0         1  7591818116043        2631707       20795303   510183760001  N  0                         00121 01/03/2022
01 36809769  KL033  M  COROPRES H 8/12,5 X30CO                     1 169000000 169000000       000 169000000       000    0    0    0    0    0         1  7591619520353        2636020       20795165   510183760001  N  0                          0001 01/02/2023
01 36809769  LT038  M  COVENTROL 6,25MG. X30CO                     6  63963900  63963900       000 383783400       000    0    0    0    0    0         1  7591585265630        2631707       20795303   510183760001  N  0                           120 01/04/2022
01 36809769  KN350  M  CURPINOL 12,5MG. X30CO                      2 123500000 123500000       000 247000000       000    0    0    0    0    0         1  7591955558232        2631707       20795303   510183760001  N  0                          0024 01/03/2023
01 36809769  11640  M  CYTRIAX 1GR.IV-IM. X1                      10  42528805  42528805       000 425288050       000    0    0    0    0    0         1       75971342        2636024       20795519   510183760001  N  0                         D1914 01/06/2022
01 36809769  VM309  M  DUROVAL 50MG.X1TA MOROCHO                  12  19565000  19565000       000 234780000       000    0    0    0    0    0         1  7591020006484        2636021       20795214   510183760001  N  0                           604 01/04/2025
01 36809769  11418  M  LODESTAR HCT 50-12,5 30TA                   6  72016750  72016750       000 432100500       000    0    0    0    0    0         1  7591020080972        2636023       20795435   510183760001  N  0                            08 01/06/2022
01 36809769  12157  M  METRONIDAZOL BM500 X100TA                   1 240240000 240240000       000 240240000       000    0    0    0    0    0         1  6930169708247        2636019       20795094   510183760001  N  0                        190554 01/04/2022
01 36809769  11794  M  MEZHITIN 10MG. X50CO                        1 357561597 357561597       000 357561597       000    0    0    0    0    0         1  7595368000050        2636019       20795094   510183760001  N  0                         11973 01/07/2022
01 36809769  CO540  M  MIOVIT COMP.AMP.3ML. X3 KIT                12 133099850 133099850       0001597198200       000    0    0    0    0    0         1  7591818026366        2636019       20795094   510183760001  N  0                         00158 01/04/2023
01 36809769  VP720  M  NEURIBE B BLANDAS X 30                      1 111938713 111938713       000 111938713       000    0    0    0    0    0         1  7592432005300        2636024       20795519   510183760001  N  0                        200066 01/04/2023
01 36809769  PG110  M  NINAZO GOTAS AD. 15ML.                      6  34452449  34452449       000 206714694       000    0    0    0    0    0         1  7591821802957        2636024       20795519   510183760001  N  0                       2004029 01/11/2021
01 36809769  11025  M  NOXPIRIN GOTAS PED.15ML.                    2  38778409  38778409       000  77556818       000    0    0    0    0    0         1  7592601302100        2636021       20795214   510183760001  N  0                        937901 01/07/2021
01 36809769  12883  M  ODICA 75MG X28CO                            3 126668750 126668750       000 380006250       000    0    0    0    0    0         1  7401078920376        2631707       20795303   510183760001  N  0                        M02046 01/02/2022
01 36809769  11562  N  OMEGA 3 AI 1000MG.X60CA                     1 192956400 192956400       000 192956400       000    0    0    0    0    0         1  7592946169635        2636020       20795165   510183760001  N  0                      11209635 01/07/2022
01 36809769  12516  M  REHIDROSOL FRAMBUES 600ML                   2  51935000  51935000       000 103870000       000    0    0    0    0    0         1  7592637398535        2636024       20795519   510183760001  N  0                       2000076 01/07/2022
01 36809769  KV339  M  TERAGRIP FORTE 24H TAB. X14                 3  64918706  64918706       000 194756118       000    0    0    0    0    0         1  7591821802414        2631707       20795303   510183760001  N  0                20028152002808 01/03/2022
01 36809769  KV199  M  TERAGRIP FORTE NOC X6 SOB.                  2  67342690  67342690       000 134685380       000    0    0    0    0    0         1  7591821801882        2636021       20795214   510183760001  N  0                       2002783 01/03/2022
01 36809769  KV007  N  TERATOSIL MIEL JBE.120ML.                   2  61543455  61543455       000 123086910       000    0    0    0    0    0         1  7591821802551        2631707       20795303   510183760001  N  0                       2005163 01/06/2023
01 36809769  11090  M  VASSLUTEN 150MG. X30TA                      1 166281196 166281196       000 166281196       000    0    0    0    0    0         1  7406076101727        2636020       20795165   510183760001  N  0                        A20046 01/01/2023
01 36809769  GN101  M  LOSARTAN P. GN 50MG. X30                   12  80596903  80596903       000 967162836       000    0    0    0    0    0         2  7591585278951        2636021       20795214   510183760002  N  0                           344 01/06/2022
01 36809769  PD124  M  TRIDETARMON CR. 15GR.                       1  67600000  67600000       000  67600000       000    0    0    0    0    0         2  7591955000762        2636020       20795094   510183760002  N  0                          0077 01/07/2022
01 36809769  PD124  M  TRIDETARMON CR. 15GR.                       3  67600000  67600000       000 202800000       000    0    0    0    0    0         2  7591955000762        2636019       20795094   510183760002  N  0                          0077 01/07/2022
01 36809769  VT135  C  CALAMINOL FRESH LOC. 180ML.                 2  85860216  85860216       000 171720432  27475269    0    0    0    0    0         3  7591808000031        2631707       20795303   510183760003  N  0                       2007301 01/07/2023
01 36809769  BQ290  M  AMBROXOL BQ. 30MG.120ML.                    2  50375000  50375000       000 100750000       000    0    0    0    0    0         4  7594000850923        2636022       20795279   510183760004  N  0                        200502 01/05/2022
01 36809769  GQ720  M  AMBROXOL ELTER15MG.PED120                   6  57239000  57239000       000 343434000       000    0    0    0    0    0         4  7592454120203        2631707       20795303   510183760004  N  0                       3246626 01/05/2022
01 36809769  GQ730  M  AMBROXOL ELTER30MG.AD120                    6  57239000  57239000       000 343434000       000    0    0    0    0    0         4  7592454120302        2631707       20795303   510183760004  N  0                       3245381 01/04/2022
01 36809769  LN240  M  BENFLUX 15MG.JBE. 120ML.                    2  51175175  51175175       000 102350350       000    0    0    0    0    0         4  7592348203005        2636022       20795279   510183760004  N  0                         41449 01/01/2023
01 36809769  QO170  M  BROXOL FLEM PED. 120CC.                     1  65559000  65559000       000  65559000       000    0    0    0    0    0         4  7592454000444        2631707       20795303   510183760004  N  0                       3245371 01/05/2022
01 36809769  QO170  M  BROXOL FLEM PED. 120CC.                     1  65559000  65559000       000  65559000       000    0    0    0    0    0         4  7592454000444        2631707       20795303   510183760004  N  0                       3245371 01/05/2022
01 36809769  QO250  M  BROXOL GRIP PED. JBE.120ML.                 1  60099000  60099000       000  60099000       000    0    0    0    0    0         4  7592454000734        2631707       20795303   510183760004  N  0                       3244160 01/03/2022
01 36809769  GQ110  M  BROXOL JBE. PED. 120 CC.                    3  54639000  54639000       000 163917000       000    0    0    0    0    0         4  7592454536370        2631707       20795303   510183760004  N  0                       3245369 01/05/2022
01 36809769  GQ105  M  BROXOL JBE.AD. 120ML.                       2  65559000  65559000       000 131118000       000    0    0    0    0    0         4  7592454536271        2631707       20795303   510183760004  N  0                       3245370 01/05/2022
01 36809769  10824  M  REHIDROSOL FRESA  600ML                     2  54990000  54990000       000 109980000       000    0    0    0    0    0         4  7592637397415        2636024       20795519   510183760004  N  0                       2000053 01/04/2022
01 36809769  11944  M  REHIDROSOL MANZANA 600ML.                   2  58045000  58045000       000 116090000       000    0    0    0    0    0         4  7592637398528        2636024       20795519   510183760004  N  0                       2000071 01/06/2022
01 36809769  11584  M  REHIDROSOL UVA 600ML.                       2  54990000  54990000       000 109980000       000    0    0    0    0    0         4  7592637398443        2636024       20795519   510183760004  N  0                       2000049 01/04/2022
01 36809769  NP039  M  VALPRON 250MG. JBE.180ML.                   1 195962319 195962319       000 195962319       000    0    0    0    0    0         4  7591821901964        2636021       20795214   510183760004  N  0                      20016408 01/03/2022
01 36809769  VM200  M  VITISIVAL SOL.ORAL 240ML.                   6  64863500  64863500       000 389181000       000    0    0    0    0    0         4  7591020008495        2636019       20795094   510183760004  N  0                           626 01/06/2024
01 36809769  PB006  N  WAMPOLE EMULS. T.FRUTI 240                  6  55277357  55277357       000 331664142  53066263    0    0    0    0    0         4  7591309000967        2636019       20795094   510183760004  N  0                      A2007245 01/07/2022
01 36809769  BQ001  M  AMBROXOL BQ. 15MG.120ML.                    6  47937500  47937500       000 287625000       000    0    0    0    0    0         5  7594000850909        2631707       20795303   510183760005  N  0                        200501 01/05/2022
01 36809769  PB007  N  WAMPOLE EMULS. T.FRUTI 360                  6  69937314  69937314       000 419623884  67139821    0    0    0    0    0         5  7591309000974        2636019       20795094   510183760005  N  0                      A2007236 01/07/2022
02 36809769        198   13314176255     171720432     147681353   13633578040    0    0    0  000    0    0    0   18/08/2020 09:20:43 p.m.   PR           000           000             0            45
