01 36801161  QO270  M  ANALPER FORTE TAB. 650X10                   6  28437500  28437500       000 170625000       000    0    0    0    0    0         1  7592454000802        2635942       20783588   510108580001  N  0                       3247895 01/06/2022
01 36801161  11461  M  BRASARTAN 80MG. X10CA                       2  72090411  72090411       000 144180822       000    0    0    0    0    0         1  7591821210301        2635942       20783588   510108580001  N  0                       2001455 01/01/2022
01 36801161  11740  M  BRASARTAN 80MG. X30CA                       1 207111247 207111247       000 207111247       000    0    0    0    0    0         1  7591821210486        2635944       20783783   510108580001  N  0                      20040411 01/04/2022
01 36801161  EL009  M  BRUGESIC 200MG. X10CO                       4  31511740  31511740       000 126046960       000    0    0    0    0    0         1  7591062902379        2635947       20783813   510108580001  N  0                        20019A 01/03/2022
01 36801161  GN604  M  CEFADROXILO GN 500 X 20                     2 154700000 154700000       000 309400000       000    0    0    0    0    0         1  7591585370228        2635944       20783783   510108580001  N  0                           557 01/03/2023
01 36801161  11248  M  CRISOMET 50-500 X10TA                       2 102823278 102823278       000 205646556       000    0    0    0    0    0         1  7591821210332        2635942       20783588   510108580001  N  0                       2002113 01/03/2022
01 36801161  12309  M  FESTAL 210MG 25BLIST X4TA                   1 344500000 344500000       000 344500000       000    0    0    0    0    0         1  7591519317572        2635946       20783812   510108580001  N  0                         31041 01/03/2022
01 36801161  AY295  C  GASA ESTERIL KX 3X3 50-S X2                 1 221000000 221000000       000 221000000       000    0    0    0    0    0         1 10813333014159        2635944       20783783   510108580001  N  0                      20191009 01/11/2024
01 36801161  GB850  M  GLICERINA GC SUPOS.AD. X6                   1  85951081  85951081       000  85951081       000    0    0    0    0    0         1  7591136923958        2635946       20783812   510108580001  N  0                       2004155 01/04/2022
01 36801161  11629  M  PANTOPRAZOL AL40MG. X7TA                    6  33940507  33940507       000 203643042       000    0    0    0    0    0         1  7597758000299        2635944       20783783   510108580001  N  0                         DL022 01/04/2022
01 36801161  LO009  M  SALBUTAMOL LO S.INH.15ML.                   3  74343958  74343958       000 223031874       000    0    0    0    0    0         1  7591196002303        2635942       20783588   510108580001  N  0                        030133 01/03/2023
01 36801161  11197  C  SIEMPRESECO PA?AL AD.G X6                   2  68093093  68093093       000 136186186  21789790    0    0    0    0    0         1  7591353699018        2635945       20783784   510108580001  N  0                      00714102 01/07/2022
01 36801161  11196  C  SIEMPRESECO PA?AL AD.M X6                   1  69099395  69099395       000  69099395  11055903    0    0    0    0    0         1  7591353699001        2635945       20783784   510108580001  N  0                      00511202 01/05/2022
01 36801161  EL009  M  BRUGESIC 200MG. X10CO                       2  31511740  31511740       000  63023480       000    0    0    0    0    0         2  7591062902379        2635947       20783813   510108580002  N  0                        20019A 01/03/2022
01 36801161  11196  C  SIEMPRESECO PA?AL AD.M X6                   1  69099395  69099395       000  69099395  11055903    0    0    0    0    0         2  7591353699001        2635945       20783784   510108580002  N  0                      00511202 01/05/2022
01 36801161  12680  M  SOLUCION ISOTO 0,9% 500ML                  12  23205000  23205000       000 278460000       000    0    0    0    0    0         2  7597767000068        2635948       20783853   510108580002  N  0                      19082619 01/08/2022
01 36801161  EL009  M  BRUGESIC 200MG. X10CO                      18  31511740  31511740       000 567211320       000    0    0    0    0    0         3  7591062902379        2635947       20783813   510108580003  N  0                        20019A 01/03/2022
01 36801161  12570  M  BUDECORT SOL.P INHAL10ML.                   3  70429363  70429363       000 211288089       000    0    0    0    0    0         3  7591196007162        2635942       20783588   510108580003  N  0                        030642 01/06/2022
01 36801161  GQ600  M  CAPTOPRIL ELTER 25 X20TA                    3  40885000  40885000       000 122655000       000    0    0    0    0    0         3  7703763100194        2635944       20783783   510108580003  N  0                       3228624 01/05/2022
01 36801161  CO265  M  CLORACE 500MG/4MG X10TA                     2  26036010  30630600   9189180  52072020       000    0    0   15    0    0         3  7591818116043        2635944       20783783   510108580003  N  0                         00121 01/03/2022
01 36801161  MK675  M  DOL 450-40-1 X10TA                          2  47580000  47580000       000  95160000       000    0    0    0    0    0         3  7591519000474        2635942       20783588   510108580003  N  0                         31237 01/04/2023
01 36801161  MK117  M  FLAVOXATO +MK 200MG.X10TA                   1 105963000 105963000       000 105963000       000    0    0    0    0    0         3  7591519009330        2635946       20783812   510108580003  N  0                         31251 01/04/2022
01 36801161  11743  N  CITRATO POTASIO BF10%1LT.                   2 138320000 138320000       000 276640000       000    0    0    0    0    0         4  7591616000704        2635948       20783853   510108580004  N  0                        704097 01/07/2023
02 36801161         78    3792609491     495384976      43901596    4331896063    0    0    0  000    0    0    0   05/08/2020 12:54:56 p.m.   PR           000           000             0            23
