01 36805255  MK879  M  ACICLOVIR +MK200MG. X25TA                   1 114192000 114192000       000 114192000       000    0    0    0    0    0         1  7591519005639        2635975       20788818   510141970001  N  0                         31198 01/03/2023
01 36805255  PF204  M  ATAMEL FORTE 650MG. X10TA                   6  45947864  45947864       000 275687184       000    0    0    0    0    0         1  7591257000552        2635975       20788818   510141970001  N  0                     926132031 01/05/2022
01 36805255  PF204  M  ATAMEL FORTE 650MG. X10TA                   6  45947864  45947864       000 275687184       000    0    0    0    0    0         1  7591257000552        2635975       20788818   510141970001  N  0                     926132031 01/05/2022
01 36805255  12137  M  ATENOLOL BM100MG. X100TA                    1 147420000 147420000       000 147420000       000    0    0    0    0    0         1  6930169708063        2635976       20788891   510141970001  N  0                        190446 01/03/2022
01 36805255  PA385  M  BETADERM  C/GENT. CR.15GR                  12  67361672  67361672       000 808340064       000    0    0    0    0    0         1  7591243804041        2635975       20788818   510141970001  N  0                       9210103 01/06/2022
01 36805255  12141  M  CARVEDILOL BM6,25 X100TA                    1 159705000 159705000       000 159705000       000    0    0    0    0    0         1  6930169708377        2635976       20788891   510141970001  N  0                        190437 01/03/2022
01 36805255  DP026  M  CLOTRIMAZOL DP10%CR.V.7GR                  12  61144125  61144125       000 733729500       000    0    0    0    0    0         1  7592616584157        2635975       20788818   510141970001  N  0                         00331 01/03/2023
01 36805255  KL033  M  COROPRES H 8/12,5 X30CO                     3 128700000 128700000       000 386100000       000    0    0    0    0    0         1  7591619520353        2635975       20788818   510141970001  N  0                          0001 01/02/2023
01 36805255  QM490  M  DICIGEL SUSP. 240ML.                        1 147472000 147472000       000 147472000       000    0    0    0    0    0         1  7592454889216        2635975       20788818   510141970001  N  0                       3246932 01/05/2022
01 36805255  LT073  M  DICLOFENAC P. GN 50 X30CO                  24  57850000  57850000       0001388400000       000    0    0    0    0    0         1  7591585379245        2635976       20788891   510141970001  N  0                           740 01/03/2023
01 36805255  11266  M  ENALAPRIL DP 20MG. X10TA                   24  32797842  32797842       000 787148208       000    0    0    0    0    0         1  7592616576879        2635975       20788818   510141970001  N  0                         00665 01/07/2022
01 36805255  GB850  M  GLICERINA GC SUPOS.AD. X6                   2  91967656  91967656       000 183935312       000    0    0    0    0    0         1  7591136923958        2635975       20788818   510141970001  N  0                       2004155 01/04/2022
01 36805255  GB840  M  GLICERINA GC SUPOS.PED. X6                  2  68124670  68124670       000 136249340       000    0    0    0    0    0         1  7591136923873        2635975       20788818   510141970001  N  0                      2002129A 01/02/2022
01 36805255  11423  M  HIDROCLOROTI GN12,5 X30CO                   6  44720000  44720000       000 268320000       000    0    0    0    0    0         1  7591585172686        2635975       20788818   510141970001  N  0                           010 01/06/2022
01 36805255  LO420  M  LACRIDOS SOL.OFT. 15CC.                     6  61606857  61606857       000 369641142       000    0    0    0    0    0         1  7591196000286        2635975       20788818   510141970001  N  0                        060249 01/07/2023
01 36805255  11418  M  LODESTAR HCT 50-12,5 30TA                   6  72016750  72016750       000 432100500       000    0    0    0    0    0         1  7591020080972        2635975       20788818   510141970001  N  0                            08 01/06/2022
01 36805255  DP414  M  LOSARTAN P. DP100MG.X10TA                  12  46283283  46283283       000 555399396       000    0    0    0    0    0         1  7592616576374        2635975       20788818   510141970001  N  0                         00664 01/07/2022
01 36805255  NP640  M  MACRODANTINA 50MG. X30CA                    2 144541158 144541158       000 289082316       000    0    0    0    0    0         1  7591821901858        2635975       20788818   510141970001  N  0                       2005024 01/06/2023
01 36805255  VP720  M  NEURIBE B BLANDAS X 30                      1 111938713 111938713       000 111938713       000    0    0    0    0    0         1  7592432005300        2635977       20788953   510141970001  N  0                        200066 01/04/2023
01 36805255  11568  M  OLMESARTAN LS 40MG.X10CO                   12  54080000  54080000       000 648960000       000    0    0    0    0    0         1  7592454891226        2635975       20788818   510141970001  N  0                       3242255 01/05/2022
01 36805255  11630  M  OMEFLUX 20MG. X10CA                        12  43274147  43274147       000 519289764       000    0    0    0    0    0         1  7597758000060        2635975       20788818   510141970001  N  0                         DL042 01/06/2022
01 36805255  11629  M  PANTOPRAZOL AL40MG. X7TA                   12  37432136  37432136       000 449185632       000    0    0    0    0    0         1  7597758000299        2635975       20788818   510141970001  N  0                         DL022 01/04/2022
01 36805255  MK735  M  PREDNISONA +MK50MG. X10TA                   2  80847000  80847000       000 161694000       000    0    0    0    0    0         1  7591519001044        2635975       20788818   510141970001  N  0                         30946 01/10/2024
01 36805255  LT249  M  XYLON COMPR. 5/6,25 X30                     6  78260000  78260000       000 469560000       000    0    0    0    0    0         1  7591585113313        2635975       20788818   510141970001  N  0                           082 01/03/2022
01 36805255  GN091  M  CAPTOPRIL GN 25MG.X30CO                     6  44200000  44200000       000 265200000       000    0    0    0    0    0         2  7591585370167        2635975       20788818   510141970002  N  0                           115 01/05/2024
01 36805255  GN146  M  ENALAPRIL GN 20MG. X30CO                    6  50310000  50310000       000 301860000       000    0    0    0    0    0         2  7591585378538        2635975       20788818   510141970002  N  0                           413 01/07/2023
01 36805255  AH295  M  LASIX 20MG. X24CO                           2  80080000  80080000       000 160160000       000    0    0    0    0    0         2  7592205000037        2635975       20788818   510141970002  N  0                         30706 01/06/2022
01 36805255  GN101  M  LOSARTAN P. GN 50MG. X30                   12  80596903  80596903       000 967162836       000    0    0    0    0    0         2  7591585278951        2635975       20788818   510141970002  N  0                           344 01/06/2022
01 36805255  PD124  M  TRIDETARMON CR. 15GR.                       2  67600000  67600000       000 135200000       000    0    0    0    0    0         2  7591955000762        2635975       20788818   510141970002  N  0                          0077 01/07/2022
01 36805255  10854  C  ARNICA FC FORTE90GR.BOL                     1  34031540  34031540       000  34031540   5445046    0    0    0    0    0         3  7593090000676        2635977       20788953   510141970003  N  0                       2020001 01/05/2023
01 36805255  11600  C  BARR DER.BIOS P.GRASA 90                    6  25272000  25272000       000 151632000  24261120    0    0    0    0    0         3  7595481000234        2635975       20788818   510141970003  N  0                      19121011 01/12/2023
01 36805255  11604  C  COLONIA AMY BEBES 100CC.                    3  17929326  17929326       000  53787978   8606076    0    0    0    0    0         3  7591061403242        2635976       20788891   510141970003  N  0                      20201082 01/02/2022
01 36805255  10250  C  COLONIA CHICHI RENE 200CC                   2  31607498  31607498       000  63214996  10114399    0    0    0    0    0         3  7596097001608        2635976       20788891   510141970003  N  0                   00720871204 01/04/2025
01 36805255  12195  C  JABON MIMLOT MANZANA 125G                   6  13275600  13275600       000  79653600  12744576    0    0    0    0    0         3  1180201379415        2635975       20788818   510141970003  N  0                     201720004 01/04/2027
01 36805255  ED165  C  NOPUCID CH. 100 CC.                         3  67600000  67600000       000 202800000  32448000    0    0    0    0    0         3  7592803000811        2635976       20788891   510141970003  N  0                       2003355 01/03/2022
01 36805255  KQ005  C  RHELEN GEL MASAJE BOL.90GR.                 2  23976503  23976503       000  47953006   7672481    0    0    0    0    0         3  7593434000096        2635977       20788953   510141970003  N  0                     221818046 01/08/2022
02 36805255        223   11648820091     633073120     101291699   12383184910    0    0    0  000    0    0    0   11/08/2020 05:47:27 p.m.   PR           000           000             0            36
