01 36815555  LO124  M  AIRON 10MG. X10TA                           2  77748798  77748798       000 155497596       000    0    0    0    0    0         1  7591196002563        2636062       20803327   510250100001  N  0                       I040891 01/05/2022
01 36815555  QO340  M  ANALPER CAF TAB. 500/40 X10                 3  43355000  43355000       000 130065000       000    0    0    0    0    0         1  7592454001212        2636063       20803427   510250100001  N  0                       3243385 01/03/2022
01 36815555  GP220  M  DALTAZEN 60MG. X20CO                        2  52000000  52000000       000 104000000       000    0    0    0    0    0         1  7594000490303        2636064       20803466   510250100001  N  0                          0049 01/06/2022
01 36815555  10326  M  DALTAZEN 60MG. X30CO                        1  72800000  72800000       000  72800000       000    0    0    0    0    0         1  7591619518992        2636064       20803466   510250100001  N  0                          0048 01/01/2022
01 36815555  MK675  M  DOL 450-40-1 X10TA                          2  56940000  56940000       000 113880000       000    0    0    0    0    0         1  7591519000474        2636063       20803427   510250100001  N  0                         31237 01/04/2023
01 36815555  GM169  M  ESPIRONOLACTONA MY 100X10                   2 126029830 126029830       000 252059660       000    0    0    0    0    0         1  7592601301127        2636062       20803327   510250100001  N  0                        058101 01/02/2022
01 36815555  11417  M  FLATVIN 125MG. X20CA.BLA                    6  80843750  80843750       000 485062500       000    0    0    0    0    0         1  7592782000703        2636064       20803466   510250100001  N  0                        200095 01/05/2023
01 36815555  FA003  M  HIDROTEN 12,5MG. X30TA                      3  75526584  75526584       000 226579752       000    0    0    0    0    0         1  7591821903791        2636065       20803721   510250100001  N  0                       2004046 01/04/2022
01 36815555  11418  M  LODESTAR HCT 50-12,5 30TA                   6  72016750  72016750       000 432100500       000    0    0    0    0    0         1  7591020080972        2636062       20803327   510250100001  N  0                            08 01/06/2022
01 36815555  FA514  M  NEURIXA 75MG. X14CA                         3  90581819  90581819       000 271745457       000    0    0    0    0    0         1  7591821903616        2636063       20803427   510250100001  N  0                       2002749 01/03/2022
01 36815555  NP024  M  NOTOLAC 20MG. X10TA                         2  75939842  75939842       000 151879684       000    0    0    0    0    0         1  7591821902022        2636063       20803427   510250100001  N  0                       2005187 01/06/2023
01 36815555  VC580  M  OTAN GOTAS 5ML.                             3  63375000  63375000       000 190125000       000    0    0    0    0    0         1  7592782000567        2636062       20803327   510250100001  N  0                       2040003 01/04/2022
01 36815555  PD104  M  POLI-OTICO GOTAS 5 CC.                      2  41600000  41600000       000  83200000       000    0    0    0    0    0         1  7591955002278        2636062       20803327   510250100001  N  0                          0092 01/07/2022
01 36815555  LP330  M  PROTOSULFIL POLVO 15 GR.                    1  65520000  65520000       000  65520000       000    0    0    0    0    0         1  7591955001509        2636063       20803427   510250100001  N  0                          0075 01/09/2022
01 36815555  LO280  M  QUINOFTAL 0,3%SO.OFT.5ML.                   2  66832723  66832723       000 133665446       000    0    0    0    0    0         1  7591196000439        2636062       20803327   510250100001  N  0                        109391 01/10/2021
01 36815555  LO459  M  QUINOMAX 0,50% S.OFT. 5ML                   2  69099261  69099261       000 138198522       000    0    0    0    0    0         1  7591196003416        2636062       20803327   510250100001  N  0                        070788 01/07/2022
01 36815555  KN370  M  ROWELUK 4MG. X30TA.MAST.                    2  87100000  87100000       000 174200000       000    0    0    0    0    0         1  7591619517285        2636062       20803327   510250100001  N  0                          0005 01/09/2021
01 36815555  KN380  M  ROWELUK 5MG. X30TA.MAST.                    2 110500000 110500000       000 221000000       000    0    0    0    0    0         1  7591619517278        2636062       20803327   510250100001  N  0                          0004 01/06/2022
02 36815555         46    3401579117           000           000    3401579117    0    0    0  000    0    0    0   27/08/2020 03:55:43 p.m.   PR           000           000             0            18
