01 36811961  LO539  M  AFLAMAX 50MG. X20TA                         3  54571538  54571538       000 163714614       000    0    0    0    0    0         1  7591196004451        2636040       20798899   510215110001  N  0                       I060365 01/06/2022
01 36811961  12640  M  AMOXICILINA DAC 500X10TA                   12  47361600  47361600       000 568339200       000    0    0    0    0    0         1  8906121690002        2636037       20798812   510215110001  N  0                          V114 01/06/2022
01 36811961  VM780  M  AMOXIVAL 250MG.PPSO 90ML.                   1 106990000 106990000       000 106990000       000    0    0    0    0    0         1  7591020000758        2636037       20798812   510215110001  N  0                           403 01/06/2022
01 36811961  VM419  M  AMOXIVAL 750MG.PPSO 70ML.                   1  83486787  83486787       000  83486787       000    0    0    0    0    0         1  7591020008082        2636037       20798812   510215110001  N  0                           150 01/03/2022
01 36811961  EL009  M  BRUGESIC 200MG. X10CO                       6  34662940  34662940       000 207977640       000    0    0    0    0    0         1  7591062902379        2636039       20798849   510215110001  N  0                        20019A 01/03/2022
01 36811961  DP026  M  CLOTRIMAZOL DP10%CR.V.7GR                   6  61144125  61144125       000 366864750       000    0    0    0    0    0         1  7592616584157        2636036       20798758   510215110001  N  0                         00331 01/03/2023
01 36811961  11248  M  CRISOMET 50-500 X10TA                       2 111439264 111439264       000 222878528       000    0    0    0    0    0         1  7591821210332        2636041       20798949   510215110001  N  0                       2002113 01/03/2022
01 36811961  TQ530  M  GLIDAN 80MG. X20TA                          2  54600000  54600000       000 109200000       000    0    0    0    0    0         1  7591955002469        2636040       20798899   510215110001  N  0                          0023 01/03/2022
01 36811961  VA619  M  HENOVIC SOL.ORAL GOTAS 30ML                 2  99209432  99209432       000 198418864       000    0    0    0    0    0         1  7592349722963        2636036       20798758   510215110001  N  0                       2004028 01/04/2022
01 36811961  AH235  M  HEXOMEDINE COLUT.AER.30GR                   1  83187000  83187000       000  83187000       000    0    0    0    0    0         1  7591044401463        2636038       20798811   510215110001  N  0                         30784 01/08/2021
01 36811961  11995  M  HIDROCORTISONA EM100 X1A.                   3  54080000  54080000       000 162240000       000    0    0    0    0    0         1   652931974167        2636036       20798758   510215110001  N  0                         ZI031 01/06/2021
01 36811961  10111  M  LERCANIDIPINA GN 10MG.X30                   1 163800000 163800000       000 163800000       000    0    0    0    0    0         1  7591585272652        2636036       20798758   510215110001  N  0                           022 01/03/2022
01 36811961  RZ340  M  LORADEX TAB. 10MG. X10                     12  29567231  29567231       000 354806772       000    0    0    0    0    0         1  7594001101383        2636040       20798899   510215110001  N  0                          5528 01/07/2023
01 36811961  12750  M  METSIGLIN 500/50 X10CO                      2 107900000 107900000       000 215800000       000    0    0    0    0    0         1  7592806134131        2636038       20798811   510215110001  N  0                        004047 01/04/2022
01 36811961  PD104  M  POLI-OTICO GOTAS 5 CC.                      2  41600000  41600000       000  83200000       000    0    0    0    0    0         1  7591955002278        2636036       20798758   510215110001  N  0                          0092 01/07/2022
01 36811961  KN370  M  ROWELUK 4MG. X30TA.MAST.                    3  87100000  87100000       000 261300000       000    0    0    0    0    0         1  7591619517285        2636039       20798849   510215110001  N  0                          0005 01/09/2021
01 36811961  VM715  M  SALBUROL SOL. P/INH.20ML.                   1  55633500  55633500       000  55633500       000    0    0    0    0    0         1  7591020001625        2636036       20798758   510215110001  N  0                           107 01/06/2022
01 36811961  MK409  M  SECNIDAZOL +MK 1GR. X 2                     3  68250000  68250000       000 204750000       000    0    0    0    0    0         1  7591519003918        2636036       20798758   510215110001  N  0                         31167 01/03/2023
02 36811961         63    3612587655           000           000    3612587655    0    0    0  000    0    0    0   21/08/2020 01:41:06 p.m.   PR           000           000             0            18
