01 36813823  CO006  M  AEROFLAT GOTAS 80MG.20ML.                   2  60733530  60733530       000 121467060       000    0    0    0    0    0         1  7591818210406        2636048       20801247   510231120001  N  0                         00182 01/05/2022
01 36813823  12960  M  ATENOLOL 100MG X100TA                       1 166023000 166023000       000 166023000       000    0    0    0    0    0         1 07460260000449        2636048       20801247   510231120001  N  0                          AT12 01/08/2022
01 36813823  GN202  M  BABILIN SOL.GOTAS 30ML.                     3  32497140  32497140       000  97491420       000    0    0    0    0    0         1  7591585117649        2636046       20800418   510231120001  N  0                           022 01/01/2022
01 36813823  PO180  M  BACTRON SUSP. 100ML.                        2  88400000  88400000       000 176800000       000    0    0    0    0    0         1  7592806122015        2636048       20801247   510231120001  N  0                        004050 01/04/2025
01 36813823  PO185  M  BACTRON TAB. X20                            2  96200000  96200000       000 192400000       000    0    0    0    0    0         1  7592806133073        2636048       20801247   510231120001  N  0                        005054 01/05/2025
01 36813823  LT031  M  BIOTALOL 5MG. X30CO                         3  75010000  75010000       000 225030000       000    0    0    0    0    0         1  7591585217165        2636046       20800418   510231120001  N  0                           106 01/04/2022
01 36813823  GT230  M  BLOKIUM COMPR. 100MG. X30                   2  53333280  53333280       000 106666560       000    0    0    0    0    0         1  7591585260055        2636048       20801247   510231120001  N  0                           218 01/05/2025
01 36813823  12570  M  BUDECORT SOL.P INHAL10ML.                   3  71212297  71212297       000 213636891       000    0    0    0    0    0         1  7591196007162        2636048       20801247   510231120001  N  0                        030642 01/06/2022
01 36813823  OJ007  N  CASTA?O DE INDIAS HP 60 CAPS                2 104650000 104650000       000 209300000       000    0    0    0    0    0         1  7592710000454        2636048       20801247   510231120001  N  0                       0122807 01/07/2023
01 36813823  FA020  M  CORAZEM CD 120MG. X10CA                     3  43089821  43089821       000 129269463       000    0    0    0    0    0         1  7592229000235        2636048       20801247   510231120001  N  0                       1810199 01/10/2020
01 36813823  PB442  M  DENCOFEN 1,16% GEL 40GR.                    2  33185901  33185901       000  66371802       000    0    0    0    0    0         1  7591309002756        2636046       20800418   510231120001  N  0                       2006009 01/06/2023
01 36813823  12036  M  DICLOFENAC S.AL50MG.X20TA                   3  38705139  38705139       000 116115417       000    0    0    0    0    0         1  7597758000527        2636048       20801247   510231120001  N  0                         DL060 01/07/2022
01 36813823  12079  M  DICLOFENAC S.AL75MG. X2A                    2  29621587  29621587       000  59243174       000    0    0    0    0    0         1       75971366        2636048       20801247   510231120001  N  0                        DG1938 01/05/2022
01 36813823  KL344  M  DORIXINA FLEX 125-5 X10CO                   2  89700000  89700000       000 179400000       000    0    0    0    0    0         1  7591619518671        2636048       20801247   510231120001  N  0                          0011 01/06/2023
01 36813823  VM214  M  DUROVAL 50MG. X1TA                         12  10296000  10296000       000 123552000       000    0    0    0    0    0         1  7591020005012        2636048       20801247   510231120001  N  0                           603 01/04/2025
01 36813823  GM169  M  ESPIRONOLACTONA MY 100X10                   2 126029830 126029830       000 252059660       000    0    0    0    0    0         1  7592601301127        2636048       20801247   510231120001  N  0                        058101 01/02/2022
01 36813823  11841  C  EVERY N.LOC CORP.MILK 200                   2  30113364  30113364       000  60226728   9636276    0    0    0    0    0         1  7590005166656        2636046       20800418   510231120001  N  0                       2007031 01/07/2022
01 36813823  KN400  M  FERGANIC FOLIC GOTAS 30ML.                  2  89700000  89700000       000 179400000       000    0    0    0    0    0         1  7591955003077        2636048       20801247   510231120001  N  0                          0066 01/05/2022
01 36813823  MK052  M  FLUCONAZOL +MK150MG. X2CA                  12  46280000  46280000       000 555360000       000    0    0    0    0    0         1  7591519001594        2636048       20801247   510231120001  N  0                         31322 01/06/2022
01 36813823  GQ379  M  GLIMEPIRIDE ELTER 4MG. X16                  2  63882000  63882000       000 127764000       000    0    0    0    0    0         1  7703763165063        2636048       20801247   510231120001  N  0                       3242986 01/03/2023
01 36813823  AH235  M  HEXOMEDINE COLUT.AER.30GR                   2  83187000  83187000       000 166374000       000    0    0    0    0    0         1  7591044401463        2636048       20801247   510231120001  N  0                         30784 01/08/2021
01 36813823  12014  M  LEVOFLOXACINA DAC500 X10                    2  85394400  85394400       000 170788800       000    0    0    0    0    0         1  8906078131436        2636048       20801247   510231120001  N  0                          T505 01/04/2022
01 36813823  RZ340  M  LORADEX TAB. 10MG. X10                      6  29567231  29567231       000 177403386       000    0    0    0    0    0         1  7594001101383        2636048       20801247   510231120001  N  0                          5528 01/07/2023
01 36813823  GN101  M  LOSARTAN P. GN 50MG. X30                   12  87802000  87802000       0001053624000       000    0    0    0    0    0         1  7591585278951        2636048       20801247   510231120001  N  0                           344 01/06/2022
01 36813823  VP720  M  NEURIBE B BLANDAS X 30                      2 111938713 111938713       000 223877426       000    0    0    0    0    0         1  7592432005300        2636046       20800418   510231120001  N  0                        200066 01/04/2023
01 36813823  LT043  M  PEGYT 75MG. X20CA                           1 105950000 105950000       000 105950000       000    0    0    0    0    0         1  7591585317018        2636048       20801247   510231120001  N  0                           041 01/07/2023
01 36813823  KL084  M  PLIDAN COMP.10-125  X10CO                   3  78000000  78000000       000 234000000       000    0    0    0    0    0         1  7591619518695        2636046       20800418   510231120001  N  0                          0005 01/06/2023
01 36813823  LN640  M  POLANTAC TAB. X30                           2 104876902 104876902       000 209753804       000    0    0    0    0    0         1  7592348227018        2636048       20801247   510231120001  N  0                       1910061 01/10/2022
01 36813823  MK355  M  PREDNISONA +MK TAB. 5 X 10                  3  28210000  28210000       000  84630000       000    0    0    0    0    0         1  7591519001037        2636048       20801247   510231120001  N  0                         31320 01/06/2025
01 36813823  11828  M  PREDNISONA CCM 5MG.X20TA                    2  39780000  39780000       000  79560000       000    0    0    0    0    0         1  7501384546816        2636048       20801247   510231120001  N  0                       1119815 01/11/2021
01 36813823  11343  M  RINARIS 5MG-60MG. X10TA                     6  36938408  36938408       000 221630448       000    0    0    0    0    0         1  7591821802322        2636048       20801247   510231120001  N  0                       2005051 01/06/2022
01 36813823  11793  M  SORKINOX 250-25 X30CO                       1 325955344 325955344       000 325955344       000    0    0    0    0    0         1  7595368012732        2636046       20800418   510231120001  N  0                         11778 01/06/2022
01 36813823  OU011  C  BIOS TONI.CAP.CAIDA 120ML                   1 112671000 112671000       000 112671000  18027360    0    0    0    0    0         2  7595481000050        2636048       20801247   510231120002  N  0                        180127 01/01/2021
01 36813823  ZK010  C  PILA PK LITIO CR2032 3VX5                   1  52575952  52575952       000  52575952   8412152    0    0    0    0    0         2  6949917430002        2636046       20800418   510231120002  N  0                           10X 01/01/2030
01 36813823  ZK004  C  PILA PKC ALC AAA 1.5V X2                    3  26287976  26287976       000  78863928  12618228    0    0    0    0    0         2  6942449511911        2636046       20800418   510231120002  N  0                           10X 01/10/2030
01 36813823  GQ730  M  AMBROXOL ELTER30MG.AD120                    3  62387000  62387000       000 187161000       000    0    0    0    0    0         3  7592454120302        2636048       20801247   510231120003  N  0                       3246628 01/05/2022
01 36813823  10614  N  CITRATO POTASIO10%FSI240                    3  52026000  52026000       000 156078000       000    0    0    0    0    0         3  7592368003456        2636046       20800418   510231120003  N  0                       0820050 01/08/2021
01 36813823  10615  N  CITRATO POTASIO10,8%FS240                   3  53157000  53157000       000 159471000       000    0    0    0    0    0         3  7592368003449        2636046       20800418   510231120003  N  0                       0720036 01/07/2021
01 36813823  PD280  M  CLENBUNAL JBE. PED. 120 CC.                 2  70200000  70200000       000 140400000       000    0    0    0    0    0         3  7591955000113        2636046       20800418   510231120003  N  0                          0070 01/05/2024
01 36813823  CO380  M  CLORACE JBE.PED. 120ML.                     2  57359770  57359770       000 114719540       000    0    0    0    0    0         3  7591818112069        2636048       20801247   510231120003  N  0                         00044 01/02/2024
01 36813823  LP690  M  FERGANIC GOTAS 15ML.                        2  84500000  84500000       000 169000000       000    0    0    0    0    0         3  7591955001271        2636048       20801247   510231120003  N  0                          0069 01/09/2021
02 36813823        126    7277727195     304337608      48694017    7630758820    0    0    0  000    0    0    0   25/08/2020 02:58:26 p.m.   PR           000           000             0            41
