01 36815041  PO115  M  ALGOREN 10MG. X20TA                         2  63700000  63700000       000 127400000       000    0    0    0    0    0         1  7592806133011        2636059       20802365   510239460001  N  0                        002016 01/02/2025
01 36815041  GT119  M  ASAPROL 81MG. X100CO                       11  96525000  96525000       0001061775000       000    0    0    0    0    0         1  7591585261236        2636053       20801994   510239460001  N  0                           129 01/07/2022
01 36815041  GT119  M  ASAPROL 81MG. X100CO                       12  96525000  96525000       0001158300000       000    0    0    0    0    0         1  7591585261236        2636052       20801994   510239460001  N  0                           129 01/07/2022
01 36815041  VP041  M  ATOVAROL 40MG. X30CA                        1 334843456 334843456       000 334843456       000    0    0    0    0    0         1  7592432900155        2636059       20802365   510239460001  N  0                        200118 01/06/2022
01 36815041  PD714  M  BUMELEX 1MG. X16CO                          2  54600000  54600000       000 109200000       000    0    0    0    0    0         1  7591955000991        2636054       20802113   510239460001  N  0                          0047 01/01/2022
01 36815041  QM200  M  BUMETIN RETARD300MG.X20TA                   1 145912000 145912000       000 145912000       000    0    0    0    0    0         1  7703763861002        2636054       20802113   510239460001  N  0                       3248386 01/06/2022
01 36815041  NP099  N  CALCIBON NATAL FORTE 30TAB.                 3 180980264 180980264       000 542940792  86870527    0    0    0    0    0         1  7591821102071        2636058       20802260   510239460001  N  0                       2004091 01/05/2022
01 36815041  12587  M  CEFADROXILO KMP 500MGX10T                   6 126750000 126750000       000 760500000       000    0    0    0    0    0         1  6921875010786        2636055       20802114   510239460001  N  0                       2004425 01/04/2023
01 36815041  11288  M  COLYPAN 200MG. X10TA                        6  63178896  63178896       000 379073376       000    0    0    0    0    0         1  7591821210264        2636054       20802113   510239460001  N  0                       2005066 01/06/2023
01 36815041  QM490  M  DICIGEL SUSP. 240ML.                        1 154843000 154843000       000 154843000       000    0    0    0    0    0         1  7592454889216        2636058       20802260   510239460001  N  0                       3246931 01/05/2022
01 36815041  VF006  C  DUREX SENSI.ULT.DELG. X3                    3  35454575  35454575       000 106363725  17018196    0    0    0    0    0         1  5052197008555        2636059       20802365   510239460001  N  0                    1000365538 01/12/2022
01 36815041  LO810  M  FISIOLIN GOTAS PED. 15ML.                   2  55510731  55510731       000 111021462       000    0    0    0    0    0         1  7591196002198        2636052       20801994   510239460001  N  0                       I020849 01/03/2023
01 36815041  VC215  M  FUGOLIN CR. 20 GR.                          3  54437500  54437500       000 163312500       000    0    0    0    0    0         1  7592782000130        2636058       20802260   510239460001  N  0                       2070008 01/07/2022
01 36815041  VC002  M  FUGOLIN SOL.TOPICA 1% 30ML.                 2  51593750  51593750       000 103187500       000    0    0    0    0    0         1  7592782000680        2636058       20802260   510239460001  N  0                       2050004 01/05/2022
01 36815041  CO200  M  IPALAT 1% SOL.TOP. 20ML.                    2  50455600  50455600       000 100911200       000    0    0    0    0    0         1  7591818111048        2636058       20802260   510239460001  N  0                         80421 01/07/2023
01 36815041  CO310  M  IPALAT CREMA 20 GR.                         6  65405340  65405340       000 392432040       000    0    0    0    0    0         1  7591818114001        2636058       20802260   510239460001  N  0                         00219 01/05/2024
01 36815041  LN165  M  MADECASSOL 2% POLVO 5GR.                    1 104950963 104950963       000 104950963       000    0    0    0    0    0         1  7592348218108        2636055       20802114   510239460001  N  0                       2005024 01/05/2025
01 36815041  PA051  M  PROPRANOLOL PA 10MG.X20TA                   2  66154192  66154192       000 132308384       000    0    0    0    0    0         1  7591243843064        2636059       20802365   510239460001  N  0                       9200602 01/02/2023
01 36815041  EL374  M  TACHIPIRIN FORTE SUSP.120                   2  45406140  45406140       000  90812280       000    0    0    0    0    0         1  7591062017301        2636059       20802365   510239460001  N  0                        20034A 01/05/2023
01 36815041  LO215  M  TOBRASOL SOL.OFT. 5ML.                      3  71900512  71900512       000 215701536       000    0    0    0    0    0         1  7591196000491        2636057       20802152   510239460001  N  0                       I129381 01/01/2022
01 36815041  LO169  M  TODENAC SOL.OFT. 5ML.                       2  75067391  75067391       000 150134782       000    0    0    0    0    0         1  7591196002761        2636057       20802152   510239460001  N  0                        070544 01/07/2022
01 36815041  ED379  M  VIZERUL 150MG. JBE.120ML.                   1 124800000 124800000       000 124800000       000    0    0    0    0    0         1  7592803002389        2636058       20802260   510239460001  N  0                       2004369 01/05/2022
01 36815041  ET340  C  ADEMINA PLUS CR.CORP. 30GR.                 6  40095250  40095250       000 240571500  38491440    0    0    0    0    0         2  7591844000439        2636059       20802365   510239460002  N  0                    AP30200108 01/04/2023
01 36815041  11604  C  COLONIA AMY BEBES 100CC.                    3  17929326  17929326       000  53787978   8606076    0    0    0    0    0         2  7591061403242        2636052       20801994   510239460002  N  0                      20201082 01/02/2022
01 36815041  RQ016  C  COLONIA CHICHI BABY 200CC                   2  41349173  41349173       000  82698346  13231735    0    0    0    0    0         2  7596097006740        2636052       20801994   510239460002  N  0                   03518071220 01/12/2023
01 36815041  12329  C  LACTACYD JAB. LIQ 200ML                     1 123240000 123240000       000 123240000  19718400    0    0    0    0    0         2  7891058018634        2636054       20802113   510239460002  N  0                      9RA03382 01/04/2021
01 36815041  ZK012  C  PILA PK LITIO CR2016 3VX5                   2  52575952  52575952       000 105151904  16824305    0    0    0    0    0         2  6949917429983        2636056       20802141   510239460002  N  0                           10X 01/01/2030
01 36815041  ZK011  C  PILA PK LITIO CR2025 3VX5                   1  52575952  52575952       000  52575952   8412152    0    0    0    0    0         2  6949917429990        2636056       20802141   510239460002  N  0                           10X 01/01/2030
01 36815041  ZK010  C  PILA PK LITIO CR2032 3VX5                   1  52575952  52575952       000  52575952   8412152    0    0    0    0    0         2  6949917430002        2636056       20802141   510239460002  N  0                           10X 01/01/2030
01 36815041  11260  M  PEDIACORT SOL.PED. 60ML.                    2 121331666 121331666       000 242663332       000    0    0    0    0    0         3  7591196006097        2636053       20802019   510239460003  N  0                        030701 01/04/2023
02 36815041         92    6707023603     816965357     217584984    7741573944    0    0    0  000    0    0    0   26/08/2020 07:39:29 p.m.   PR           000           000             0            29
