01 36823719  MK106  M  AMLODIPINA +MK10MG. X30TA                   6  99034650 110038500  66023100 594207900       000    0    0   10    0    0         1  7591519001648        2636140       20815553   510329470001  N  0                         31203 01/03/2022
01 36823719  VP041  M  ATOVAROL 40MG. X30CA                        1 334843456 334843456       000 334843456       000    0    0    0    0    0         1  7592432900155        2636140       20815553   510329470001  N  0                        200118 01/06/2022
01 36823719  PA275  M  BETAGEN SOLSPEN 1ML.1AMP.                   6  80856471  80856471       000 485138826       000    0    0    0    0    0         1  7591243804409        2636140       20815553   510329470001  N  0                         91877 01/11/2021
01 36823719  PA874  M  DI EUDRIN 12,5MG. X24TA                    12  59194619  59194619       000 710335428       000    0    0    0    0    0         1  7591243812374        2636140       20815553   510329470001  N  0                       9198701 01/05/2023
01 36823719  PD109  M  FERGANIC FOLIC TM X20                       6  91000000  91000000       000 546000000       000    0    0    0    0    0         1  7591955002797        2636141       20815900   510329470001  N  0                          0284 01/10/2021
01 36823719  11423  M  HIDROCLOROTI GN12,5 X30CO                   3  56570800  56570800       000 169712400       000    0    0    0    0    0         1  7591585172686        2636141       20815900   510329470001  N  0                           012 01/07/2022
01 36823719  BQ230  M  LANCERAN GOTAS PED. 30ML.                   3  40056250  40056250       000 120168750       000    0    0    0    0    0         1  7594000850220        2636139       20815474   510329470001  N  0                        200202 01/02/2023
01 36823719  AH295  M  LASIX 20MG. X24CO                           1  72235800  80262000   8026200  72235800       000    0    0   10    0    0         1  7592205000037        2636140       20815553   510329470001  N  0                       8VE0093 01/09/2021
01 36823719  11441  M  LOSARTAN P.100MG.X10ELTER                   3  65780000  65780000       000 197340000       000    0    0    0    0    0         1  7592454891165        2636139       20815474   510329470001  N  0                       3252115 01/08/2022
01 36823719  11794  M  MEZHITIN 10MG. X50CO                        2 357561597 357561597       000 715123194       000    0    0    0    0    0         1  7595368000050        2636139       20815474   510329470001  N  0                         11972 01/07/2022
01 36823719  NP024  M  NOTOLAC 20MG. X10TA                         2  80244613  80244613       000 160489226       000    0    0    0    0    0         1  7591821902022        2636141       20815900   510329470001  N  0                       2005187 01/06/2023
01 36823719  GN639  M  OMEPRAZOL GN 20MG. X8CA                    12  51285000  51285000       000 615420000       000    0    0    0    0    0         1  7591585573810        2636139       20815474   510329470001  N  0                           503 01/05/2022
01 36823719  EH460  M  SERTRALINA VP 50MG. X10TA                   6  44335200  44335200       000 266011200       000    0    0    0    0    0         1  7703153018757        2636141       20815900   510329470001  N  0                       1240793 01/03/2021
01 36823719  LT439  M  TEKRON 200MG. X30CO                         2 267696000 267696000       000 535392000       000    0    0    0    0    0         1  7591585218568        2636140       20815553   510329470001  N  0                           177 01/06/2022
01 36823719  PA949  M  TONUM 10MG. X30TA                           3  78991361  78991361       000 236974083       000    0    0    0    0    0         1  7591243851106        2636139       20815474   510329470001  N  0                       9184602 01/07/2023
01 36823719  LT056  M  ULGARIN 20MG. X28CA                         2 162604000 162604000       000 325208000       000    0    0    0    0    0         1  7591585319609        2636140       20815553   510329470001  N  0                           037 01/07/2022
01 36823719  GQ844  M  VALSARTAN ELTER80MG.X14TA                   5  99268000  99268000       000 496340000       000    0    0    0    0    0         1  7703763341078        2636140       20815553   510329470001  N  0                       3250052 01/07/2022
01 36823719  GN191  M  VALSARTAN GN 80MG. X30CA                    2 170040000 170040000       000 340080000       000    0    0    0    0    0         1  7591585275875        2636140       20815553   510329470001  N  0                           186 01/08/2022
01 36823719  MK339  M  VIAJESAN 50MG. X10TA                       12  41184000  45760000  54912000 494208000       000    0    0   10    0    0         1   769229220612        2636140       20815553   510329470001  N  0                        491218 01/12/2021
01 36823719  12086  M  VIT E VP 400MG. X15CA.BLA                   3 133109703 133109703       000 399329109       000    0    0    0    0    0         1  7592432901428        2636140       20815553   510329470001  N  0                        200119 01/05/2023
01 36823719  VP400  M  VIT E VP 400MG. X30CA.BLA                   1 247835036 247835036       000 247835036       000    0    0    0    0    0         1  7592432005478        2636140       20815553   510329470001  N  0                        200041 01/02/2023
01 36823719  PD990  M  FERGANIC FOLIC JBE. 120CC.                  2 117000000 117000000       000 234000000       000    0    0    0    0    0         2  7591955002803        2636139       20815474   510329470002  N  0                          0102 01/02/2023
01 36823719  11260  M  PEDIACORT SOL.PED. 60ML.                    3 121331666 121331666       000 363994998       000    0    0    0    0    0         2  7591196006097        2636139       20815474   510329470002  N  0                        030701 01/04/2023
02 36823719         98    8660387406           000           000    8660387406    0    0    0  000    0    0    0   09/09/2020 03:30:43 p.m.   PR           000           000             0            23
