01 36825448  12193  M  AZITROMICINA AL200 22,5ML                   2 109918435 109918435       000 219836870       000    0    0    0    0    0         1  7597758000152        2636155       20818102   510349270001  N  0                         DL073 01/08/2022
01 36825448  12138  M  AZITROMICINA BM200 PPSO15                   2 104000000 104000000       000 208000000       000    0    0    0    0    0         1  6930169708346        2636155       20818102   510349270001  N  0                        190564 01/04/2022
01 36825448  VF006  C  DUREX SENSI.ULT.DELG. X3                    3  35454575  35454575       000 106363725  17018196    0    0    0    0    0         1  5052197008555        2636154       20817960   510349270001  N  0                    1000365538 01/12/2022
01 36825448  CO240  M  EUSILEN 4MG. X8CO                           1 133925220 133925220       000 133925220       000    0    0    0    0    0         1  7591818116005        2636154       20817960   510349270001  N  0                         00025 01/02/2025
01 36825448  FA019  M  FITEX  5MG. X30TA                           3 127314786 127314786       000 381944358       000    0    0    0    0    0         1  7591821904316        2636154       20817960   510349270001  N  0                       2003970 01/05/2022
01 36825448  AP910  M  KAPET 75MG. X14TA                           3 109850000 109850000       000 329550000       000    0    0    0    0    0         1  7592601201137        2636154       20817960   510349270001  N  0                        932310 01/01/2022
01 36825448  VP720  M  NEURIBE B BLANDAS X 30                      2 111938713 111938713       000 223877426       000    0    0    0    0    0         1  7592432005300        2636154       20817960   510349270001  N  0                        200066 01/04/2023
01 36825448  11620  M  OXACILINA AL1GR. X10AMP.                    1 516064003 516064003       000 516064003       000    0    0    0    0    0         1  7597758000039        2636154       20817960   510349270001  N  0                         D1916 01/07/2021
01 36825448  RZ350  M  SECNIDEX 500MG. X4TA                       12  43580726  43580726       000 522968712       000    0    0    0    0    0         1  7594001101475        2636154       20817960   510349270001  N  0                          5588 01/07/2022
01 36825448  11090  M  VASSLUTEN 150MG. X30TA                      1 184122526 184122526       000 184122526       000    0    0    0    0    0         1  7406076101727        2636154       20817960   510349270001  N  0                        A20046 01/01/2023
01 36825448  AP440  M  PLEXAMIN JBE. 120ML.                        3  88108855  88108855       000 264326565       000    0    0    0    0    0         2  7592601200413        2636155       20818102   510349270002  N  0                        016602 01/01/2022
02 36825448         33    2984615680     106363725      17018196    3107997601    0    0    0  000    0    0    0   11/09/2020 03:23:17 p.m.   PR           000           000             0            11
