01 36829059  PA385  M  BETADERM  C/GENT. CR.15GR                   3  81312002  81312002       000 243936006       000    0    0    0    0    0         1  7591243804041        2636175       20823128   510380120001  N  0                       9210202 01/07/2022
01 36829059  LT031  M  BIOTALOL 5MG. X30CO                        12 114140000 114140000       0001369680000       000    0    0    0    0    0         1  7591585217165        2636176       20823188   510380120001  N  0                           107 01/07/2022
01 36829059  CO265  M  CLORACE 500MG/4MG X10TA                    12  49443030  49443030       000 593316360       000    0    0    0    0    0         1  7591818116043        2636176       20823188   510380120001  N  0                         00171 01/04/2022
01 36829059  LT038  M  COVENTROL 6,25MG. X30CO                     6  97584500  97584500       000 585507000       000    0    0    0    0    0         1  7591585265630        2636175       20823128   510380120001  N  0                           120 01/04/2022
01 36829059  GN146  M  ENALAPRIL GN 20MG. X30CO                   12  73190000  73190000       000 878280000       000    0    0    0    0    0         1  7591585378538        2636175       20823128   510380120001  N  0                           411 01/07/2023
01 36829059  13211  M  IVAGAN DIS 650/1/40 25X4T                   1 586044235 586044235       000 586044235       000    0    0    0    0    0         1  7591243826814        2636176       20823188   510380120001  N  0                         91998 01/07/2022
01 36829059  AP910  M  KAPET 75MG. X14TA                           6 120835000 120835000       000 725010000       000    0    0    0    0    0         1  7592601201137        2636175       20823128   510380120001  N  0                        932310 01/01/2022
01 36829059  11351  M  MADECASSOL 1% UNG. 10GR.                    1 114999847 114999847       000 114999847       000    0    0    0    0    0         1  7592348413824        2636175       20823128   510380120001  N  0                       1807018 01/07/2023
01 36829059  LN165  M  MADECASSOL 2% POLVO 5GR.                    2 133098995 133098995       000 266197990       000    0    0    0    0    0         1  7592348218108        2636175       20823128   510380120001  N  0                       2005024 01/05/2025
01 36829059  KL037  M  MARTESIA 150MG. X14CA                       1 169000000 169000000       000 169000000       000    0    0    0    0    0         1  7591619520490        2636175       20823128   510380120001  N  0                          0002 01/08/2022
01 36829059  FA514  M  NEURIXA 75MG. X14CA                         3 112422564 112422564       000 337267692       000    0    0    0    0    0         1  7591821903616        2636175       20823128   510380120001  N  0                       2002749 01/03/2022
01 36829059  KV007  N  TERATOSIL MIEL JBE.120ML.                   2  72707625  72707625       000 145415250       000    0    0    0    0    0         1  7591821802551        2636175       20823128   510380120001  N  0                       2005163 01/06/2023
01 36829059  PD124  M  TRIDETARMON CR. 15GR.                       2  87100000  87100000       000 174200000       000    0    0    0    0    0         1  7591955000762        2636175       20823128   510380120001  N  0                          0077 01/07/2022
01 36829059  CO380  M  CLORACE JBE.PED. 120ML.                     2  83286320  83286320       000 166572640       000    0    0    0    0    0         2  7591818112069        2636176       20823188   510380120002  N  0                         00044 01/02/2024
02 36829059         65    6355427020           000           000    6355427020    0    0    0  000    0    0    0   17/09/2020 06:46:36 p.m.   PR           000           000             0            14
