01 36835072  11575  C  AFEIT. APEX  REVO 3H X2                     2  21320000  21320000       000  42640000   6822400    0    0    0    0    0         1  7595751002586       20832710       20832710   510441620001  N  0                           10X 01/12/2030
01 36835072  12229  C  AGUA OX. PAS 3% V10 120ML                   6  23088000  23088000       000 138528000  22164480    0    0    0    0    0         1  7593723002602       20832345       20832345   510441620001  N  0                       2008233 01/08/2023
01 36835072  AL120  C  ALGODON ALVE 10 GR.                         3  12433590  12433590       000  37300770   5968123    0    0    0    0    0         1  7591442000046        2636217       20832342   510441620001  N  0                        032020 01/03/2025
01 36835072  AL125  C  ALGODON ALVE 25 GR.                         3  24326510  24326510       000  72979530  11676725    0    0    0    0    0         1  7591442000053        2636217       20832342   510441620001  N  0                        MA2020 01/05/2025
01 36835072  11809  M  ARASENS 2% UNG.TOP. 50GR.                   1 150146965 150146965       000 150146965       000    0    0    0    0    0         1  7591585112903       20832345       20832345   510441620001  N  0                           001 01/08/2021
01 36835072  MO003  M  BROLAT 5-30 SO.ORAL 60ML.                   1  99076250  99076250       000  99076250       000    0    0    0    0    0         1  7592601301585       20832600       20832600   510441620001  N  0                        035601 01/05/2022
01 36835072  11959  C  BRUCEN ENJ.BUCAL CMINT250                   1  72920120  72920120       000  72920120  11667219    0    0    0    0    0         1  7592090001454       20832600       20832600   510441620001  N  0                        200659 01/06/2023
01 36835072  11958  C  BRUCEN ENJ.BUCAL HBUEN250                   1  72920120  72920120       000  72920120  11667219    0    0    0    0    0         1  7592090001461       20832600       20832600   510441620001  N  0                        200658 01/07/2023
01 36835072  10388  C  CEP DENT GALA INFI MED.12                   1 204672000 204672000       000 204672000  32747520    0    0    0    0    0         1 17595751000862       20832600       20832600   510441620001  N  0                           10X 01/01/2030
01 36835072  12049  C  CERA DEPIL PROFES 100GR.                    1 188937580 188937580       000 188937580  30230013    0    0    0    0    0         1  8414719407234       20832600       20832600   510441620001  N  0                         38360 01/07/2022
01 36835072  11560  N  COLAGENO+VIT.C AI400.60CA                   1 189901920 189901920       000 189901920       000    0    0    0    0    0         1  7592946169697       20832710       20832710   510441620001  N  0                      11209697 01/07/2022
01 36835072  PA176  M  DECA LENTERMINA C. X2AMP.                   3 120086976 120086976       000 360260928       000    0    0    0    0    0         1  7591243811445       20832345       20832345   510441620001  N  0                       9195102 01/05/2022
01 36835072  PB245  M  DENCORUB GEL 40 GR.                         2  67546561  67546561       000 135093122       000    0    0    0    0    0         1  7591309010416       20832345       20832345   510441620001  N  0                       2006008 01/06/2022
01 36835072  13024  C  EVERY N. CH SECO DA 350ML                   2  54094427  54094427       000 108188854  17310217    0    0    0    0    0         1  7590005226015       20832600       20832600   510441620001  N  0                       2007115 01/07/2022
01 36835072  12620  C  EVERY N. GEL FIJ FRES100G                   2  20241144  20241144       000  40482288   6477166    0    0    0    0    0         1  7590005168186       20832600       20832600   510441620001  N  0                   PS2008227S1 01/08/2022
01 36835072  KN400  M  FERGANIC FOLIC GOTAS 30ML.                  2  89700000  89700000       000 179400000       000    0    0    0    0    0         1  7591955003077       20832345       20832345   510441620001  N  0                          0066 01/05/2022
01 36835072  11561  N  GLUCOSAMINA AI500MG.X60CA                   1 222179880 222179880       000 222179880       000    0    0    0    0    0         1  7592946169758       20832600       20832600   510441620001  N  0                      15209758 01/09/2022
01 36835072  VA619  M  HENOVIC SOL.ORAL GOTAS 30ML                 2 133689403 133689403       000 267378806       000    0    0    0    0    0         1  7592349722963       20832644       20832644   510441620001  N  0                       2004028 01/04/2022
01 36835072  LO003  M  IPORET SUSP.PED. 60ML.                      3  69594598  69594598       000 208783794       000    0    0    0    0    0         1  7591196004253       20832644       20832644   510441620001  N  0                       I020838 01/05/2022
01 36835072  NP069  N  KID CAL T.FRUTTI 180CC.                     2 156000000 156000000       000 312000000  49920000    0    0    0    0    0         1  7591821102026       20832644       20832644   510441620001  N  0                       2007452 01/08/2022
01 36835072  11163  M  LEVOFERIN SOL.ORAL 90ML.                    6  64593750  64593750       000 387562500       000    0    0    0    0    0         1  7592782000741       20832600       20832600   510441620001  N  0                       2060008 01/06/2023
01 36835072  AH335  M  MAALOX SUSP.MENTA 180ML.                    1 222144000 222144000       000 222144000       000    0    0    0    0    0         1  7501072325396       20832644       20832644   510441620001  N  0                       AMXA001 01/04/2022
01 36835072  OJ012  N  MACA HP CAPS. 500MG. X60                    1  83542105  83542105       000  83542105       000    0    0    0    0    0         1  7592710000720       20832644       20832644   510441620001  N  0                       0392206 01/06/2023
01 36835072  12852  C  MASCARILLA FAC ANT-ED15ML                   2  80085863  80085863       000 160171726  25627476    0    0    0    0    0         1  7596211001101       20832644       20832644   510441620001  N  0                        200556 01/06/2023
01 36835072  12979  M  METRONIDAZOL 500MG X100T                    1 294450000 294450000       000 294450000       000    0    0    0    0    0         1  6937874105453       20832644       20832644   510441620001  N  0                       D190660 01/05/2022
01 36835072  LC170  M  MONOSULPA GOTAS 15 CC.                      3  61669483  61669483       000 185008449       000    0    0    0    0    0         1  7591585110923       20832644       20832644   510441620001  N  0                           192 01/05/2022
01 36835072  12508  C  MUM DERMIS D BOL 60GR                       6  34498684  34498684       000 206992104  33118737    0    0    0    0    0         1       75070335       20832644       20832644   510441620001  N  0                           112 01/01/2030
01 36835072  12302  M  NISTATINA 100,00 IU X30ML                   1 148200000 148200000       000 148200000       000    0    0    0    0    0         1 18906101702272       20832710       20832710   510441620001  N  0                          9019 01/04/2022
01 36835072  11563  N  OMEGA 369 AI 1000MG.X60CA                   1 243160632 243160632       000 243160632       000    0    0    0    0    0         1  7592946169659       20832710       20832710   510441620001  N  0                      10209659 01/08/2022
01 36835072  13089  M  OXITETRACICLINA OFTX6GR                     1 233987000 233987000       000 233987000       000    0    0    0    0    0         1  7597446000044       20832710       20832710   510441620001  N  0                         11139 01/11/2022
01 36835072  CO125  M  PINVEX SOL.TOP.BUCAL 10ML                   2  58304220  58304220       000 116608440       000    0    0    0    0    0         1  7591818111055        2636218       20832410   510441620001  N  0                         90126 01/06/2024
01 36835072  12023  A  RESTAURAFLOR SUSP. 10ML.                    6  29900000  29900000       000 179400000  28704000    0    0    0    0    0         1     7591970321       20832710       20832710   510441620001  N  0                     202009011 01/09/2021
01 36835072  VC004  M  SOLUNOVAR COMP.SOL. 30ML.                   2  49562500  49562500       000  99125000       000    0    0    0    0    0         1  7592782000598        2636218       20832410   510441620001  N  0                       2070018 01/07/2022
01 36835072  13286  M  TENOREN 100MG X30TAB                        6  58500000  58500000       000 351000000       000    0    0    0    0    0         1  7598055000562       20832710       20832710   510441620001  N  0                         KK076 01/01/2025
01 36835072  LQ160  N  VENASPLANT CAPS. X30                        1 307278548 307278548       000 307278548       000    0    0    0    0    0         1  7592307001437       20832710       20832710   510441620001  N  0                      02030720 01/07/2022
01 36835072  VY024  C  VENDA DE YESO GYPSONA 4X3                   2  71026279  71026279       000 142052558  22728409    0    0    0    0    0         1  7594001560036       20832710       20832710   510441620001  N  0                          7740 01/07/2024
01 36835072  VY026  C  VENDA DE YESO GYPSONA 6X3                   2 106539417 106539417       000 213078834  34092613    0    0    0    0    0         1  7594001560043       20832710       20832710   510441620001  N  0                          7651 01/06/2021
01 36835072  VY027  C  VENDA DE YESO GYPSONA 8X3                   2 142207805 142207805       000 284415610  45506498    0    0    0    0    0         1  7594001560050       20832710       20832710   510441620001  N  0                          7740 01/07/2024
01 36835072  PA226  M  YONAL 15MG. JBE. 120ML.                     6  68665405  68665405       000 411992430       000    0    0    0    0    0         1  7591243856705       20832710       20832710   510441620001  N  0                       9214182 01/08/2023
01 36835072  11576  C  AFEIT. APEX  LEVEL 4H X2                    2  44239000  44239000       000  88478000  14156480    0    0    0    0    0         2  7595751002609       20832710       20832710   510441620002  N  0                           10X 01/12/2030
01 36835072  12827  M  ALBENDAZOL PX 200MG X2TA                   12  30542785  30542785       000 366513420       000    0    0    0    0    0         2  7594001100263       20832345       20832345   510441620002  N  0                          5628 01/02/2022
01 36835072  12826  M  ALBENDAZOL PX 400MG X10ML                  12  44069528  44069528       000 528834336       000    0    0    0    0    0         2  7594001100294       20832345       20832345   510441620002  N  0                          5607 01/08/2022
01 36835072  13283  M  ANLEPTIC SUSP 100/5ML 100                   2 111150000 111150000       000 222300000       000    0    0    0    0    0         2  8940001255738       20832345       20832345   510441620002  N  0                       0801497 01/01/2023
01 36835072  VA012  M  ANTIFOM 40MG. X10CO                         3 112939089 112939089       000 338817267       000    0    0    0    0    0         2  7592349722925       20832345       20832345   510441620002  N  0                       2008016 01/08/2022
01 36835072  VC310  M  BEVINDAZOL400 SUSP.10ML                     6  55575000  61750000  37050000 333450000       000    0   10    0    0    0         2  7592782000055       20832600       20832600   510441620002  N  0                       2070007 01/07/2022
01 36835072  GN176  M  CARBAMAZEPINA GN 200X30CO                   8 107056950 107056950       000 856455600       000    0    0    0    0    0         2  7591585278265        2636219       20832456   510441620002  N  0                           298 01/08/2025
01 36835072  PA024  M  COLGESIC 400MG/4MG. X15CO                   6 117294856 117294856       000 703769136       000    0    0    0    0    0         2  7591243810028       20832600       20832600   510441620002  N  0                       9208803 01/03/2022
01 36835072  12926  M  DICLOFENAC S. 100MGX10SUP                   1 255939126 255939126       000 255939126       000    0    0    0    0    0         2  7597758000633        2636215       20832180   510441620002  N  0                      K1ABG010 01/05/2023
01 36835072  12621  C  EVERY N. GEL FIJ STRON100                   2  18561343  18561343       000  37122686   5939630    0    0    0    0    0         2  7590005168193       20832600       20832600   510441620002  N  0                       2008144 01/08/2022
01 36835072  13085  M  FLAVOXATO CLO 200MG X10TA                   3 121056000 121056000       000 363168000       000    0    0    0    0    0         2  7703763671984        2636216       20832281   510441620002  N  0                       3248756 01/06/2022
01 36835072  MG604  M  FULGRAM SUSP. 600/42,9 60CC                 2 200881200 200881200       000 401762400       000    0    0    0    0    0         2  7591585113139       20832345       20832345   510441620002  N  0                           315 01/05/2022
01 36835072  LT046  M  GENLET 200MG. X20CO                         1 244335000 244335000       000 244335000       000    0    0    0    0    0         2  7591585110183        2636216       20832281   510441620002  N  0                           042 01/06/2022
01 36835072  PA814  M  IVAGAN FORTE TAB. X10                       3  64188051  64188051       000 192564153       000    0    0    0    0    0         2  7591243826777       20832644       20832644   510441620002  N  0                       9191701 01/05/2022
01 36835072  11623  M  LOSARTAN P. AL50MG. X30TA                  12 115973237 115973237       0001391678844       000    0    0    0    0    0         2  7597758000138       20832600       20832600   510441620002  N  0                         DL077 01/11/2022
01 36835072  GQ424  M  LOSARTAN P.ELTER 50 X14TA                   6  67249000  67249000       000 403494000       000    0    0    0    0    0         2  7703763190034       20832600       20832600   510441620002  N  0                       3252114 01/08/2022
01 36835072  RL110  M  MENTOL DAVIS X12 1 ONZA                     1 736844874 736844874       000 736844874       000    0    0    0    0    0         2 17594001560385       20832644       20832644   510441620002  N  0                          3767 01/02/2022
01 36835072  12930  M  METRONIDAZOL 500MG X10OVU                   1 255939126 255939126       000 255939126       000    0    0    0    0    0         2  7597758000671       20832644       20832644   510441620002  N  0                      K1ADU002 01/05/2022
01 36835072  DP475  M  METRONIDAZOL DP125 120ML.                   6  74783829  74783829       000 448702974       000    0    0    0    0    0         2  7592616382012       20832644       20832644   510441620002  N  0                         00449 01/06/2022
01 36835072  EL080  M  MYCOFENTIN 2% CR.VAG.40GR                  12 228638800 228638800       0002743665600       000    0    0    0    0    0         2  7591062010012       20832644       20832644   510441620002  N  0                        20094A 01/08/2023
01 36835072  LT065  M  SITAGLISMET 50-500 X30CO                    4 424774350 424774350       0001699097400       000    0    0    0    0    0         2  7591585118066       20832710       20832710   510441620002  N  0                           071 01/08/2022
01 36835072  LT065  M  SITAGLISMET 50-500 X30CO                    1 424774350 424774350       000 424774350       000    0    0    0    0    0         2  7591585118066        2636217       20832342   510441620002  N  0                           071 01/08/2022
01 36835072  PA053  M  TAMOA COMPR.MAST. 250MG. X6                 6  87951859  87951859       000 527711154       000    0    0    0    0    0         2  7591243849622       20832710       20832710   510441620002  N  0                         92019 01/04/2022
01 36835072  12914  M  TOMYCIN-D SOL. OF 5ML                       3  70200000  70200000       000 210600000       000    0    0    0    0    0         2  7598055000104       20832710       20832710   510441620002  N  0                           107 01/02/2022
01 36835072  10904  N  VENOSAN AI 300MG. X90CA                     2 145250820 145250820       000 290501640       000    0    0    0    0    0         2  7592946000068       20832710       20832710   510441620002  N  0                      12200068 01/09/2022
01 36835072  EL685  M  ALBICAR 200MG X2TA                         12  30828169  30828169       000 369938028       000    0    0    0    0    0         3  7591062010036       20832345       20832345   510441620003  N  0                        20080B 01/07/2023
01 36835072  PO280  M  AMIKACINA PO500 2ML.1AMP.                   2  74100000  74100000       000 148200000       000    0    0    0    0    0         3  7592806112030        2636216       20832281   510441620003  N  0                        002014 01/02/2023
01 36835072  13133  M  ANTAAR +MK 10MG X10T                        3  92664000 102960000  30888000 277992000       000    0    0   10    0    0         3  7591519317732       20832345       20832345   510441620003  N  0                         31372 01/07/2022
01 36835072  12960  M  ATENOLOL 100MG X100TA                       1 193050000 193050000       000 193050000       000    0    0    0    0    0         3 07460260000449       20832345       20832345   510441620003  N  0                          AT12 01/08/2022
01 36835072  GN176  M  CARBAMAZEPINA GN 200X30CO                  16 107056950 107056950       0001712911200       000    0    0    0    0    0         3  7591585278265        2636219       20832456   510441620003  N  0                           298 01/08/2025
01 36835072  12025  M  CEFADROXILO DAC500 X10TA                    6 125580000 125580000       000 753480000       000    0    0    0    0    0         3  8906121690033       20832600       20832600   510441620003  N  0                          V116 01/06/2022
01 36835072  11434  M  ENALAPRIL PX 20MG. X30TA                   12  72001656  72001656       000 864019872       000    0    0    0    0    0         3  7594001101222       20832600       20832600   510441620003  N  0                          5603 01/02/2022
01 36835072  VM002  M  HISTALER 5MG. X30TA                         6  55734507  55734507       000 334407042       000    0    0    0    0    0         3  7591020008532       20832644       20832644   510441620003  N  0                            29 01/01/2022
01 36835072  VA551  M  KETAZOL 20MG. CREMA 15GR.                   3  89253029  89253029       000 267759087       000    0    0    0    0    0         3  7592349429787       20832644       20832644   510441620003  N  0                       2003529 01/03/2025
01 36835072  11278  M  LODIPIN 10MG. X30CO                         3  76700000  76700000       000 230100000       000    0    0    0    0    0         3  7591619129044       20832600       20832600   510441620003  N  0                          0034 01/07/2022
01 36835072  RZ340  M  LORADEX TAB. 10MG. X10                     12  34963252  34963252       000 419559024       000    0    0    0    0    0         3  7594001101383       20832600       20832600   510441620003  N  0                          5632 01/09/2023
01 36835072  VP194  M  MELOVAX 15MG. X10CAPS.BL.                   2  77507975  77507975       000 155015950       000    0    0    0    0    0         3  7592432007427       20832644       20832644   510441620003  N  0                        200100 01/05/2023
01 36835072  CO540  M  MIOVIT COMP.AMP.3ML. X3 KIT                 6 212147832 212147832       0001272886992       000    0    0    0    0    0         3  7591818026366        2636218       20832644   510441620003  N  0                         00165 01/05/2023
01 36835072  CO540  M  MIOVIT COMP.AMP.3ML. X3 KIT                 3 212147832 212147832       000 636443496       000    0    0    0    0    0         3  7591818026366        2636218       20832410   510441620003  N  0                         00166 01/05/2023
01 36835072  CO540  M  MIOVIT COMP.AMP.3ML. X3 KIT                 3 212147832 212147832       000 636443496       000    0    0    0    0    0         3  7591818026366        2636218       20832410   510441620003  N  0                         00165 01/05/2023
01 36835072  CO540  M  MIOVIT COMP.AMP.3ML. X3 KIT                 6 212147832 212147832       0001272886992       000    0    0    0    0    0         3  7591818026366       20832644       20832410   510441620003  N  0                         00165 01/05/2023
01 36835072  11554  M  PANTOPRAZOL VP 20MG.X10TA                   6  64322141  64322141       000 385932846       000    0    0    0    0    0         3  7703153034726       20832710       20832710   510441620003  N  0                       1296489 01/05/2022
01 36835072  LT274  M  PROXIME 750MG. X5CO                         1 148785000 148785000       000 148785000       000    0    0    0    0    0         3  7591585119773       20832710       20832710   510441620003  N  0                           055 01/02/2024
01 36835072  KV204  M  TERAGRIP FORTE GRAN.X6SOB.                  1 156000000 156000000       000 156000000       000    0    0    0    0    0         3  7591821802490       20832710       20832710   510441620003  N  0                       2007030 01/08/2022
01 36835072  LT930  M  VIASEK COMPR. 50MG. X2                     20  19151302  19743610  11846160 383026040       000    0    3    0    0    0         3  7591585111005       20832710       20832710   510441620003  N  0                           093 01/01/2023
01 36835072  LO370  M  VOLTEN 0,1% SOL.OFT. 5ML.                   2  69825371  69825371       000 139650742       000    0    0    0    0    0         3  7591196000538       20832710       20832710   510441620003  N  0                        080102 01/08/2022
02 36835072        335   30087086976    2111880780     416524925   32615492681    0    0    0  000    0    0    0   25/09/2020 08:07:36 p.m.   PR           000           000             0            84
