01 36837789  VM115  M  BACTEVAL CAPS. X 24                         2 102658192 102658192       000 205316384       000    0    0    0    0    0         1  7591020007825        2636240       20836820   510474730001  N  0                           168 01/03/2023
01 36837789  PO180  M  BACTRON SUSP. 100ML.                        2 127400000 127400000       000 254800000       000    0    0    0    0    0         1  7592806122015        2636240       20836820   510474730001  N  0                        006060 01/06/2025
01 36837789  PO185  M  BACTRON TAB. X20                            2 133900000 133900000       000 267800000       000    0    0    0    0    0         1  7592806133073        2636240       20836820   510474730001  N  0                        005056 01/05/2025
01 36837789  LT028  M  BIOTALOL 2,5MG. X30CO                       6 102830000 102830000       000 616980000       000    0    0    0    0    0         1  7591585217172        2636240       20836820   510474730001  N  0                           053 01/08/2022
01 36837789  NP003  M  CALCIBON D 1500/200 X30                     3 327309103 327309103       000 981927309       000    0    0    0    0    0         1  7591821101029        2636240       20836820   510474730001  N  0                       2005168 01/07/2021
01 36837789  12036  M  DICLOFENAC S.AL50MG.X20TA                   6  54496131  54496131       000 326976786       000    0    0    0    0    0         1  7597758000527        2636239       20836724   510474730001  N  0                         DL060 01/07/2022
01 36837789  12029  M  EPITRAL 50MG. X30TA                         1  73471645  73471645       000  73471645       000    0    0    0    0    0         1  7591020081092        2636238       20836476   510474730001  N  0                            04 01/07/2022
01 36837789  KL170  M  FURFURIL APOS.SOL. 30GR.                    1  80600000  80600000       000  80600000       000    0    0    0    0    0         1  7591619122014        2636239       20836724   510474730001  N  0                          0107 01/03/2022
01 36837789  MO210  M  IBANDROMET 150MG. X1TA                      3 138838194 138838194       000 416514582       000    0    0    0    0    0         1  7705323123117        2636238       20836476   510474730001  N  0                        038703 01/06/2022
01 36837789  RZ340  M  LORADEX TAB. 10MG. X10                      6  44457793  44457793       000 266746758       000    0    0    0    0    0         1  7594001101383        2636239       20836724   510474730001  N  0                          5632 01/09/2023
01 36837789  13286  M  TENOREN 100MG X30TAB                        2  84500000  84500000       000 169000000       000    0    0    0    0    0         1  7598055000562        2636239       20836724   510474730001  N  0                         KK076 01/01/2025
01 36837789  DP013  M  TERBINAFINA DP CR.1% 15GR.                  3  60268451  60268451       000 180805353       000    0    0    0    0    0         1  7592616584126        2636239       20836724   510474730001  N  0                        00332L 01/04/2022
01 36837789  KL035  M  FEBRATIC 10MG.SUSP.120ML.                   6  91000000  91000000       000 546000000       000    0    0    0    0    0         2  7591619519081        2636239       20836724   510474730002  N  0                          0056 01/07/2021
02 36837789         43    4386938817           000           000    4386938817    0    0    0  000    0    0    0   30/09/2020 04:16:25 p.m.   PR           000           000             0            13
