01 36844495  11576  C  AFEIT. APEX  LEVEL 4H X2                    2  50713000  50713000       000 101426000  16228160    0    0    0    0    0         1  7595751002609        2636288       20845589   510537910001  N  0                           10X 01/12/2030
01 36844495  PA275  M  BETAGEN SOLSPEN 1ML.1AMP.                   6 100955345 100955345       000 605732070       000    0    0    0    0    0         1  7591243804409        2636288       20844614   510537910001  N  0                         91878 01/12/2021
01 36844495  PA275  M  BETAGEN SOLSPEN 1ML.1AMP.                  12 100955345 100955345       0001211464140       000    0    0    0    0    0         1  7591243804409        2636282       20844614   510537910001  N  0                         91878 01/12/2021
01 36844495  FA022  M  BONAMES 150MG. X1TA                         3 122409728 122409728       000 367229184       000    0    0    0    0    0         1  7591821903326        2636290       20845591   510537910001  N  0                       1911265 01/11/2023
01 36844495  12503  M  BRAL 500MG X100TA                           1 380660621 380660621       000 380660621       000    0    0    0    0    0         1  7591243807127        2636290       20845591   510537910001  N  0                       9172002 01/10/2021
01 36844495  12084  M  BREXIN FORTE 650MG. X10TA                  24  43167524  43167524       0001036020576       000    0    0    0    0    0         1  7591818716755        2636282       20844614   510537910001  N  0                         00348 01/09/2023
01 36844495  EL009  M  BRUGESIC 200MG. X10CO                       6  48233510  48233510       000 289401060       000    0    0    0    0    0         1  7591062902379        2636280       20844354   510537910001  N  0                        20048A 01/05/2022
01 36844495  NP003  M  CALCIBON D 1500/200 X30                     2 376427169 376427169       000 752854338       000    0    0    0    0    0         1  7591821101029        2636290       20845591   510537910001  N  0                       2009831 01/03/2023
01 36844495  MK133  M  CAPTOPRIL +MK 50MG. X30TA                   2 177970000 177970000       000 355940000       000    0    0    0    0    0         1  7591519051292        2636293       20846054   510537910001  N  0                         31206 01/03/2023
01 36844495  LO120  M  CLARASOL SOL.OFT. 15ML.                     3  63550260  63550260       000 190650780       000    0    0    0    0    0         1  7591196000071        2636290       20845591   510537910001  N  0                       I050921 01/06/2023
01 36844495  CO265  M  CLORACE 500MG/4MG X10TA                     6  62545434  62545434       000 375272604       000    0    0    0    0    0         1  7591818116043        2636290       20845591   510537910001  N  0                         00171 01/04/2022
01 36844495  11742  M  CRISOMET 50-850 X30TA                       1 674854255 674854255       000 674854255       000    0    0    0    0    0         1  7591821210523        2636293       20845591   510537910001  N  0                       2006313 01/07/2022
01 36844495  11742  M  CRISOMET 50-850 X30TA                       1 674854255 674854255       000 674854255       000    0    0    0    0    0         1  7591821210523        2636290       20845591   510537910001  N  0                       2006313 01/07/2022
01 36844495  12209  M  DIOSMIL 500MG. X30CO                        1 468840418 468840418       000 468840418       000    0    0    0    0    0         1  7406076104261        2636280       20844354   510537910001  N  0                        G20075 01/07/2023
01 36844495  GQ990  M  ENALAPRIL ELTER 20 X20TA                   12  75712000  75712000       000 908544000       000    0    0    0    0    0         1  7592454141000        2636280       20844354   510537910001  N  0                       3252475 01/08/2023
01 36844495  11555  M  ESOZ 20MG. X7CAPS.MGE                       2  65588250  70525000   9873500 131176500       000    0    0    7    0    0         1  7592454891264        2636289       20845590   510537910001  N  0                       3242994 01/05/2022
01 36844495  11666  M  ETORICOXIB +MK60MG. X10TA                   2 103220000 103220000       000 206440000       000    0    0    0    0    0         1  7591519317275        2636289       20845590   510537910001  N  0                         30819 01/08/2021
01 36844495  TA003  M  FITEX 20MG. ORODISP. X1TA                   3  27975680  27975680       000  83927040       000    0    0    0    0    0         1  7592229004424        2636290       20845591   510537910001  N  0                       1904445 01/05/2021
01 36844495  MG154  M  GENESA COMPR. 3/30 X21                      2 365625000 365625000       000 731250000       000    0    0    0    0    0         1  7591585116598        2636290       20845591   510537910001  N  0                      LF20011B 01/03/2022
01 36844495  XS008  N  GOTAS VALERIANA XS 30ML.                   12  24440000  24440000       000 293280000       000    0    0    0    0    0         1  7594001450818        2636289       20845590   510537910001  N  0                      07092027 01/09/2023
01 36844495  AP910  M  KAPET 75MG. X14TA                           3 145943572 145943572       000 437830716       000    0    0    0    0    0         1  7592601201137        2636280       20844354   510537910001  N  0                        032302 01/04/2022
01 36844495  VA551  M  KETAZOL 20MG. CREMA 15GR.                   3  99963392  99963392       000 299890176       000    0    0    0    0    0         1  7592349429787        2636280       20844354   510537910001  N  0                       2003529 01/03/2025
01 36844495  13117  M  LAGRIOFTOL 0,3% SOL.O15ML                   1 141089000 141089000       000 141089000       000    0    0    0    0    0         1  7703763081134        2636288       20845589   510537910001  N  0                       3247082 01/06/2022
01 36844495  LC140  M  LETISAN SOL.GOTAS 20ML.                     2  70297500  70297500       000 140595000       000    0    0    0    0    0         1  7591585114884        2636291       20845592   510537910001  N  0                           490 01/06/2023
01 36844495  11802  M  LEVONORGES MC 0,75MG.X2TA                   3 102032840 102032840       000 306098520       000    0    0    0    0    0         1   614143659058        2636293       20846054   510537910001  N  0                        190320 01/03/2022
01 36844495  RZ340  M  LORADEX TAB. 10MG. X10                     12  44457793  44457793       000 533493516       000    0    0    0    0    0         1  7594001101383        2636291       20845592   510537910001  N  0                          5599 01/08/2023
01 36844495  MK805  M  LORATADINA +MK 10MG.X10TA                   6  53969500  53969500       000 323817000       000    0    0    0    0    0         1  7591519000788        2636291       20845592   510537910001  N  0                         31331 01/07/2023
01 36844495  11628  M  METFORMINA AL500MG. X30TA                   6 111487384 111487384       000 668924304       000    0    0    0    0    0         1  7597758000084        2636280       20844354   510537910001  N  0                         DL087 01/11/2022
01 36844495  11536  M  OLMECAR 20MG. X30CO                         1 185900000 185900000       000 185900000       000    0    0    0    0    0         1  7591585318794        2636293       20846054   510537910001  N  0                           035 01/02/2022
01 36844495  12559  M  OLMECAR 40MG X30CO                          1 303420000 303420000       000 303420000       000    0    0    0    0    0         1  7591585318800        2636279       20843936   510537910001  N  0                           016 01/07/2022
01 36844495  12008  M  PERTEN 1%GEL TOPICO 20GR.                   3  75562500  75562500       000 226687500       000    0    0    0    0    0         1  7592601301820        2636293       20846054   510537910001  N  0                        936902 01/09/2021
01 36844495  PA051  M  PROPRANOLOL PA 10MG.X20TA                   1  85913727  85913727       000  85913727       000    0    0    0    0    0         1  7591243843064        2636279       20843936   510537910001  N  0                       9200602 01/02/2023
01 36844495  PA051  M  PROPRANOLOL PA 10MG.X20TA                   2  75511249  75511249       000 151022498       000    0    0    0    0    0         1  7591243843064        2636279       20843936   510537910001  N  0                       9200602 01/02/2023
01 36844495  11435  M  PROPRANOLOL PX 40MG.X20CO                   3  62263470  62263470       000 186790410       000    0    0    0    0    0         1  7594001100171        2636279       20843936   510537910001  N  0                          5484 01/02/2023
01 36844495  GP200  M  RIDAL 2MG. X20CO                            2 151060000 151060000       000 302120000       000    0    0    0    0    0         1  7594000490617        2636290       20845591   510537910001  N  0                          0035 01/02/2024
01 36844495  GP200  M  RIDAL 2MG. X20CO                            1 151060000 151060000       000 151060000       000    0    0    0    0    0         1  7594000490617        2636290       20845591   510537910001  N  0                          0036 01/05/2024
01 36844495  EL114  M  SAVER SUSP. 37,5CC.                         2 253976060 253976060       000 507952120       000    0    0    0    0    0         1  7591062010227        2636281       20844480   510537910001  N  0                        20075A 01/07/2022
01 36844495  EH460  M  SERTRALINA VP 50MG. X10TA                   6  38793300  38793300       000 232759800       000    0    0    0    0    0         1  7703153018757        2636292       20845593   510537910001  N  0                       1240793 01/03/2021
01 36844495  EL394  M  TACHIFORTE 650MG. X10TA                     6  54295280  54295280       000 325771680       000    0    0    0    0    0         1  7591062017295        2636291       20845592   510537910001  N  0                        20021B 01/02/2025
01 36844495  12007  M  TIROXIN 100MCG. X50TA                       2 182317200 227896500  91158600 364634400       000    0    0   20    0    0         1  7707355054186        2636293       20846054   510537910001  N  0                      04530320 01/03/2022
01 36844495  EL725  M  ULCENOL 40MG. X20TA                         1 116051130 116051130       000 116051130       000    0    0    0    0    0         1  7591062018650        2636281       20844480   510537910001  N  0                        20036A 01/05/2024
01 36844495  FS370  N  VIOLETA GENCIANA FSI 30 X6                  1 142311000 142311000       000 142311000       000    0    0    0    0    0         1  7592368000844        2636289       20845590   510537910001  N  0                       0920019 01/09/2022
01 36844495  12086  M  VIT E VP 400MG. X15CA.BLA                   3 133109703 133109703       000 399329109       000    0    0    0    0    0         1  7592432901428        2636291       20845592   510537910001  N  0                        200119 01/05/2023
01 36844495  ED379  M  VIZERUL 150MG. JBE.120ML.                   1 149500000 149500000       000 149500000       000    0    0    0    0    0         1  7592803002389        2636289       20844614   510537910001  N  0                       2004371 01/05/2022
01 36844495  ED379  M  VIZERUL 150MG. JBE.120ML.                   1 149500000 149500000       000 149500000       000    0    0    0    0    0         1  7592803002389        2636282       20844614   510537910001  N  0                       2004371 01/05/2022
01 36844495  NP370  M  BREINOX 800MG. X30TA                        1 341468876 341468876       000 341468876       000    0    0    0    0    0         2  7591821902701        2636282       20844614   510537910002  N  0                       2007082 01/08/2025
01 36844495  12036  M  DICLOFENAC S.AL50MG.X20TA                   6  57067858  57067858       000 342407148       000    0    0    0    0    0         2  7597758000527        2636290       20845591   510537910002  N  0                         DL060 01/07/2022
01 36844495  QM510  M  ESOZ 40MG. X14CAPS.MGE                      2 132613000 132613000       000 265226000       000    0    0    0    0    0         2  7592454889292        2636289       20845590   510537910002  N  0                       3244841 01/05/2022
01 36844495  QM520  M  ESOZ CAPS.MGE 20MG. X14                     2 113477000 113477000       000 226954000       000    0    0    0    0    0         2  7592454889285        2636289       20845590   510537910002  N  0                       3244810 01/05/2022
01 36844495  12147  M  LEVONORGESTREL MF1,5 X1TA                   3 130000000 130000000       000 390000000       000    0    0    0    0    0         2  7502214985935        2636293       20846054   510537910002  N  0                       9FH132A 01/06/2021
01 36844495  EL071  M  TACHIFORTE 1GR. X20TA                       3 105181830 105181830       000 315545490       000    0    0    0    0    0         2  7591062900948        2636291       20845592   510537910002  N  0                        20096A 01/09/2022
02 36844495        193   18452454961     101426000      16228160   18570109121    0    0    0  000    0    0    0   13/10/2020 06:34:20 p.m.   PR           000           000             0            48
