01 36848541  MG110  M  ACICLOR CR. 10 GR.                          3  94510000  94510000       000 283530000       000    0    0    0    0    0         1  7591585311634        2636332       20851419   510579190001  N  0                           249 01/07/2023
01 36848541  MG110  M  ACICLOR CR. 10 GR.                          2  94510000  94510000       000 189020000       000    0    0    0    0    0         1  7591585311634        2636325       20851419   510579190001  N  0                           249 01/07/2023
01 36848541  LN260  M  ACICLOVIR LN 200MG. X25TA                   1 130012760 130012760       000 130012760       000    0    0    0    0    0         1  7592348201100        2636332       20852164   510579190001  N  0                       2006053 01/06/2023
01 36848541  LN001  M  ACICLOVIR LN CR.TOP. 20GR.                  3  99927942  99927942       000 299783826       000    0    0    0    0    0         1  7592348201117        2636332       20852164   510579190001  N  0                       2006099 01/06/2023
01 36848541  MK106  M  AMLODIPINA +MK10MG. X30TA                   6 106197000 106197000       000 637182000       000    0    0    0    0    0         1  7591519001648        2636336       20851418   510579190001  N  0                         31204 01/03/2022
01 36848541  MK106  M  AMLODIPINA +MK10MG. X30TA                  24 106197000 106197000       0002548728000       000    0    0    0    0    0         1  7591519001648        2636324       20851418   510579190001  N  0                         31204 01/03/2022
01 36848541  11824  M  AMLODIPINO CCM 5MG. X30TA                   6 113685000 113685000       000 682110000       000    0    0    0    0    0         1  7501384505318        2636336       20852918   510579190001  N  0                       0620594 01/06/2022
01 36848541  11352  M  ANAPIR 400MG. X10CA,BLAN                    6 111615660 111615660       000 669693960       000    0    0    0    0    0         1  7593090001024        2636330       20852120   510579190001  N  0                        200173 01/08/2023
01 36848541  11336  M  ANTAAR 10MG. X30TA                          1 228800000 228800000       000 228800000       000    0    0    0    0    0         1  7591519051902        2636337       20853027   510579190001  N  0                         31371 01/07/2022
01 36848541  12960  M  ATENOLOL 100MG X100TA                       1 219459240 223938000   4478760 219459240       000    0    0    2    0    0         1 07460260000449        2636336       20852918   510579190001  N  0                          AT12 01/08/2022
01 36848541  13426  M  AZITROMICI DAC 200MGX15ML                   2  89700000  89700000       000 179400000       000    0    0    0    0    0         1  8906121690248        2636337       20853027   510579190001  N  0                          0039 01/01/2022
01 36848541  GN202  M  BABILIN SOL.GOTAS 30ML.                     2  84240000  84240000       000 168480000       000    0    0    0    0    0         1  7591585117649        2636321       20851417   510579190001  N  0                           024 01/05/2022
01 36848541  PA385  M  BETADERM  C/GENT. CR.15GR                   2 112079812 112079812       000 224159624       000    0    0    0    0    0         1  7591243804041        2636332       20852164   510579190001  N  0                       9210302 01/09/2022
01 36848541  PA126  M  BETADERM CR. 0,05% 15GR.                    2 106540564 106540564       000 213081128       000    0    0    0    0    0         1  7591243804140        2636332       20852164   510579190001  N  0                       9210602 01/09/2022
01 36848541  OJ007  N  CASTA?O DE INDIAS HP 60 CAPS                2 225225000 225225000       000 450450000       000    0    0    0    0    0         1  7592710000454        2636329       20852022   510579190001  N  0                       0121009 01/09/2023
01 36848541  11805  M  CEFADROXILO MC500 X10CA                     6 169736709 182512590 1533105721018420254       000    0    0    7    0    0         1   614143659034        2636329       20852022   510579190001  N  0                        200232 01/04/2023
01 36848541  11805  M  CEFADROXILO MC500 X10CA                     6 169736709 182512590 1533105721018420254       000    0    0    7    0    0         1   614143659034        2631722       20852022   510579190001  N  0                        200232 01/04/2023
01 36848541  GQ224  M  CETIRIZINA ELTER JBE. 60CC.                12  72267000  72267000       000 867204000       000    0    0    0    0    0         1  7592454138239        2636330       20852120   510579190001  N  0                       3254786 01/09/2023
01 36848541  GQ019  M  CETIRIZINA ELTER10MG.10TA                   6  51987000  51987000       000 311922000       000    0    0    0    0    0         1  7592454138185        2636331       20852130   510579190001  N  0                       3249443 01/06/2022
01 36848541  12085  M  CEVAX 500MG. X15CA.BLA                      2 183081071 183081071       000 366162142       000    0    0    0    0    0         1  7592432901381        2636339       20853223   510579190001  N  0                        200200 01/08/2022
01 36848541  10326  M  DALTAZEN 60MG. X30CO                        2 123760000 123760000       000 247520000       000    0    0    0    0    0         1  7591619518992        2636328       20851775   510579190001  N  0                          0049 01/06/2022
01 36848541  12153  M  ENALAPRIL BM10MG. X100TA                    2 304200000 304200000       000 608400000       000    0    0    0    0    0         1  6930169708339        2636321       20851417   510579190001  N  0                        190563 01/04/2022
01 36848541  MG604  M  FULGRAM SUSP. 600/42,9 60CC                 2 242580000 242580000       000 485160000       000    0    0    0    0    0         1  7591585113139        2636330       20852120   510579190001  N  0                           315 01/05/2022
01 36848541  GQ085  M  GENTAMICINA ELTER CR.15GR                   2 109122000 109122000       000 218244000       000    0    0    0    0    0         1  7592454146807        2636337       20853027   510579190001  N  0                       3234715 01/10/2021
01 36848541  AH235  M  HEXOMEDINE COLUT.AER.30GR                   1 148070000 148070000       000 148070000       000    0    0    0    0    0         1  7591044401463        2636325       20851419   510579190001  N  0                         30840 01/10/2021
01 36848541  11497  M  HIDROPROPICELU S.OF.ZU15                   12  31850000  31850000       000 382200000       000    0    0    0    0    0         1  7597446000037        2636329       20852022   510579190001  N  0                        109238 01/09/2021
01 36848541  LP810  M  KELFEN 50MG. X10CA                          2 112840000 112840000       000 225680000       000    0    0    0    0    0         1  7591955001660        2636337       20853027   510579190001  N  0                          0009 01/09/2022
01 36848541  CO450  M  KETOPROFENO CO 2ML.X1AMP.                   2  99213618  99213618       000 198427236       000    0    0    0    0    0         1  7591818131039        2636333       20852286   510579190001  N  0                         00288 01/07/2024
01 36848541  11877  M  LEVOCETIRIZINA +MK 5MGX10                   6  52325000  52325000       000 313950000       000    0    0    0    0    0         1  7591519317374        2636321       20851417   510579190001  N  0                         31071 01/01/2022
01 36848541  12376  M  LEVOFLOXACINA 500MG X10TA                   2 100428875 100428875       000 200857750       000    0    0    0    0    0         1  7598176000038        2636329       20852022   510579190001  N  0                       TEAH370 01/07/2021
01 36848541  13125  M  LEVOFLOXACINA BM 500X10TA                   6 111540000 111540000       000 669240000       000    0    0    0    0    0         1  6972718560050        2636321       20851417   510579190001  N  0                        191246 01/11/2022
01 36848541  KL564  M  MAILEN 5MG. X10CO                           2  68900000  68900000       000 137800000       000    0    0    0    0    0         1  7591619519159        2636325       20851419   510579190001  N  0                          0010 01/02/2021
01 36848541  VP194  M  MELOVAX 15MG. X10CAPS.BL.                   2  85813439  85813439       000 171626878       000    0    0    0    0    0         1  7592432007427        2636330       20852120   510579190001  N  0                        200103 01/05/2023
01 36848541  11804  M  METRODINAZOL MC500 X100CO                   1 338905429 364414440  51018022 338905429       000    0    0    7    0    0         1   614143659041        2636328       20851775   510579190001  N  0                        190321 01/03/2022
01 36848541  11804  M  METRODINAZOL MC500 X100CO                   1 338905429 364414440  51018022 338905429       000    0    0    7    0    0         1   614143659041        2631722       20851775   510579190001  N  0                        190321 01/03/2022
01 36848541  CO560  M  MIOVIT GOTAS 20CC.                          2  73527861  91909826  36763930 147055722       000    0    0   20    0    0         1  7591818251331        2636339       20853223   510579190001  N  0                         00089 01/03/2022
01 36848541  FA239  M  NOTOLAC 30MG. X4TA.SUBL.                    2 118300000 118300000       000 236600000       000    0    0    0    0    0         1  7591821210134        2636326       20851420   510579190001  N  0                       2008742 01/09/2022
01 36848541  PD104  M  POLI-OTICO GOTAS 5 CC.                      3  83200000  83200000       000 249600000       000    0    0    0    0    0         1  7591955002278        2636339       20853223   510579190001  N  0                          1089 01/04/2022
01 36848541  VO130  M  PREDNISONA GENCER50 X10TA                   6 128120200 128120200       000 768721200       000    0    0    0    0    0         1  7591020007474        2631722       20852370   510579190001  N  0                            29 01/07/2025
01 36848541  KN380  M  ROWELUK 5MG. X30TA.MAST.                    2 172900000 172900000       000 345800000       000    0    0    0    0    0         1  7591619517278        2636332       20852164   510579190001  N  0                          0005 01/09/2022
01 36848541  13286  M  TENOREN 100MG X30TAB                        3  84500000  84500000       000 253500000       000    0    0    0    0    0         1  7598055000562        2636333       20852286   510579190001  N  0                         KK076 01/01/2025
01 36848541  LT885  M  TENSOPIN 10MG. X20CO.DISP                   3  71643000  71643000       000 214929000       000    0    0    0    0    0         1  7591585111784        2636336       20852918   510579190001  N  0                           164 01/06/2023
01 36848541  KV007  N  TERATOSIL MIEL JBE.120ML.                   2 113685862 113685862       000 227371724       000    0    0    0    0    0         1  7591821802551        2636329       20852022   510579190001  N  0                      2007498B 01/08/2023
01 36848541  10617  M  VARTERAL 160-10 X14CA.BL.                   2 199724805 199724805       000 399449610       000    0    0    0    0    0         1  7703153033415        2636321       20851417   510579190001  N  0                       1274519 01/09/2021
01 36848541  12243  M  ANTIFON 125MG X10 TA.MAST                   1 153216922 153216922       000 153216922       000    0    0    0    0    0         2  7592349723724        2636333       20852286   510579190002  N  0                       2003097 01/03/2022
01 36848541  GT230  M  BLOKIUM COMPR. 100MG. X30                   2 107750500 107750500       000 215501000       000    0    0    0    0    0         2  7591585260055        2636333       20852286   510579190002  N  0                           218 01/05/2025
01 36848541  12191  M  CARBAMAZEPINA AL200MG30TA                   6 160457460 160457460       000 962744760       000    0    0    0    0    0         2  7597758000503        2636336       20852370   510579190002  N  0                         DL069 01/07/2022
01 36848541  12191  M  CARBAMAZEPINA AL200MG30TA                   6 160457460 160457460       000 962744760       000    0    0    0    0    0         2  7597758000503        2631722       20852918   510579190002  N  0                         DL069 01/07/2022
01 36848541  12587  M  CEFADROXILO KMP 500MGX10T                   6 202800000 202800000       0001216800000       000    0    0    0    0    0         2  6921875010786        2631722       20852370   510579190002  N  0                       2004425 01/04/2023
01 36848541  VP990  M  CEVAX 500MG. X30CA.BLA                      2 292929712 292929712       000 585859424       000    0    0    0    0    0         2  7592432007649        2636330       20852120   510579190002  N  0                        200196 01/08/2022
01 36848541  12078  M  CLAUSY SUSP.ORAL X10 5ML.                   1 635440000 635440000       000 635440000       000    0    0    0    0    0         2  8936187370020        2636326       20851420   510579190002  N  0                         10320 01/03/2022
01 36848541  LO149  M  CORTYNASE SUSP.NASAL 140D.                  2 188223733 188223733       000 376447466       000    0    0    0    0    0         2  7591196004604        2636337       20853027   510579190002  N  0                        040099 01/05/2022
01 36848541  11248  M  CRISOMET 50-500 X10TA                       2 221203320 221203320       000 442406640       000    0    0    0    0    0         2  7591821210332        2636328       20851775   510579190002  N  0                       2002113 01/03/2022
01 36848541  MK027  M  DEFLAZACORT +MK 6MG. X10                    1 227240000 227240000       000 227240000       000    0    0    0    0    0         2  7591519008197        2636321       20851417   510579190002  N  0                         31139 01/02/2023
01 36848541  ZA102  M  EVIGAX 125MG. X10CA.BLA                     2 148637479 148637479       000 297274958       000    0    0    0    0    0         2  7592432900032        2636325       20851419   510579190002  N  0                        200178 01/08/2023
01 36848541  KV860  M  FEMMEX ULTRA 200/30 X10TA                   6  63817814  63817814       000 382906884       000    0    0    0    0    0         2  7591821801004        2636331       20852130   510579190002  N  0                       2007056 01/08/2023
01 36848541  FA019  M  FITEX  5MG. X30TA                           2 166640313 166640313       000 333280626       000    0    0    0    0    0         2  7591821904316        2636321       20851417   510579190002  N  0                       2003971 01/06/2022
01 36848541  LR460  M  FLUCONAZOL LF 150MG X 2CA                  12  59440576  59440576       000 713286912       000    0    0    0    0    0         2  7594000020609        2636336       20852918   510579190002  N  0                       1910006 01/10/2021
01 36848541  LX102  M  MIGREN 650-50-1 X20CO                       2 128180000 128180000       000 256360000       000    0    0    0    0    0         2  7591585415738        2636325       20851419   510579190002  N  0                           499 01/08/2022
01 36848541  NP024  M  NOTOLAC 20MG. X10TA                         2 118226468 118226468       000 236452936       000    0    0    0    0    0         2  7591821902022        2636326       20851420   510579190002  N  0                       2007527 01/08/2023
01 36848541  KL084  M  PLIDAN COMP.10-125  X10CO                   3 154700000 154700000       000 464100000       000    0    0    0    0    0         2  7591619518695        2636321       20851417   510579190002  N  0                          0006 01/06/2023
01 36848541  LO320  M  TODEX 0,3%-0,1%SU.OF.5ML                    6  93046278  93046278       000 558277668       000    0    0    0    0    0         2  7591196000514        2636326       20851420   510579190002  N  0                        060905 01/08/2022
01 36848541  FA454  M  UROCIT TAB. LP 10MEQ X100                   2 828417833 828417833       0001656835666       000    0    0    0    0    0         2  7592229003229        2636336       20852918   510579190002  N  0                        20D019 01/04/2022
01 36848541  LT993  M  ZONTRICON 500MG. X6CO                       1 228800000 228800000       000 228800000       000    0    0    0    0    0         2  7591585118462        2636336       20852918   510579190002  N  0                           085 01/02/2022
01 36848541  ET340  C  ADEMINA PLUS CR.CORP. 30GR.                 6  63544000  63544000       000 381264000  61002240    0    0    0    0    0         3  7591844000439        2636321       20851417   510579190003  N  0                    AP30200110 01/06/2023
01 36848541  11600  C  BARR DER.BIOS P.GRASA 90                    6  42120000  42120000       000 252720000  40435200    0    0    0    0    0         3  7595481000234        2636321       20851417   510579190003  N  0                        191201 01/12/2023
01 36848541  VT125  C  BOROCANFOR ORIG.POLVO 60GR                  2  62067447  62067447       000 124134894  19861583    0    0    0    0    0         3       75930516        2636330       20852120   510579190003  N  0                       2008302 01/08/2022
01 36848541  12123  C  BOROCANFOR ORIG.PVO.35GR                    2  41659137  41659137       000  83318274  13330924    0    0    0    0    0         3       75971427        2636330       20852120   510579190003  N  0                       2008303 01/08/2022
01 36848541  VT135  C  CALAMINOL FRESH LOC. 180ML.                 2 129653316 129653316       000 259306632  41489061    0    0    0    0    0         3  7591808000031        2636321       20851417   510579190003  N  0                       2008501 01/08/2023
01 36848541  SQ130  C  LUBRIX GEL 120CC.                           1  83011500  83011500       000  83011500  13281840    0    0    0    0    0         3  7592904000024        2636338       20853083   510579190003  N  0                           014 01/07/2023
01 36848541  SQ120  C  LUBRIX GEL 60CC.                            2  72237940  72237940       000 144475880  23116141    0    0    0    0    0         3  7592904000017        2636338       20853083   510579190003  N  0                           012 01/06/2023
01 36848541  SQ180  C  LUBRIX GEL CHOCOLATE 60CC.                  2  76247600  76247600       000 152495200  24399232    0    0    0    0    0         3  7592904000437        2636338       20853083   510579190003  N  0                           009 01/06/2023
01 36848541  ED175  C  NOPUCID LOC. 100 CC.                        2 123500000 123500000       000 247000000  39520000    0    0    0    0    0         3  7592803000835        2636334       20852357   510579190003  N  0                       2003356 01/05/2022
01 36848541  LC580  N  ALLIXON NARANJA 240 CC.                     2 107250000 107250000       000 214500000  34320000    0    0    0    0    0         4  7591585112439        2636339       20853223   510579190004  N  0                           341 01/08/2022
01 36848541  MY680  M  ARBIXIL 15MG-10MCG.JBE120                   2 140470688 140470688       000 280941376       000    0    0    0    0    0         4  7592601100126        2636321       20851417   510579190004  N  0                        024401 01/06/2023
01 36848541  GN180  M  DESLORATADINA GN JBE.90ML                  12  81324100  81324100       000 975889200       000    0    0    0    0    0         4  7591585277442        2636331       20852130   510579190004  N  0                          0501 01/09/2022
01 36848541  LT199  M  DIKLASON SUSP. 120CC.                       6  95680000  95680000       000 574080000       000    0    0    0    0    0         4  7591585218254        2636330       20852120   510579190004  N  0                           181 01/05/2022
01 36848541  PD990  M  FERGANIC FOLIC JBE. 120CC.                  2 163800000 163800000       000 327600000       000    0    0    0    0    0         4  7591955002803        2636336       20852918   510579190004  N  0                          0102 01/02/2023
01 36848541  LP650  M  FERGANIC JBE. 120ML.                        2 145600000 145600000       000 291200000       000    0    0    0    0    0         4  7591955001264        2636336       20852918   510579190004  N  0                          0054 01/03/2022
01 36848541  11136  M  FLOMED SOL.TOP.BUCAL180ML                   2  72914920  72914920       000 145829840       000    0    0    0    0    0         4  7591062901365        2636328       20851775   510579190004  N  0                        20042A 01/05/2022
01 36848541  CO640  M  KATIVIL SOL.ORAL 90ML.                      3 162349218 162349218       000 487047654       000    0    0    0    0    0         4  7591818244128        2636321       20851417   510579190004  N  0                         00320 01/08/2023
01 36848541  VA054  M  MODERAN SOL.ORAL 120ML.                     1 302575439 302575439       000 302575439       000    0    0    0    0    0         4  7592349527124        2636325       20851419   510579190004  N  0                         P3501 01/02/2022
01 36848541  KL061  M  PLIDAN SOL.GOTAS 20ML.                      2 144690000 144690000       000 289380000       000    0    0    0    0    0         4  7591619517940        2636329       20852022   510579190004  N  0                          0007 01/02/2023
01 36848541  VM200  M  VITISIVAL SOL.ORAL 240ML.                   2 150764900 150764900       000 301529800       000    0    0    0    0    0         4  7591020008495        2636336       20852918   510579190004  N  0                           636 01/09/2024
01 36848541  PB006  N  WAMPOLE EMULS. T.FRUTI 240                  3  69893002  69893002       000 209679006  33548641    0    0    0    0    0         4  7591309000967        2636336       20852918   510579190004  N  0                      A2008264 01/08/2022
02 36848541        296   33540262103    1727726380     344304862   35612293345    0    0    0  000    0    0    0   21/10/2020 05:09:49 p.m.   PR           000           000             0            81
