01 36849011  11809  M  ARASENS 2% UNG.TOP. 50GR.                   2 150106285 150106285       000 300212570       000    0    0    0    0    0         1  7591585112903        2636341       20854167   510585060001  N  0                           002 01/08/2021
01 36849011  GT119  M  ASAPROL 81MG. X100CO                       24 155240800 155240800       0003725779200       000    0    0    0    0    0         1  7591585261236       20854165       20854165   510585060001  N  0                           133 01/09/2022
01 36849011  11945  C  BARROCU T. GEL.LI.FAC.120                   1 123725030 123725030       000 123725030  19796005    0    0    0    0    0         1  7593090002397        2636340       20854017   510585060001  N  0                        010220 01/02/2023
01 36849011  VM494  M  DUROVAL 50MG. X10TA                        12 146517190 146517190       0001758206280       000    0    0    0    0    0         1  7591020008440       20854173       20854173   510585060001  N  0                           615 01/08/2025
01 36849011  GN146  M  ENALAPRIL GN 20MG. X30CO                    6 106210000 106210000       000 637260000       000    0    0    0    0    0         1  7591585378538        2636341       20854167   510585060001  N  0                           412 01/07/2023
01 36849011  VM020  M  ESQUIDONE 3MG. X30TA                       12 188343288 188343288       0002260119456       000    0    0    0    0    0         1  7591020080521       20854173       20854173   510585060001  N  0                            20 01/09/2022
01 36849011  MG604  M  FULGRAM SUSP. 600/42,9 60CC                 1 242580000 242580000       000 242580000       000    0    0    0    0    0         1  7591585113139        2636340       20854017   510585060001  N  0                           315 01/05/2022
01 36849011  11423  M  HIDROCLOROTI GN12,5 X30CO                   3  86404500  86404500       000 259213500       000    0    0    0    0    0         1  7591585172686        2636340       20854017   510585060001  N  0                           013 01/08/2022
01 36849011  MY250  M  IMAZOL 1% CR.TOPICA 20GR.                   3  93766193  93766193       000 281298579       000    0    0    0    0    0         1  7592601100454        2636340       20854017   510585060001  N  0                        008701 01/07/2024
01 36849011  MY255  M  IMAZOL 1% SOL.TOP.  20ML.                   2  59534090  74417613  29767046 119068180       000    0    0   20    0    0         1  7592601100461        2636340       20854017   510585060001  N  0                        909501 01/09/2022
01 36849011  11802  M  LEVONORGES MC 0,75MG.X2TA                   3 102032840 102032840       000 306098520       000    0    0    0    0    0         1   614143659058        2636340       20854017   510585060001  N  0                        190320 01/03/2022
01 36849011  11418  M  LODESTAR HCT 50-12,5 30TA                   6 161990603 161990603       000 971943618       000    0    0    0    0    0         1  7591020080972       20854173       20854173   510585060001  N  0                            10 01/06/2022
01 36849011  11402  M  METFORMINA FARQ850MG.X100                   1 411872500 433550000  21677500 411872500       000    0    0    5    0    0         1  7467922680971        2636340       20854017   510585060001  N  0                       2005049 01/05/2024
01 36849011  PG110  M  NINAZO GOTAS AD. 15ML.                      6  59849031  59849031       000 359094186       000    0    0    0    0    0         1  7591821802957        2636340       20854017   510585060001  N  0                      2005002B 01/12/2021
01 36849011  11025  M  NOXPIRIN GOTAS PED.15ML.                    2  57244318  57244318       000 114488636       000    0    0    0    0    0         1  7592601302100        2636340       20854017   510585060001  N  0                        937901 01/07/2021
01 36849011  11630  M  OMEFLUX 20MG. X10CA                        12  71783600  71783600       000 861403200       000    0    0    0    0    0         1  7597758000060        2636341       20854167   510585060001  N  0                         DL082 01/11/2022
01 36849011  12008  M  PERTEN 1%GEL TOPICO 20GR.                   2  75562500  75562500       000 151125000       000    0    0    0    0    0         1  7592601301820        2636340       20854017   510585060001  N  0                        936902 01/09/2021
01 36849011  VM715  M  SALBUROL SOL. P/INH.20ML.                   6  87024926  87024926       000 522149556       000    0    0    0    0    0         1  7591020001625       20854173       20854173   510585060001  N  0                           110 01/07/2022
01 36849011  PD124  M  TRIDETARMON CR. 15GR.                       2 121940000 121940000       000 243880000       000    0    0    0    0    0         1  7591955000762        2636340       20854017   510585060001  N  0                          0078 01/09/2022
01 36849011  10617  M  VARTERAL 160-10 X14CA.BL.                   1 199724805 199724805       000 199724805       000    0    0    0    0    0         1  7703153033415        2636341       20854167   510585060001  N  0                       1274519 01/09/2021
01 36849011  11262  C  BRUCEN LO.CR.CORP.250ML.                    1 189271160 189271160       000 189271160  30283386    0    0    0    0    0         2  7592090000334        2636340       20854017   510585060002  N  0                        181193 01/11/2021
01 36849011  BQ320  M  BROMEXINA BQ 4MG.120ML.                     6  62481250  62481250       000 374887500       000    0    0    0    0    0         3  7594000850985        2636340       20854017   510585060003  N  0                        200213 01/02/2022
02 36849011        114   14100405286     312996190      50079390   14463480866    0    0    0  000    0    0    0   22/10/2020 02:38:11 p.m.   PR           000           000             0            22
