01 36842632  MG110  M  ACICLOR CR. 10 GR.                          3  90090000  90090000       000 270270000       000    0    0    0    0    0         1  7591585311634        2636274       20843378   510519430001  N  0                           249 01/07/2023
01 36842632  MK005  M  AMLODIPINA +MK 5MG. X10TA                   6  30810000  30810000       000 184860000       000    0    0    0    0    0         1  7591519001334        2636266       20842968   510519430001  N  0                         31210 01/04/2024
01 36842632  KV004  M  ANTILAX 2MG. X10TA                          6  99600001  99600001       000 597600006       000    0    0    0    0    0         1  7591821102095        2636266       20842968   510519430001  N  0                       2009018 01/09/2022
01 36842632  13426  M  AZITROMICI DAC 200MGX15ML                   2  89700000  89700000       000 179400000       000    0    0    0    0    0         1  8906121690248        2636275       20843393   510519430001  N  0                          0039 01/01/2022
01 36842632  12193  M  AZITROMICINA AL200 22,5ML                   2 138437813 138437813       000 276875626       000    0    0    0    0    0         1  7597758000152        2636275       20843393   510519430001  N  0                         DL073 01/08/2022
01 36842632  13123  M  AZITROMICINA BM 500MGX6CA                  12 193050000 193050000       0002316600000       000    0    0    0    0    0         1  6972718560043        2636269       20843274   510519430001  N  0                        191245 01/11/2022
01 36842632  12024  M  AZITROMICINA DAC500 X3TA                   12 125580000 125580000       0001506960000       000    0    0    0    0    0         1  8906121690019        2636272       20843274   510519430001  N  0                           031 01/06/2023
01 36842632  12024  M  AZITROMICINA DAC500 X3TA                   12 125580000 125580000       0001506960000       000    0    0    0    0    0         1  8906121690019        2636269       20843274   510519430001  N  0                           031 01/06/2023
01 36842632  11640  M  CYTRIAX 1GR.IV-IM. X1                       6  60992588  60992588       000 365955528       000    0    0    0    0    0         1       75971342        2636273       20843359   510519430001  N  0                         D1915 01/06/2022
01 36842632  13509  M  DISMIGRAS 40MGX30 TAB                       1 226445229 226445229       000 226445229       000    0    0    0    0    0         1  8904159624938        2636266       20842968   510519430001  N  0                     BRA03115A 01/02/2022
01 36842632  11499  M  FULGRAM 875MG-125MG X16CO                   6 310362000 310362000       0001862172000       000    0    0    0    0    0         1  7591585213198        2636269       20843274   510519430001  N  0                           578 01/08/2022
01 36842632  11497  M  HIDROPROPICELU S.OF.ZU15                   12  31850000  31850000       000 382200000       000    0    0    0    0    0         1  7597446000037        2636269       20843274   510519430001  N  0                        109238 01/09/2021
01 36842632  MK809  M  IVERMECTINA +MK 6MG. X4TA                   6 128420360 128420360       000 770522160       000    0    0    0    0    0         1  7591519007121        2636269       20843274   510519430001  N  0                         31440 01/08/2022
01 36842632  12418  M  LEPRIT ENZIMATICOX 6GRA                     1 135843240 146068000  10224760 135843240       000    0    0    7    0    0         1  7703763208920        2636266       20842968   510519430001  N  0                       3249847 01/06/2022
01 36842632  RZ340  M  LORADEX TAB. 10MG. X10                      6  44457793  44457793       000 266746758       000    0    0    0    0    0         1  7594001101383        2636266       20842968   510519430001  N  0                          5599 01/08/2023
01 36842632  11623  M  LOSARTAN P. AL50MG. X30TA                  12 136473557 136473557       0001637682684       000    0    0    0    0    0         1  7597758000138        2636266       20842968   510519430001  N  0                         DL077 01/11/2022
01 36842632  GN694  M  MELOXICAM GN 15MG. X10CO                    6  61490000  61490000       000 368940000       000    0    0    0    0    0         1  7591585178022        2636266       20842968   510519430001  N  0                           067 01/11/2021
01 36842632  CO540  M  MIOVIT COMP.AMP.3ML. X3 KIT                12 254577398 254577398       0003054928776       000    0    0    0    0    0         1  7591818026366        2636267       20843189   510519430001  N  0                         00213 01/06/2023
01 36842632  FA514  M  NEURIXA 75MG. X14CA                         6 127285804 127285804       000 763714824       000    0    0    0    0    0         1  7591821903616        2636270       20843285   510519430001  N  0                       2002749 01/03/2022
01 36842632  ZP002  M  ORALZINC MNDARINA.PVO.1S                    1  91119742  91119742       000  91119742       000    0    0    0    0    0         1  7591651722302        2636267       20843189   510519430001  N  0                       2004028 01/04/2022
01 36842632  11629  M  PANTOPRAZOL AL40MG. X7TA                    3  63147594  63147594       000 189442782       000    0    0    0    0    0         1  7597758000299        2636270       20843285   510519430001  N  0                         DL081 01/11/2022
01 36842632  12160  M  TAMSULOSINA BM0,4MG.100TA                   2 302445000 302445000       000 604890000       000    0    0    0    0    0         1  6930169708384        2636266       20842968   510519430001  N  0                        190438 01/03/2022
01 36842632  PA949  M  TONUM 10MG. X30TA                           2  98741617  98741617       000 197483234       000    0    0    0    0    0         1  7591243851106        2636272       20843351   510519430001  N  0                       9184601 01/07/2023
01 36842632  12640  M  AMOXICILINA DAC 500X10TA                   12  89700000  89700000       0001076400000       000    0    0    0    0    0         2  8906121690002        2636270       20843274   510519430002  N  0                          V114 01/06/2022
01 36842632  12640  M  AMOXICILINA DAC 500X10TA                   12  89700000  89700000       0001076400000       000    0    0    0    0    0         2  8906121690002        2636269       20843274   510519430002  N  0                          V114 01/06/2022
01 36842632  LX103  M  CARNISIN 1G.S.ORAL S/A180                   3 205140000 205140000       000 615420000       000    0    0    0    0    0         3  7591585112323        2636271       20843288   510519430003  N  0                           047 01/08/2022
01 36842632  10615  N  CITRATO POTASIO10,8%FS240                   6  75153000  75153000       000 450918000       000    0    0    0    0    0         3  7592368003449        2636266       20842968   510519430003  N  0                       0920038 01/09/2021
02 36842632        170   20976750589           000           000   20976750589    0    0    0  000    0    0    0   08/10/2020 04:22:30 p.m.   PR           000           000             0            25
