01 36859630  GN790  M  AMLODIPINA GN 5MG. X30CO                    3 113490000 113490000       000 340470000       000    0    0    0    0    0         1  7591585278166        2636451       20867970   510693270001  N  0                           381 01/09/2023
01 36859630  VA012  M  ANTIFOM 40MG. X10CO                         1 144612631 144612631       000 144612631       000    0    0    0    0    0         1  7592349722925        2636454       20868053   510693270001  N  0                       2008016 01/08/2022
01 36859630  12243  M  ANTIFON 125MG X10 TA.MAST                   1 185331190 185331190       000 185331190       000    0    0    0    0    0         1  7592349723724        2636454       20868053   510693270001  N  0                       2003097 01/03/2022
01 36859630  VC310  M  BEVINDAZOL400 SUSP.10ML                    12  58134375  64593750  77512500 697612500       000    0    0   10    0    0         1  7592782000055        2636453       20868027   510693270001  N  0                       2080010 01/09/2022
01 36859630  LT031  M  BIOTALOL 5MG. X30CO                         2 222579500 222579500       000 445159000       000    0    0    0    0    0         1  7591585217165        2636455       20868082   510693270001  N  0                           110 01/08/2022
01 36859630  12084  M  BREXIN FORTE 650MG. X10TA                  12  40793310  45325900  54391080 489519720       000    0    0   10    0    0         1  7591818716755        2636450       20867944   510693270001  N  0                         00350 01/09/2023
01 36859630  GQ719  M  CLOTRI-NEO-DEXA ELTER 20GR.                 3 175318000 175318000       000 525954000       000    0    0    0    0    0         1  7703763300051        2636451       20867970   510693270001  N  0                       3253216 01/09/2023
01 36859630  12798  M  CLOTRIMAZOL 100MG X10OVU                    2 227500000 227500000       000 455000000       000    0    0    0    0    0         1  7703153016050        2636451       20867970   510693270001  N  0                       1304942 01/07/2022
01 36859630  12927  M  CLOTRIMAZOL AL200MG X3OVU                   2 162779869 162779869       000 325559738       000    0    0    0    0    0         1  7597758000657        2636451       20867970   510693270001  N  0                      K1AAL004 01/07/2023
01 36859630  MK103  M  DIOSMINA +MK 600MG. X14TA                   1 467740000 467740000       000 467740000       000    0    0    0    0    0         1  7591519051193        2636452       20868009   510693270001  N  0                         31352 01/07/2023
01 36859630  MK953  M  DOL PLUS 20BLIS. X4TAB.                     1 693680000 693680000       000 693680000       000    0    0    0    0    0         1  7591519006599        2636455       20868082   510693270001  N  0                         31394 01/08/2023
01 36859630  ED244  M  DOMPESIN 10MG. X30CO                        1 136500000 136500000       000 136500000       000    0    0    0    0    0         1  7592803002112        2636455       20868082   510693270001  N  0                       2008416 01/09/2022
01 36859630  ZA102  M  EVIGAX 125MG. X10CA.BLA                     2 155869520 155869520       000 311739040       000    0    0    0    0    0         1  7592432900032        2636454       20868053   510693270001  N  0                        200178 01/08/2023
01 36859630  FA018  M  FITEX 20MG. X1TA                            6  23705440  23705440       000 142232640       000    0    0    0    0    0         1  7591821904293        2636451       20867970   510693270001  N  0                       1908512 01/09/2021
01 36859630  10829  M  FLUCON 200MG. X4CA                          1 175500000 175500000       000 175500000       000    0    0    0    0    0         1  7591955558331        2636452       20868009   510693270001  N  0                          0008 01/05/2022
01 36859630  GB840  M  GLICERINA GC SUPOS.PED. X6                  2 122004329 122004329       000 244008658       000    0    0    0    0    0         1  7591136923873        2636450       20867944   510693270001  N  0                       2006131 01/06/2022
01 36859630  GQ018  M  LEVOCETIRIZINA ELTER 5 X10                  3  67925000  67925000       000 203775000       000    0    0    0    0    0         1  7592454003025        2636453       20868027   510693270001  N  0                       3232421 01/07/2021
01 36859630  GQ769  M  LOSARTAN H ETR 50/12,5X15                   3 102418550 107809000  16171350 307255650       000    0    0    5    0    0         1  7703763190270        2636455       20868082   510693270001  N  0                       3253702 01/09/2022
01 36859630  LO105  M  MATILOL 0,50% S.OFT. 6ML.                   2 152441141 152441141       000 304882282       000    0    0    0    0    0         1  7591196001603        2636448       20867903   510693270001  N  0                        060960 01/06/2022
01 36859630  11628  M  METFORMINA AL500MG. X30TA                   6 129119617 129119617       000 774717702       000    0    0    0    0    0         1  7597758000084        2636451       20867970   510693270001  N  0                         DL087 01/11/2022
01 36859630  11602  M  METFORMINA SW 850MG.X30TA                   6 127296000 132600000  31824000 763776000       000    0    0    4    0    0         1  7705959880019        2636451       20867970   510693270001  N  0                       8CL3686 01/09/2021
01 36859630  VP720  M  NEURIBE B BLANDAS X 30                      2 175371375 175371375       000 350742750       000    0    0    0    0    0         1  7592432005300        2636454       20868053   510693270001  N  0                        200172 01/08/2023
01 36859630  KL084  M  PLIDAN COMP.10-125  X10CO                   2 195000000 195000000       000 390000000       000    0    0    0    0    0         1  7591619518695        2636452       20868009   510693270001  N  0                          0005 01/06/2023
01 36859630  12806  M  SALBUTAMOL INH 100X200DOS                   3 260000000 260000000       000 780000000       000    0    0    0    0    0         1  7707274721206        2636449       20867906   510693270001  N  0                        903101 01/10/2022
01 36859630  11271  M  STAMYL FORTE X10TA                          2 186814538 186814538       000 373629076       000    0    0    0    0    0         1  7591821802827        2636454       20868053   510693270001  N  0                       2007153 01/08/2022
01 36859630  12080  M  TIOCOLCHICOSIDO AL4MG.X2A                   2 136923509 136923509       000 273847018       000    0    0    0    0    0         1       75971359        2636452       20868009   510693270001  N  0                        DG1936 01/05/2022
01 36859630  PA226  M  YONAL 15MG. JBE. 120ML.                     2 101230926 101230926       000 202461852       000    0    0    0    0    0         1  7591243856705        2636452       20868009   510693270001  N  0                       9214002 01/08/2023
01 36859630  BQ001  M  AMBROXOL BQ. 15MG.120ML.                    3  84093750  84093750       000 252281250       000    0    0    0    0    0         2  7594000850909        2636453       20868027   510693270002  N  0                        200612 01/06/2022
01 36859630  BQ290  M  AMBROXOL BQ. 30MG.120ML.                    3  84500000  84500000       000 253500000       000    0    0    0    0    0         2  7594000850923        2636453       20868027   510693270002  N  0                        200801 01/08/2022
01 36859630  QO170  M  BROXOL FLEM PED. 120CC.                     2 130000000 130000000       000 260000000       000    0    0    0    0    0         2  7592454000444        2636452       20868009   510693270002  N  0                       3249712 01/08/2022
01 36859630  10615  N  CITRATO POTASIO10,8%FS240                   6  91650000  91650000       000 549900000       000    0    0    0    0    0         2  7592368003449        2636452       20868009   510693270002  N  0                       1020039 01/10/2021
01 36859630  PD710  M  CLENBUXOL JBE. AD. 120CC.                   2 156000000 156000000       000 312000000       000    0    0    0    0    0         2  7591955000151        2636453       20868027   510693270002  N  0                          0062 01/02/2023
01 36859630  CO110  M  MUCOBROL 4MG. JBE.120ML.                    2 121037936 134486595  26897318 242075872       000    0    0   10    0    0         2  7591818112021        2636452       20868009   510693270002  N  0                         00175 01/05/2022
01 36859630  GG800  M  MUCORAMA 15MG. JBE.118ML.                   2 120435055 120435055       000 240870110       000    0    0    0    0    0         2  7591651722401        2636452       20868009   510693270002  N  0                       2004053 01/04/2022
02 36859630        105   12616333679           000           000   12616333679    0    0    0  000    0    0    0   09/11/2020 10:31:20 a.m.   PR           000           000             0            34
