01 36854397  PO120  M  ALGOREN 40MG. X20TA                         2 193050000 193050000       000 386100000       000    0    0    0    0    0         1  7592806133028        2636387       20861811   510641560001  N  0                        003034 01/03/2025
01 36854397  13134  M  ANTAAR +MK 2,5MG X10TA                      2  76700000  76700000       000 153400000       000    0    0    0    0    0         1  7591519317718        2636387       20861811   510641560001  N  0                         31375 01/07/2023
01 36854397  10727  M  ANTAAR 2,5MG. X30TA                         2 160030000 160030000       000 320060000       000    0    0    0    0    0         1  7591519051872        2636387       20861811   510641560001  N  0                         31375 01/07/2023
01 36854397  MY014  M  ARBIXIL 7,5-5 GOTAS 15ML.                   2  59438836  74298545  29719418 118877672       000    0    0   20    0    0         1  7592601100683        2636383       20861807   510641560001  N  0                        928903 01/09/2022
01 36854397  12193  M  AZITROMICINA AL200 22,5ML                   2 152697501 152697501       000 305395002       000    0    0    0    0    0         1  7597758000152        2636383       20861807   510641560001  N  0                         DL073 01/08/2022
01 36854397  GN629  M  AZITROMICINA GN 500 X 5                    24 147862000 147862000       0003548688000       000    0    0    0    0    0         1  7591585279460        2636383       20861807   510641560001  N  0                           314 01/09/2022
01 36854397  PO180  M  BACTRON SUSP. 100ML.                        2 157300000 157300000       000 314600000       000    0    0    0    0    0         1  7592806122015        2636382       20861806   510641560001  N  0                        008092 01/08/2025
01 36854397  VC310  M  BEVINDAZOL400 SUSP.10ML                    12  63375000  63375000       000 760500000       000    0    0    0    0    0         1  7592782000055        2636386       20861810   510641560001  N  0                       2080010 01/09/2022
01 36854397  10371  M  BLOCAX 16MG. X30TA                          2 196345898 196345898       000 392691796       000    0    0    0    0    0         1  7591243805376        2636383       20861807   510641560001  N  0                       9217802 01/07/2022
01 36854397  PD714  M  BUMELEX 1MG. X16CO                          2 101400000 101400000       000 202800000       000    0    0    0    0    0         1  7591955000991        2636386       20861810   510641560001  N  0                          0048 01/06/2022
01 36854397  LO120  M  CLARASOL SOL.OFT. 15ML.                     2  63550260  63550260       000 127100520       000    0    0    0    0    0         1  7591196000071        2636384       20861808   510641560001  N  0                       I050921 01/06/2023
01 36854397  LO149  M  CORTYNASE SUSP.NASAL 140D.                  2 188223733 188223733       000 376447466       000    0    0    0    0    0         1  7591196004604        2636382       20861806   510641560001  N  0                        040099 01/05/2022
01 36854397  LT038  M  COVENTROL 6,25MG. X30CO                     3 142740000 142740000       000 428220000       000    0    0    0    0    0         1  7591585265630        2636384       20861808   510641560001  N  0                           121 01/07/2022
01 36854397  GP220  M  DALTAZEN 60MG. X20CO                        6  98280000  98280000       000 589680000       000    0    0    0    0    0         1  7594000490303        2636385       20861809   510641560001  N  0                          0050 01/09/2022
01 36854397  PA176  M  DECA LENTERMINA C. X2AMP.                   6 169839297 169839297       0001019035782       000    0    0    0    0    0         1  7591243811445        2636385       20861809   510641560001  N  0                       9211801 01/08/2022
01 36854397  KL344  M  DORIXINA FLEX 125-5 X10CO                   6 138320000 138320000       000 829920000       000    0    0    0    0    0         1  7591619518671        2636385       20861809   510641560001  N  0                          0014 01/10/2023
01 36854397  GN146  M  ENALAPRIL GN 20MG. X30CO                    6 106210000 106210000       000 637260000       000    0    0    0    0    0         1  7591585378538        2636384       20861808   510641560001  N  0                           412 01/07/2023
01 36854397  MK694  M  FINASTERIDE +MK 5MG. X30                    1 374400000 374400000       000 374400000       000    0    0    0    0    0         1  7591519050820        2636384       20861808   510641560001  N  0                         31476 01/09/2023
01 36854397  GQ114  M  FLUDIL 10MG. X20TA                          3 130949000 130949000       000 392847000       000    0    0    0    0    0         1  7592454345057        2636384       20861808   510641560001  N  0                       3253461 01/09/2023
01 36854397  VA551  M  KETAZOL 20MG. CREMA 15GR.                   3  99963392  99963392       000 299890176       000    0    0    0    0    0         1  7592349429787        2636384       20861808   510641560001  N  0                       2004530 01/04/2025
01 36854397  FA239  M  NOTOLAC 30MG. X4TA.SUBL.                    2 118300000 118300000       000 236600000       000    0    0    0    0    0         1  7591821210134        2636387       20861811   510641560001  N  0                       2008742 01/09/2022
01 36854397  PD210  M  PRAXONA 150MG. X10CO                        2 111020000 111020000       000 222040000       000    0    0    0    0    0         1  7591955000663        2636385       20861809   510641560001  N  0                          0051 01/03/2022
01 36854397  PA045  M  PROPRANOLOL 40MG. X20TA                     3 114550038 114550038       000 343650114       000    0    0    0    0    0         1  7591243843101        2636387       20861811   510641560001  N  0                       9201202 01/02/2023
01 36854397  12123  C  BOROCANFOR ORIG.PVO.35GR                    2  41659137  41659137       000  83318274  13330924    0    0    0    0    0         2       75971427        2636382       20861806   510641560002  N  0                       2008303 01/08/2022
01 36854397  LO444  M  APIRET 180SOL.ORAL 120ML.                   6  67195187  67195187       000 403171122       000    0    0    0    0    0         3  7591196002785        2636383       20861807   510641560003  N  0                        090996 01/09/2022
01 36854397  JN100  N  JENGIMIEL JBE.AD. 120ML.                    2 110500000 110500000       000 221000000       000    0    0    0    0    0         3  7592520000019        2636384       20861808   510641560003  N  0                        010920 01/09/2022
02 36854397        107   13004374650      83318274      13330924   13101023848    0    0    0  000    0    0    0   30/10/2020 04:31:56 p.m.   PR           000           000             0            26
