01 36856842  LN260  M  ACICLOVIR LN 200MG. X25TA                   2 202724525 202724525       000 405449050       000    0    0    0    0    0         1  7592348201100        2636415       20865017   510669320001  N  0                       2006053 01/06/2023
01 36856842  GN091  M  CAPTOPRIL GN 25MG.X30CO                     3  91728000  91728000       000 275184000       000    0    0    0    0    0         1  7591585370167        2636414       20864943   510669320001  N  0                           115 01/05/2024
01 36856842  GN176  M  CARBAMAZEPINA GN 200X30CO                   6 149578000 149578000       000 897468000       000    0    0    0    0    0         1  7591585278265        2636415       20865017   510669320001  N  0                           302 01/09/2025
01 36856842  11640  M  CYTRIAX 1GR.IV-IM. X1                      12  70638841  70638841       000 847666092       000    0    0    0    0    0         1       75971342        2636414       20864943   510669320001  N  0                         D1915 01/06/2022
01 36856842  10881  M  DIDEROT AMP X1ML 50MG 5MG                   2 390000000 390000000       000 780000000       000    0    0    0    0    0         1  7502214984983        2636414       20864943   510669320001  N  0                         80402 01/04/2021
01 36856842  CO450  M  KETOPROFENO CO 2ML.X1AMP.                   2  89292256  99213618  19842724 178584512       000    0    0   10    0    0         1  7591818131039        2636415       20865017   510669320001  N  0                         00288 01/07/2024
01 36856842  CO018  M  KETOPROFENO CO100MG.X10TA                   6  86228282  95809202  57485520 517369692       000    0    0   10    0    0         1  7591818136058        2636415       20865017   510669320001  N  0                         00115 01/05/2024
01 36856842  GQ164  M  MELOXICAM ELTE15MG. X10TA                   3  77454000  77454000       000 232362000       000    0    0    0    0    0         1  7592454162050        2636415       20865017   510669320001  N  0                       3242960 01/03/2023
01 36856842  GQ159  M  MELOXICAM ELTER 7,5 X 10                    3  67990000  67990000       000 203970000       000    0    0    0    0    0         1  7592454162005        2636415       20865017   510669320001  N  0                       3249994 01/08/2023
01 36856842  LX102  M  MIGREN 650-50-1 X20CO                       2 134589000 134589000       000 269178000       000    0    0    0    0    0         1  7591585415738        2636415       20865017   510669320001  N  0                           499 01/08/2022
01 36856842  GQ370  M  PIROXICAM ELTER20MG.X10CA                   3 103272000 103272000       000 309816000       000    0    0    0    0    0         1  7592454172073        2636415       20865017   510669320001  N  0                       3234432 01/10/2024
02 36856842         44    4917047346           000           000    4917047346    0    0    0  000    0    0    0   04/11/2020 11:31:20 a.m.   PR           000           000             0            11
