01 36854903  AP840  M  ALSART 80MG. X10 CAPSULAS                   3  87360000  87360000       000 262080000       000    0    0    0    0    0         1  7592601201021        2636389       20862782   510646230001  N  0                        031404 01/09/2022
01 36854903  GN790  M  AMLODIPINA GN 5MG. X30CO                    6 107965000 107965000       000 647790000       000    0    0    0    0    0         1  7591585278166        2636389       20862782   510646230001  N  0                           381 01/09/2023
01 36854903  13123  M  AZITROMICINA BM 500MGX6CA                  12 234000000 234000000       0002808000000       000    0    0    0    0    0         1  6972718560043        2636389       20862782   510646230001  N  0                        191245 01/11/2022
01 36854903  GN629  M  AZITROMICINA GN 500 X 5                    12 147862000 147862000       0001774344000       000    0    0    0    0    0         1  7591585279460        2636389       20862782   510646230001  N  0                           314 01/09/2022
01 36854903  12141  M  CARVEDILOL BM6,25 X100TA                    1 304200000 304200000       000 304200000       000    0    0    0    0    0         1  6930169708377        2636390       20862783   510646230001  N  0                        190437 01/02/2022
01 36854903  12078  M  CLAUSY SUSP.ORAL X10 5ML.                   1 730080000 730080000       000 730080000       000    0    0    0    0    0         1  8936187370020        2636389       20862782   510646230001  N  0                         10320 01/03/2022
01 36854903  KL053  M  CORENTEL 1,25MG. X30CO                      2 123500000 123500000       000 247000000       000    0    0    0    0    0         1  7591619520261        2636389       20862782   510646230001  N  0                          0004 01/09/2023
01 36854903  LO149  M  CORTYNASE SUSP.NASAL 140D.                  1 227704870 227704870       000 227704870       000    0    0    0    0    0         1  7591196004604        2636389       20862782   510646230001  N  0                        040099 01/05/2022
01 36854903  GT004  M  COVENTROL 12,5MG. X30CO                     6 183950000 183950000       0001103700000       000    0    0    0    0    0         1  7591585365644        2636390       20862783   510646230001  N  0                           120 01/07/2022
01 36854903  LT038  M  COVENTROL 6,25MG. X30CO                     6 142740000 142740000       000 856440000       000    0    0    0    0    0         1  7591585265630        2636390       20862783   510646230001  N  0                           121 01/07/2022
01 36854903  GP220  M  DALTAZEN 60MG. X20CO                        8 117000000 117000000       000 936000000       000    0    0    0    0    0         1  7594000490303        2636389       20862782   510646230001  N  0                          0050 01/09/2022
01 36854903  PA176  M  DECA LENTERMINA C. X2AMP.                   3 169839297 169839297       000 509517891       000    0    0    0    0    0         1  7591243811445        2636389       20862782   510646230001  N  0                       9211801 01/08/2022
01 36854903  AH235  M  HEXOMEDINE COLUT.AER.30GR                   1 227500000 227500000       000 227500000       000    0    0    0    0    0         1  7591044401463        2636389       20862782   510646230001  N  0                         30840 01/10/2021
01 36854903  AH295  M  LASIX 20MG. X24CO                           2 182000000 182000000       000 364000000       000    0    0    0    0    0         1  7592205000037        2636389       20862782   510646230001  N  0                         30705 01/06/2022
01 36854903  GQ769  M  LOSARTAN H ETR 50/12,5X15                   6 104663000 104663000       000 627978000       000    0    0    0    0    0         1  7703763190270        2636389       20862782   510646230001  N  0                       3253702 01/09/2022
01 36854903  DP475  M  METRONIDAZOL DP125 120ML.                   3  90599790  90599790       000 271799370       000    0    0    0    0    0         1  7592616382012        2636389       20862782   510646230001  N  0                         00449 01/06/2022
01 36854903  12161  M  VALSARTAN BM80MG. X100TA                    1 707850000 707850000       000 707850000       000    0    0    0    0    0         1  6930169708001        2636389       20862782   510646230001  N  0                        190431 01/03/2022
01 36854903  VO104  M  VALSARTAN H.GNCR 80/12,5X14                 2 129763448 129763448       000 259526896       000    0    0    0    0    0         1  7591020008594        2636389       20862782   510646230001  N  0                            12 01/05/2022
02 36854903         76   12865511027           000           000   12865511027    0    0    0  000    0    0    0   02/11/2020 09:11:36 a.m.   PR           000           000             0            18
