01 36866159  LR220  M  AZITROMICINA LF500 X3CA                     6 133958761 133958761       000 803752566       000    0    0    0    0    0         1  7594000020074        2636516       20875838   510760820001  N  0                         L2011 01/09/2022
01 36866159  12641  M  CIPROFLOXACINA DAC 500X10                  12 129168000 129168000       0001550016000       000    0    0    0    0    0         1  8906121690057        2636516       20875838   510760820001  N  0                          0032 01/02/2023
01 36866159  GQ045  M  DAKSOL 500MG. X4TA                          6  78468000  78468000       000 470808000       000    0    0    0    0    0         1  7592454138857        2636516       20875838   510760820001  N  0                       3233494 01/09/2022
01 36866159  KF190  M  DERMAZOL 0,05% CR.30GR.                     1 208000000 208000000       000 208000000       000    0    0    0    0    0         1  7591619519036        2636516       20875838   510760820001  N  0                          0054 01/10/2022
01 36866159  LT073  M  DICLOFENAC P. GN 50 X30CO                  24 156156000 156156000       0003747744000       000    0    0    0    0    0         1  7591585379245        2636516       20875838   510760820001  N  0                           746 01/09/2023
01 36866159  NP002  M  FARMA D 1000UI X30TA                        3 184275000 184275000       000 552825000       000    0    0    0    0    0         1  7591821102101        2636516       20875838   510760820001  N  0                       2010908 01/10/2023
01 36866159  GQ085  M  GENTAMICINA ELTER CR.15GR                   2 168038000 168038000       000 336076000       000    0    0    0    0    0         1  7592454146807        2636516       20875838   510760820001  N  0                       3234715 01/10/2021
01 36866159  GP200  M  RIDAL 2MG. X20CO                            3 182000000 182000000       000 546000000       000    0    0    0    0    0         1  7594000490617        2636516       20875838   510760820001  N  0                          0036 01/05/2024
01 36866159  MK409  M  SECNIDAZOL +MK 1GR. X 2                     3 147030000 147030000       000 441090000       000    0    0    0    0    0         1  7591519003918        2636516       20875838   510760820001  N  0                         31417 01/08/2023
01 36866159  LC580  N  ALLIXON NARANJA 240 CC.                     2 117975000 117975000       000 235950000  37752000    0    0    0    0    0         2  7591585112439        2636516       20875838   510760820002  N  0                           341 01/08/2022
02 36866159         62    8892261566           000      37752000    8930013566    0    0    0  000    0    0    0   18/11/2020 01:40:42 p.m.   PR           000           000             0            10
