01 36863453  LN001  M  ACICLOVIR LN CR.TOP. 20GR.                  1 151365444 151365444       000 151365444       000    0    0    0    0    0         1  7592348201117        2636487       20872229   510731240001  N  0                       2006098 01/06/2023
01 36863453  AP840  M  ALSART 80MG. X10 CAPSULAS                   2  87360000  87360000       000 174720000       000    0    0    0    0    0         1  7592601201021        2636487       20872229   510731240001  N  0                        031404 01/09/2022
01 36863453  12134  M  AMPICILINA BM500 X100CA                     1 546000000 546000000       000 546000000       000    0    0    0    0    0         1  6930169708278        2636482       20871929   510731240001  N  0                        190457 01/03/2022
01 36863453  11352  M  ANAPIR 400MG. X10CA,BLAN                    6 138710000 138710000       000 832260000       000    0    0    0    0    0         1  7593090001024        2636485       20872098   510731240001  N  0                        200173 01/08/2023
01 36863453  GQ224  M  CETIRIZINA ELTER JBE. 60CC.                12 111293000 111293000       0001335516000       000    0    0    0    0    0         1  7592454138239        2636487       20872229   510731240001  N  0                       3254786 01/09/2023
01 36863453  12927  M  CLOTRIMAZOL AL200MG X3OVU                   2 177347717 177347717       000 354695434       000    0    0    0    0    0         1  7597758000657        2636488       20872300   510731240001  N  0                      K1AAL004 01/07/2023
01 36863453  LO509  M  DESLORAT 0,5MG. JBE.60ML.                   6 150208574 150208574       000 901251444       000    0    0    0    0    0         1  7591196004161        2636485       20872098   510731240001  N  0                        090903 01/09/2022
01 36863453  12583  M  DICLOFENAC P KMP 50MGX10T                  48  49140000  49140000       0002358720000       000    0    0    0    0    0         1  6921875010823        2636486       20872174   510731240001  N  0                       2004430 01/04/2023
01 36863453  DP135  M  DICLOFENAC P. DP 50 X20TA                  12  92164979  92164979       0001105979748       000    0    0    0    0    0         1  7592616165028        2636486       20872174   510731240001  N  0                         01080 01/10/2023
01 36863453  KL814  M  FARBICIL 1% CR.TOP. 15GR.                   2  91000000  91000000       000 182000000       000    0    0    0    0    0         1  7591619520377        2636488       20872300   510731240001  N  0                          0001 01/02/2023
01 36863453  MO008  M  LECART SOL.ORAL 60ML.                       6  87660300  87660300       000 525961800       000    0    0    0    0    0         1  7592601301523        2636487       20872229   510731240001  N  0                        035102 01/09/2022
01 36863453  LT210  M  LONGACEF 100MG.PPSO 60ML.                   1 584610000 584610000       000 584610000       000    0    0    0    0    0         1  7591585116208        2636489       20872329   510731240001  N  0                           491 01/05/2022
01 36863453  LN165  M  MADECASSOL 2% POLVO 5GR.                    2 179210909 179210909       000 358421818       000    0    0    0    0    0         1  7592348218108        2636482       20871929   510731240001  N  0                       2009025 01/09/2025
01 36863453  12571  M  MEMANTINA KMPLUS 10X 14TA                   2 199836000 199836000       000 399672000       000    0    0    0    0    0         1  6921875010847        2636487       20872229   510731240001  N  0                       2004432 01/04/2023
01 36863453  CO540  M  MIOVIT COMP.AMP.3ML. X3 KIT                12 284566616 316185129 3794221563414799392       000    0    0   10    0    0         1  7591818026366        2636485       20872098   510731240001  N  0                         00261 01/07/2023
01 36863453  12508  C  MUM DERMIS D BOL 60GR                       6  34498684  34498684       000 206992104  33118737    0    0    0    0    0         1       75070335        2636489       20872329   510731240001  N  0                   008722033L1 01/01/2023
01 36863453  VC580  M  OTAN GOTAS 5ML.                             3  84093750  93437500  28031250 252281250       000    0    0   10    0    0         1  7592782000567        2636487       20872229   510731240001  N  0                       2070011 01/07/2022
01 36863453  LO550  M  QUINOTIC 0,30%S.OTICA 5ML                   3 118763237 118763237       000 356289711       000    0    0    0    0    0         1  7591196000620        2636487       20872229   510731240001  N  0                        080136 01/09/2022
01 36863453  KN370  M  ROWELUK 4MG. X30TA.MAST.                    2 124800000 156000000  62400000 249600000       000    0    0   20    0    0         1  7591619517285        2636486       20872174   510731240001  N  0                          0004 01/06/2021
01 36863453  PA033  M  SAX SOL. VAGINAL 135 CC.                    1 105658124 107814412   2156288 105658124       000    0    0    2    0    0         1  7591241846609        2636488       20872300   510731240001  N  0                       9223501 01/09/2023
01 36863453  PA034  M  SAXACID SOL. VAG. 135 CC.                   1 102328606 104416945   2088339 102328606       000    0    0    2    0    0         1  7591241846647        2636488       20872300   510731240001  N  0                       9192802 01/06/2022
01 36863453  LO124  M  AIRON 10MG. X10TA                           6 129683815 129683815       000 778102890       000    0    0    0    0    0         2  7591196002563        2636487       20872229   510731240002  N  0                       I060928 01/06/2022
01 36863453  LO239  M  AIRON 4MG. X10TAB.MAST.                     3  90035439  90035439       000 270106317       000    0    0    0    0    0         2  7591196002952        2636487       20872229   510731240002  N  0                       I020831 01/02/2022
01 36863453  LO104  M  AIRON 5MG. X10TAB.MAST.                     3  91558281  91558281       000 274674843       000    0    0    0    0    0         2  7591196002549        2636487       20872229   510731240002  N  0                       I030862 01/04/2022
01 36863453  FA022  M  BONAMES 150MG. X1TA                         3 136284912 136284912       000 408854736       000    0    0    0    0    0         2  7591821903326        2636487       20872229   510731240002  N  0                       1911265 01/11/2023
01 36863453  NP370  M  BREINOX 800MG. X30TA                        1 369251662 369251662       000 369251662       000    0    0    0    0    0         2  7591821902701        2636489       20872329   510731240002  N  0                       2008104 01/09/2025
01 36863453  12078  M  CLAUSY SUSP.ORAL X10 5ML.                   1 743600000 743600000       000 743600000       000    0    0    0    0    0         2  8936187370020        2636489       20872329   510731240002  N  0                         10320 01/03/2022
01 36863453  GP220  M  DALTAZEN 60MG. X20CO                        6 117000000 117000000       000 702000000       000    0    0    0    0    0         2  7594000490303        2636485       20872098   510731240002  N  0                          0050 01/09/2022
01 36863453  KL264  M  DERMOSUPRIL CR. 0,05% 15GR.                 1  49686000  82810000  33124000  49686000       000    0    0   40    0    0         2  7703281003793        2636488       20872300   510731240002  N  0                        S00877 01/03/2021
01 36863453  PA874  M  DI EUDRIN 12,5MG. X24TA                    12 101062907 103125415  247500961212754884       000    0    0    2    0    0         2  7591243812374        2636482       20871929   510731240002  N  0                       9198807 01/07/2023
01 36863453  MK103  M  DIOSMINA +MK 600MG. X14TA                   2 467740000 467740000       000 935480000       000    0    0    0    0    0         2  7591519051193        2636485       20872098   510731240002  N  0                         31352 01/07/2023
01 36863453  PD729  M  KELFEN GEL TOPICO 30GR.                     2  78624000  98280000  39312000 157248000       000    0    0   20    0    0         2  7591955001677        2636486       20872174   510731240002  N  0                          0017 01/09/2022
01 36863453  GN694  M  MELOXICAM GN 15MG. X10CO                    6  78650000  78650000       000 471900000       000    0    0    0    0    0         2  7591585178022        2636486       20872174   510731240002  N  0                           067 01/11/2021
01 36863453  11628  M  METFORMINA AL500MG. X30TA                   6 175843836 175843836       0001055063016       000    0    0    0    0    0         2  7597758000084        2636487       20872229   510731240002  N  0                         DL087 01/11/2022
01 36863453  FA239  M  NOTOLAC 30MG. X4TA.SUBL.                    6 118300000 118300000       000 709800000       000    0    0    0    0    0         2  7591821210134        2636484       20871980   510731240002  N  0                       2008742 01/09/2022
01 36863453  11536  M  OLMECAR 20MG. X30CO                         1 243815000 243815000       000 243815000       000    0    0    0    0    0         2  7591585318794        2636487       20872229   510731240002  N  0                           035 01/02/2022
01 36863453  12559  M  OLMECAR 40MG X30CO                          1 424710000 424710000       000 424710000       000    0    0    0    0    0         2  7591585318800        2636487       20872229   510731240002  N  0                           016 01/07/2022
01 36863453  KN380  M  ROWELUK 5MG. X30TA.MAST.                    2 195000000 195000000       000 390000000       000    0    0    0    0    0         2  7591619517278        2636486       20872174   510731240002  N  0                          0005 01/09/2022
01 36863453  GQ105  M  BROXOL JBE.AD. 120ML.                       3 116753000 116753000       000 350259000       000    0    0    0    0    0         3  7592454536271        2636487       20872229   510731240003  N  0                       3253465 01/09/2022
01 36863453  VA530  M  GYNOVIT DUCHA VAG. 130ML.                   1  95359875  95359875       000  95359875       000    0    0    0    0    0         3  7592349844757        2636488       20872300   510731240003  N  0                       2008075 01/08/2023
01 36863453  KL574  M  MAILEN 2,5MG. JBE. 50ML.                   12  72800000  91000000 218400000 873600000       000    0    0   20    0    0         3  7591619519135        2636485       20872098   510731240003  N  0                          0016 01/07/2022
02 36863453        209   24808396994     206992104      33118737   25048507835    0    0    0  000    0    0    0   13/11/2020 11:10:24 a.m.   PR           000           000             0            41
