01 36861141  PB610  M  ADEL UNG. 50 GR.                            1 178959326 178959326       000 178959326  28633492    0    0    0    0    0         1  7591309003692        2636462       20868941   510703550001  N  0                      A2007201 01/07/2023
01 36861141  LO124  M  AIRON 10MG. X10TA                           3 129683815 129683815       000 389051445       000    0    0    0    0    0         1  7591196002563        2636465       20869139   510703550001  N  0                       I060928 01/06/2022
01 36861141  MY019  M  ALANTAMIDA CREMA 20GR.                      1 144229092 144229092       000 144229092       000    0    0    0    0    0         1  7592601100645        2636462       20868941   510703550001  N  0                        906602 01/11/2022
01 36861141  VM780  M  AMOXIVAL 250MG.PPSO 90ML.                   2 143510596 143510596       000 287021192       000    0    0    0    0    0         1  7591020000758        2636461       20868828   510703550001  N  0                           407 01/06/2022
01 36861141  13133  M  ANTAAR +MK 10MG X10T                        2 169260000 169260000       000 338520000       000    0    0    0    0    0         1  7591519317732        2636464       20869010   510703550001  N  0                         31372 01/07/2022
01 36861141  13426  M  AZITROMICI DAC 200MGX15ML                   2  89700000  89700000       000 179400000       000    0    0    0    0    0         1  8906121690248        2636463       20868975   510703550001  N  0                          0039 01/01/2022
01 36861141  12193  M  AZITROMICINA AL200 22,5ML                   2 147305370 147305370       000 294610740       000    0    0    0    0    0         1  7597758000152        2636463       20868975   510703550001  N  0                         DL073 01/08/2022
01 36861141  GQ954  M  BETAHISTINA ELTER 16MG. X20                 2 232817000 232817000       000 465634000       000    0    0    0    0    0         1  7592454002400        2636462       20868941   510703550001  N  0                       3247999 01/06/2022
01 36861141  NP370  M  BREINOX 800MG. X30TA                        1 369251662 369251662       000 369251662       000    0    0    0    0    0         1  7591821902701        2636465       20869139   510703550001  N  0                       2008104 01/09/2025
01 36861141  VP610  M  CETIRIVAX 10MG. X10CA.BL.                  12  63247532  63247532       000 758970384       000    0    0    0    0    0         1  7592432001654        2636462       20868941   510703550001  N  0                        200191 01/08/2023
01 36861141  LO120  M  CLARASOL SOL.OFT. 15ML.                     3  98392148  98392148       000 295176444       000    0    0    0    0    0         1  7591196000071        2636462       20868941   510703550001  N  0                       I050921 01/06/2023
01 36861141  LO409  M  DESLORAT 5MG. X10TA                        12  63110497  63110497       000 757325964       000    0    0    0    0    0         1  7591196002969        2636462       20868941   510703550001  N  0                      I0909944 01/09/2022
01 36861141  PA994  M  DIAGESIC SUSP.ORAL 120ML.                   1 140622391 140622391       000 140622391       000    0    0    0    0    0         1  7591243811728        2636461       20868828   510703550001  N  0                       9172801 01/07/2022
01 36861141  12428  M  DICLOFENAC S. BP 50MG X20                   6  65312000  65312000       000 391872000       000    0    0    0    0    0         1  7597285000106        2636466       20869253   510703550001  N  0                       DS19032 01/02/2022
01 36861141  GN146  M  ENALAPRIL GN 20MG. X30CO                    6 106210000 106210000       000 637260000       000    0    0    0    0    0         1  7591585378538        2636461       20868828   510703550001  N  0                           415 01/09/2023
01 36861141  MK694  M  FINASTERIDE +MK 5MG. X30                    2 436800000 436800000       000 873600000       000    0    0    0    0    0         1  7591519050820        2636462       20868941   510703550001  N  0                         31476 01/09/2023
01 36861141  LO810  M  FISIOLIN GOTAS PED. 15ML.                   2  98901568  98901568       000 197803136       000    0    0    0    0    0         1  7591196002198        2636461       20868828   510703550001  N  0                       I020849 01/03/2023
01 36861141  LO175  M  GARABET SOL.OFT. 5CC.                       2 116042494 116042494       000 232084988       000    0    0    0    0    0         1  7591196000255        2636465       20869139   510703550001  N  0                        070710 01/08/2023
01 36861141  11561  N  GLUCOSAMINA AI500MG.X60CA                   1 383760000 383760000       000 383760000       000    0    0    0    0    0         1  7592946169758        2636463       20868975   510703550001  N  0                      15209758 01/09/2022
01 36861141  LO003  M  IPORET SUSP.PED. 60ML.                      3  98359230  98359230       000 295077690       000    0    0    0    0    0         1  7591196004253        2636461       20868828   510703550001  N  0                       I020838 01/05/2022
01 36861141  VA551  M  KETAZOL 20MG. CREMA 15GR.                   2 114438091 114438091       000 228876182       000    0    0    0    0    0         1  7592349429787        2636462       20868941   510703550001  N  0                       2004530 01/04/2025
01 36861141  13016  M  LORATADINA 10MG X10TA                      12  60522667  60522667       000 726272004       000    0    0    0    0    0         1  7592432008028        2636464       20869010   510703550001  N  0                       1279554 01/12/2021
01 36861141  GN101  M  LOSARTAN P. GN 50MG. X30                   12 198607500 198607500       0002383290000       000    0    0    0    0    0         1  7591585278951        2636465       20869139   510703550001  N  0                           347 01/07/2022
01 36861141  12930  M  METRONIDAZOL 500MG X10OVU                   1 293003766 293003766       000 293003766       000    0    0    0    0    0         1  7597758000671        2636463       20868975   510703550001  N  0                      K1ADU002 01/05/2022
01 36861141  11566  M  OLMESARTAN LS 20MG.X10CO                    3  88129600  92768000  13915200 264388800       000    0    0    5    0    0         1  7592454891219        2636462       20868941   510703550001  N  0                       3234152 01/10/2021
01 36861141  MK355  M  PREDNISONA +MK TAB. 5 X 10                  6  91000000  91000000       000 546000000       000    0    0    0    0    0         1  7591519001037        2636464       20869010   510703550001  N  0                         31320 01/06/2025
01 36861141  LT041  M  RIFAMIX 200MG. X12CO                        2 388960000 388960000       000 777920000       000    0    0    0    0    0         1  7591585119049        2636462       20868941   510703550001  N  0                           036 01/10/2023
01 36861141  MY104  N  SEDIVAL TAB. X30                            1 183374602 183374602       000 183374602       000    0    0    0    0    0         1  7592601100836        2636458       20868611   510703550001  N  0                        060501 01/03/2022
01 36861141  12393  M  TAMSUWELL 0.4MG X100CO                      1 901368000 901368000       000 901368000       000    0    0    0    0    0         1  8904307701177        2636462       20868941   510703550001  N  0                        DT0163 01/06/2023
01 36861141  13286  M  TENOREN 100MG X30TAB                        6  84500000  84500000       000 507000000       000    0    0    0    0    0         1  7598055000562        2636462       20868941   510703550001  N  0                         KK076 01/01/2025
01 36861141  LT885  M  TENSOPIN 10MG. X20CO.DISP                   2  78807300  78807300       000 157614600       000    0    0    0    0    0         1  7591585111784        2636463       20868975   510703550001  N  0                           164 01/06/2023
01 36861141  LO215  M  TOBRASOL SOL.OFT. 5ML.                      3 131641244 131641244       000 394923732       000    0    0    0    0    0         1  7591196000491        2636463       20868975   510703550001  N  0                       I129382 01/01/2022
01 36861141  VO104  M  VALSARTAN H.GNCR 80/12,5X14                 3 135689991 135689991       000 407069973       000    0    0    0    0    0         1  7591020008594        2636463       20868975   510703550001  N  0                            12 01/05/2022
01 36861141  PB620  C  VITENOL CREMA 15GR.                         2  49412379  49412379       000  98824758  15811961    0    0    0    0    0         1  7591309000714        2636462       20868941   510703550001  N  0                      A2006172 01/06/2023
01 36861141  PB089  C  OVERSKIN 40% CR. 50GR.                      3 166130324 166130324       000 498390972  79742556    0    0    0    0    0         2  7591309000622        2636462       20868941   510703550002  N  0                      A2010355 01/10/2023
01 36861141  PA409  M  TONUM 1MG. SU.ORAL 100ML.                   1 138926649 138926649       000 138926649       000    0    0    0    0    0         3  7591243851083        2636464       20869010   510703550003  N  0                       9181101 01/05/2022
02 36861141        126   15520258762     597215730     124188009   16241662501    0    0    0  000    0    0    0   10/11/2020 02:04:39 p.m.   PR           000           000             0            36
