01 36862463  ET350  C  ADEMINA PLUS CR.CORP. 60GR.                 4 139932000 139932000       000 559728000  89556480    0    0    0    0    0         1  7591844000446        2636479       20871342   510722850001  N  0                    AP60200109 01/06/2023
01 36862463  MK005  M  AMLODIPINA +MK 5MG. X10TA                   6  52780000  52780000       000 316680000       000    0    0    0    0    0         1  7591519001334        2636476       20871194   510722850001  N  0                         31067 01/01/2024
01 36862463  12300  M  ARESAN 40MG X150TA                          116123584621645263737  329052751612358462       000    0    0    2    0    0         1  7591243802054        2636481       20871397   510722850001  N  0                         92163 01/04/2022
01 36862463  PO175  M  BACITRACINA PO UNG. 15 GR.                  1 107250000 107250000       000 107250000       000    0    0    0    0    0         1  7592806141016        2636474       20871053   510722850001  N  0                        008087 01/08/2023
01 36862463  12384  M  BACIWELL BP 400UI/C 15GR                    1 120617640 120617640       000 120617640       000    0    0    0    0    0         1  8904307701153        2636474       20871053   510722850001  N  0                           142 01/02/2022
01 36862463  PA385  M  BETADERM  C/GENT. CR.15GR                   2 131518767 134202823   5368112 263037534       000    0    0    2    0    0         1  7591243804041        2636477       20871213   510722850001  N  0                       9210302 01/09/2022
01 36862463  12296  M  BLOCAX 16MG X150 TA                         114367577971466079385  293215881436757797       000    0    0    2    0    0         1  7591243805383        2636481       20871397   510722850001  N  0                       9248001 01/09/2022
01 36862463  12025  M  CEFADROXILO DAC500 X10TA                   12 188370000 188370000       0002260440000       000    0    0    0    0    0         1  8906121690033        2636474       20871053   510722850001  N  0                          V116 01/06/2022
01 36862463  GT004  M  COVENTROL 12,5MG. X30CO                     2 193147500 193147500       000 386295000       000    0    0    0    0    0         1  7591585365644        2636476       20871194   510722850001  N  0                           120 01/07/2022
01 36862463  PB245  M  DENCORUB GEL 40 GR.                         2 104589845 104589845       000 209179690       000    0    0    0    0    0         1  7591309010416        2636474       20871053   510722850001  N  0                       2009016 01/09/2022
01 36862463  PB015  C  DENCORUB ICE GEL 40GR.                      2  63516101  63516101       000 127032202  20325152    0    0    0    0    0         1  7591309001049        2636474       20871053   510722850001  N  0                      A2009301 01/09/2023
01 36862463  VC380  M  DIARONA 200MG. X10TA                        3 134062500 134062500       000 402187500       000    0    0    0    0    0         1  7592782000116        2636474       20871053   510722850001  N  0                      2080011R 01/09/2024
01 36862463  MK579  M  DOL PLUS TAB. X10                           2 117520000 117520000       000 235040000       000    0    0    0    0    0         1  7591519005134        2636472       20870941   510722850001  N  0                         31468 01/09/2023
01 36862463  13085  M  FLAVOXATO CLO 200MG X10TA                   2 173901000 173901000       000 347802000       000    0    0    0    0    0         1  7703763671984        2636480       20871382   510722850001  N  0                       3251964 01/08/2022
01 36862463  VC450  M  FUGOLIN CR.VAG. 50GR.                      12 178750000 178750000       0002145000000       000    0    0    0    0    0         1  7592782000307        2636472       20870941   510722850001  N  0                       20A0006 01/10/2022
01 36862463  11561  N  GLUCOSAMINA AI500MG.X60CA                   2 383760000 383760000       000 767520000       000    0    0    0    0    0         1  7592946169758        2636479       20871342   510722850001  N  0                      15209758 01/09/2022
01 36862463  MY250  M  IMAZOL 1% CR.TOPICA 20GR.                   3 113930967 113930967       000 341792901       000    0    0    0    0    0         1  7592601100454        2636473       20871020   510722850001  N  0                        008701 01/07/2024
01 36862463  MK809  M  IVERMECTINA +MK 6MG. X4TA                   4 128420360 128420360       000 513681440       000    0    0    0    0    0         1  7591519007121        2636476       20871194   510722850001  N  0                         31440 01/08/2022
01 36862463  KV991  M  KALMAX COMP. X10TAB.MAST.                   2 189422566 189422566       000 378845132       000    0    0    0    0    0         1  7591821802995        2636479       20871342   510722850001  N  0                       2004068 01/04/2022
01 36862463  BQ230  M  LANCERAN GOTAS PED. 30ML.                   2  60531250  60531250       000 121062500       000    0    0    0    0    0         1  7594000850220        2636473       20871020   510722850001  N  0                        200702 01/07/2023
01 36862463  10735  M  LANCERAN JBE. 90ML.                         2  62156250  62156250       000 124312500       000    0    0    0    0    0         1  7594000850954        2636473       20871020   510722850001  N  0                        201001 01/10/2022
01 36862463  11792  M  LETALOP 100MG. X30CO                        1 488491925 488491925       000 488491925       000    0    0    0    0    0         1  7595368004218        2636474       20871053   510722850001  N  0                         11952 01/07/2022
01 36862463  13041  M  LETALOP 25MG X30CO                          1 410806477 410806477       000 410806477       000    0    0    0    0    0         1  7595368004195        2636474       20871053   510722850001  N  0                         12029 01/07/2022
01 36862463  GQ018  M  LEVOCETIRIZINA ELTER 5 X10                  6  67925000  67925000       000 407550000       000    0    0    0    0    0         1  7592454003025        2636475       20871112   510722850001  N  0                       3232421 01/07/2021
01 36862463  KL820  M  LODIPIN 10MG. X10CO                         6  41340000  68900000 165360000 248040000       000    0    0   40    0    0         1  7591619129037        2636476       20871194   510722850001  N  0                          0030 01/06/2021
01 36862463  11278  M  LODIPIN 10MG. X30CO                         3 127400000 127400000       000 382200000       000    0    0    0    0    0         1  7591619129044        2636476       20871194   510722850001  N  0                          0035 01/09/2022
01 36862463  RL110  M  MENTOL DAVIS X12 1 ONZA                     1 953993057 953993057       000 953993057       000    0    0    0    0    0         1 17594001560385        2636472       20870941   510722850001  N  0                          3770 01/06/2023
01 36862463  12391  M  PAMIWELL-80 X100CO                          1 321204000 321204000       000 321204000       000    0    0    0    0    0         1  8904307701184        2636472       20870941   510722850001  N  0                        DT0174 01/06/2023
01 36862463  12938  M  PIPERAZINA H. 500/5X120ML                   6  66625000  66625000       000 399750000       000    0    0    0    0    0         1  7594000850084        2636472       20870941   510722850001  N  0                        200703 01/07/2022
01 36862463  MK735  M  PREDNISONA +MK50MG. X10TA                   2 209300000 209300000       000 418600000       000    0    0    0    0    0         1  7591519001044        2636474       20871053   510722850001  N  0                         31407 01/08/2025
01 36862463  LT434  M  PULMOLET SUSP. P.NEB. 15CC.                 6 120692000 120692000       000 724152000       000    0    0    0    0    0         1  7591585117199        2636479       20871342   510722850001  N  0                           026 01/10/2022
01 36862463  FA444  M  TAPAZOL TAB. 5MG. X60                       2 152750000 152750000       000 305500000       000    0    0    0    0    0         1  7591821903234        2636473       20871020   510722850001  N  0                       2008731 01/09/2023
01 36862463  LP255  M  TOLNAFTAN CR. 30 GR.                        1 106600000 106600000       000 106600000       000    0    0    0    0    0         1  7591955001639        2636475       20871112   510722850001  N  0                          0041 01/09/2024
01 36862463  12914  M  TOMYCIN-D SOL. OF 5ML                       2 101400000 101400000       000 202800000       000    0    0    0    0    0         1  7598055000104        2636480       20871382   510722850001  N  0                           109 01/02/2022
01 36862463  VY024  C  VENDA DE YESO GYPSONA 4X3                   4  91957723  91957723       000 367830892  58852943    0    0    0    0    0         1  7594001560036        2636473       20871020   510722850001  N  0                          7740 01/07/2024
01 36862463  11795  M  AFLAMAX 50MG. X10TA                         6  74194549  74194549       000 445167294       000    0    0    0    0    0         2  7591196007186        2636472       20870941   510722850002  N  0                       I070965 01/07/2022
01 36862463  LO539  M  AFLAMAX 50MG. X20TA                         6 113196543 113196543       000 679179258       000    0    0    0    0    0         2  7591196004451        2636472       20870941   510722850002  N  0                       I090006 01/10/2022
01 36862463  11423  M  HIDROCLOROTI GN12,5 X30CO                   6  95160000  95160000       000 570960000       000    0    0    0    0    0         2  7591585172686        2636473       20871020   510722850002  N  0                           014 01/08/2022
01 36862463  FA003  M  HIDROTEN 12,5MG. X30TA                      6 120338373 120338373       000 722030238       000    0    0    0    0    0         2  7591821903791        2636472       20870941   510722850002  N  0                       2006382 01/07/2022
01 36862463  NP640  M  MACRODANTINA 50MG. X30CA                    2 269451000 269451000       000 538902000       000    0    0    0    0    0         2  7591821901858        2636477       20871213   510722850002  N  0                       2007125 01/09/2023
01 36862463  GN154  M  SERTRALINA COMPR. 50 X 10                   6  82992000  82992000       000 497952000       000    0    0    0    0    0         2  7591585178275        2636479       20871342   510722850002  N  0                           047 01/09/2023
01 36862463  PD124  M  TRIDETARMON CR. 15GR.                       2 143000000 143000000       000 286000000       000    0    0    0    0    0         2  7591955000762        2636475       20871112   510722850002  N  0                          0078 01/09/2022
02 36862463        144   21199738345    1054591094     168734575   22423064014    0    0    0  000    0    0    0   12/11/2020 09:46:56 a.m.   PR           000           000             0            42
