01 36876123  ET340  C  ADEMINA PLUS CR.CORP. 30GR.                 6 202800000 202800000       0001216800000 194688000    0    0    0    0    0         1  7591844000439        2636616       20888801   510854080001  N  0                    AP30200114 01/10/2023       USD        1.8671       11.2029  1086140.7200
01 36876123  LO444  M  APIRET 180SOL.ORAL 120ML.                   6 256730295 256730295       0001540381770       000    0    0    0    0    0         2  7591196002785        2636615       20888752   510854080002  N  0                       I100019 01/10/2022       USD        2.3636       14.1821  1086140.7200
01 36876123  LX103  M  CARNISIN 1G.S.ORAL S/A180                   2 475918300 475918300       000 951836600       000    0    0    0    0    0         2  7591585112323        2636617       20888847   510854080002  N  0                           049 01/11/2022       USD        4.3817        8.7634  1086140.7200
01 36876123  CO380  M  CLORACE JBE.PED. 120ML.                     2 269104156 269104156       000 538208312       000    0    0    0    0    0         2  7591818112069        2636616       20888801   510854080002  N  0                         00198 01/05/2024       USD        2.4776        4.9552  1086140.7200
01 36876123  CO520  M  KATIVIL SOL.ORAL 120ML.                     2 391246144 391246144       000 782492288       000    0    0    0    0    0         2  7591818111147        2636617       20888847   510854080002  N  0                         00272 01/07/2023       USD        3.6021        7.2043  1086140.7200
01 36876123  CO640  M  KATIVIL SOL.ORAL 90ML.                      2 295744700 295744700       000 591489400       000    0    0    0    0    0         2  7591818244128        2636617       20888847   510854080002  N  0                         00372 01/09/2023       USD        2.7228        5.4457  1086140.7200
01 36876123  CO011  M  MIOVIT JARABE 180ML.                        1 459866364 459866364       000 459866364       000    0    0    0    0    0         2  7591818251393        2636617       20888847   510854080002  N  0                         00285 01/07/2022       USD        4.2339        4.2339  1086140.7200
01 36876123  CO570  M  MIOVIT JARABE 90ML.                         1 272317444 272317444       000 272317444       000    0    0    0    0    0         2  7591818251362        2636617       20888847   510854080002  N  0                         00265 01/06/2022       USD        2.5072        2.5072  1086140.7200
01 36876123  VM200  M  VITISIVAL SOL.ORAL 240ML.                   2 327275000 327275000       000 654550000       000    0    0    0    0    0         2  7591020008495        2636615       20888752   510854080002  N  0                           638 01/09/2024       USD        3.0131        6.0263  1086140.7200
02 36876123         24    5791142178    1216800000     194688000    7202630178    0    0    0  000    0    0    0   07/12/2020 03:32:32 p.m.   PR           000           000             0             9           USD  1086140.7200       64.5200
