01 36874444  GQ719  M  CLOTRI-NEO-DEXA ELTER 20GR.                 3 328198000 328198000       000 984594000       000    0    0    0    0    0         1  7703763300051        2636599       20887156   510845530001  N  0                       3254356 01/09/2023       USD        3.2481        9.7445  1010404.1500
01 36874444  VC002  M  FUGOLIN SOL.TOPICA 1% 30ML.                 1 238062500 238062500       000 238062500       000    0    0    0    0    0         1  7592782000680        2636598       20887136   510845530001  N  0                       2070009 01/07/2022       USD        2.3561        2.3561  1010404.1500
01 36874444  11025  M  NOXPIRIN GOTAS PED.15ML.                    2  86896875 115862500  57931250 173793750       000    0    0   25    0    0         1  7592601302100        2636598       20887136   510845530001  N  0                        937901 01/07/2021       USD        0.8600        1.7200  1010404.1500
01 36874444  11536  M  OLMECAR 20MG. X30CO                         2 444301000 444301000       000 888602000       000    0    0    0    0    0         1  7591585318794        2636598       20887136   510845530001  N  0                           035 01/02/2022       USD        4.3972        8.7945  1010404.1500
01 36874444  11566  M  OLMESARTAN LS 20MG.X10CO                    3 173654000 173654000       000 520962000       000    0    0    0    0    0         1  7592454891219        2636598       20887136   510845530001  N  0                       3234151 01/10/2021       USD        1.7186        5.1559  1010404.1500
01 36874444  VM033  M  TADAFOX 5MG. X30TA                         12 172900000 172900000       0002074800000       000    0    0    0    0    0         1  7591020080781        2636598       20887136   510845530001  N  0                            40 01/08/2022       USD        1.7111       20.5343  1010404.1500
01 36874444  MG519  M  TROPOCER AP 90MG. X20CO                     2 322894000 322894000       000 645788000       000    0    0    0    0    0         1  7591585113597        2636598       20887136   510845530001  N  0                           118 01/09/2022       USD        3.1956        6.3913  1010404.1500
01 36874444  VM244  M  AC FOLICO GENCER 15ML.                     12 179075000 179075000       0002148900000       000    0    0    0    0    0         2  7591020004985        2636599       20887156   510845530002  N  0                           171 01/11/2022       USD        1.7723       21.2677  1010404.1500
01 36874444  MO009  M  HEPAFOL JARABE 120ML.                       1 529277273 705703031 176425758 529277273       000    0    0   25    0    0         2  7592601301592        2636598       20887136   510845530002  N  0                        935201 01/05/2021       USD        5.2382        5.2382  1010404.1500
02 36874444         38    8204779523           000           000    8204779523    0    0    0  000    0    0    0   03/12/2020 02:51:29 p.m.   PR           000           000             0             9           USD  1010404.1500       81.2000
