01 36872944  CO006  M  AEROFLAT GOTAS 80MG.20ML.                   1 173489011 173489011       000 173489011       000    0    0    0    0    0         1  7591818210406        2636579       20884903   510827870001  N  0                         00291 01/07/2022       USD        1.6509        1.6509  1050811.9800
01 36872944  AP840  M  ALSART 80MG. X10 CAPSULAS                   6 138138000 138138000       000 828828000       000    0    0    0    0    0         1  7592601201021        2636572       20884896   510827870001  N  0                        031404 01/09/2022       USD        1.3145        7.8875  1050811.9800
01 36872944  VM730  M  AMOXIVAL 500MG. X12CA                      12 154909223 154909223       0001858910676       000    0    0    0    0    0         1  7591020000710        2636574       20884898   510827870001  N  0                           101 01/08/2023       USD        1.4741       17.6902  1050811.9800
01 36872944  11352  M  ANAPIR 400MG. X10CA,BLAN                    6 292500000 292500000       0001755000000       000    0    0    0    0    0         1  7593090001024        2636577       20884901   510827870001  N  0                        200173 01/08/2023       USD        2.7835       16.7013  1050811.9800
01 36872944  PF204  M  ATAMEL FORTE 650MG. X10TA                   6 158861985 158861985       000 953171910       000    0    0    0    0    0         1  7591257000552        2636577       20884901   510827870001  N  0                     926132051 01/10/2022       USD        1.5118        9.0708  1050811.9800
01 36872944  GQ754  M  ATORVASTATINA ELTER 20X14                   6 242203000 242203000       0001453218000       000    0    0    0    0    0         1  7703763200900        2636579       20884903   510827870001  N  0                       3254859 01/09/2022       USD        2.3049       13.8294  1050811.9800
01 36872944  11461  M  BRASARTAN 80MG. X10CA                       3  96076035  96076035       000 288228105       000    0    0    0    0    0         1  7591821210301        2636577       20884901   510827870001  N  0                       2001455 01/01/2022       USD        0.9143        2.7429  1050811.9800
01 36872944  11740  M  BRASARTAN 80MG. X30CA                       2 374305382 374305382       000 748610764       000    0    0    0    0    0         1  7591821210486        2636580       20884904   510827870001  N  0                       2005244 01/06/2022       USD        3.5620        7.1241  1050811.9800
01 36872944  EL524  M  BRUGESICFORTE SUSP.200 60ML                 3 193403860 193403860       000 580211580       000    0    0    0    0    0         1  7591062013082        2636572       20884896   510827870001  N  0                        20051A 01/05/2022       USD        1.8405        5.5215  1050811.9800
01 36872944  12025  M  CEFADROXILO DAC500 X10TA                   12 336375000 336375000       0004036500000       000    0    0    0    0    0         1  8906121690033        2636574       20884898   510827870001  N  0                          V116 01/06/2022       USD        3.2010       38.4131  1050811.9800
01 36872944  11520  M  CLOPIDO FARQUI75MG.X100TA                   120962500002096250000       0002096250000       000    0    0    0    0    0         1  7467922680988        2636572       20884896   510827870001  N  0                       2005056 01/05/2023       USD       19.9488       19.9488  1050811.9800
01 36872944  11288  M  COLYPAN 200MG. X10TA                        6 192157017 192157017       0001152942102       000    0    0    0    0    0         1  7591821210264        2636575       20884899   510827870001  N  0                       2009138 01/10/2023       USD        1.8286       10.9719  1050811.9800
01 36872944  GQ045  M  DAKSOL 500MG. X4TA                          6 108277000 108277000       000 649662000       000    0    0    0    0    0         1  7592454138857        2636579       20884903   510827870001  N  0                       3233494 01/09/2022       USD        1.0304        6.1824  1050811.9800
01 36872944  KL459  M  DERMOSUPRIL EMUL. 0,05%120                  1 234000000 234000000       000 234000000       000    0    0    0    0    0         1  7703332003147        2636577       20884901   510827870001  N  0                        S00589 01/01/2021       USD        2.2268        2.2268  1050811.9800
01 36872944  GQ794  M  DESLORATADINA ELTER JBE.60                 12 171665000 171665000       0002059980000       000    0    0    0    0    0         1  7703763393053        2636579       20884903   510827870001  N  0                       3247593 01/06/2022       USD        1.6336       19.6036  1050811.9800
01 36872944  12079  M  DICLOFENAC S.AL75MG. X2A                    3 134749982 134749982       000 404249946       000    0    0    0    0    0         1       75971366        2636572       20884896   510827870001  N  0                        DG1938 01/05/2022       USD        1.2823        3.8470  1050811.9800
01 36872944  MY585  M  DOCE PLEX ELIXIR 120ML.                     2 392796970 392796970       000 785593940       000    0    0    0    0    0         1  7592601100331        2636575       20884899   510827870001  N  0                        001002 01/04/2022       USD        3.7380        7.4760  1050811.9800
01 36872944  MK076  M  ENALAPRIL +MK 20MG.X30TA                    4 249600000 249600000       000 998400000       000    0    0    0    0    0         1  7591519051643        2636576       20884900   510827870001  N  0                         31469 01/09/2022       USD        2.3753        9.5012  1050811.9800
01 36872944  DT240  N  GLICERINA DT 30 X12                         1 778440000 778440000       000 778440000       000    0    0    0    0    0         1 17591616000664        2636572       20884896   510827870001  N  0                        667062 01/10/2023       USD        7.4079        7.4079  1050811.9800
01 36872944  MK809  M  IVERMECTINA +MK 6MG. X4TA                   3 124852982 124852982       000 374558946       000    0    0    0    0    0         1  7591519007121        2636575       20884899   510827870001  N  0                         31440 01/08/2022       USD        1.1881        3.5644  1050811.9800
01 36872944  13115  M  LANSOPRAZOL +MK 30MGX14CA                   1 436800000 436800000       000 436800000       000    0    0    0    0    0         1  7591519051377        2636574       20884898   510827870001  N  0                         31316 01/06/2023       USD        4.1567        4.1567  1050811.9800
01 36872944  MO006  M  LECART SOL.ORAL 120ML.                      3 317284149 317284149       000 951852447       000    0    0    0    0    0         1  7592601301530        2636576       20884900   510827870001  N  0                        035102 01/09/2022       USD        3.0194        9.0582  1050811.9800
01 36872944  PG110  M  NINAZO GOTAS AD. 15ML.                      6  93216783  93216783       000 559300698       000    0    0    0    0    0         1  7591821802957        2636572       20884896   510827870001  N  0                      2006022C 01/12/2021       USD        0.8870        5.3225  1050811.9800
01 36872944  OJ029  N  PROSTAPLANT HP CAPS. X60                    3 257400000 257400000       000 772200000       000    0    0    0    0    0         1  7592710000805        2636578       20884902   510827870001  N  0                       0472508 01/08/2023       USD        2.4495        7.3486  1050811.9800
01 36872944  12453  M  SALBUDEN 100MCG X250 DOSI                   2 517758823 517758823       0001035517646       000    0    0    0    0    0         1  7798050061753        2636575       20884899   510827870001  N  0                         91032 01/10/2022       USD        4.9272        9.8544  1050811.9800
01 36872944  NP049  M  VALPRON 500MG. X60TA                        617244619261724461926       000       000       000    0    0    0    0    0         1  7591821901995        2636576       20884900   510827870001  N  0                       2010056 01/10/2023       USD       16.4107       98.4645  1050811.9800
01 36872944  ED165  C  NOPUCID CH. 100 CC.                         2 351000000 351000000       000 702000000 112320000    0    0    0    0    0         2  7592803000811        2636577       20884901   510827870002  N  0                       2003355 01/03/2022       USD        3.3402        6.6805  1050811.9800
01 36872944  11743  N  CITRATO POTASIO BF10%1LT.                   2 361400000 361400000       000 722800000       000    0    0    0    0    0         3  7591616000704        2636577       20884901   510827870003  N  0                        704102 01/09/2023       USD        3.4392        6.8784  1050811.9800
01 36872944  11284  M  NOVHEPAR JBE. 90ML.                         2 242125000 242125000       000 484250000       000    0    0    0    0    0         3  7592782000734        2636575       20884899   510827870003  N  0                       2070025 01/08/2022       USD        2.3041        4.6083  1050811.9800
02 36872944        123   37519737327     702000000     112320000   38334057327    0    0    0  000    0    0    0   01/12/2020 01:49:29 p.m.   PR           000           000             0            29           USD  1050811.9800      363.7400
