01 36871679  VC310  M  BEVINDAZOL400 SUSP.10ML                     6  93600000 104000000  62400000 561600000       000    0    0   10    0    0         1  7592782000055        2636563       20882729   510814290001  N  0                       2070007 01/07/2022       USD        0.9608        5.7648   974184.2600
01 36871679  MY510  M  CAMPAL 1% CREMA 20GR.                       2 191405302 191405302       000 382810604       000    0    0    0    0    0         1  7592601100232        2636561       20882730   510814290001  N  0                        021304 01/09/2024       USD        1.9647        3.9295   974184.2600
01 36871679  AP950  M  CETRAL D SOL.ORAL 60ML.                     2 186438335 186438335       000 372876670       000    0    0    0    0    0         1  7592601101147        2636564       20882799   510814290001  N  0                        033101 01/04/2022       USD        1.9137        3.8275   974184.2600
01 36871679  PB442  M  DENCOFEN 1,16% GEL 40GR.                    1 276771334 276771334       000 276771334       000    0    0    0    0    0         1  7591309002756        2636564       20882799   510814290001  N  0                       2009013 01/09/2023       USD        2.8410        2.8410   974184.2600
01 36871679  12209  M  DIOSMIL 500MG. X30CO                        1 918903363 918903363       000 918903363       000    0    0    0    0    0         1  7406076104261        2636561       20882730   510814290001  N  0                        J20011 01/10/2023       USD        9.4325        9.4325   974184.2600
01 36871679  VC450  M  FUGOLIN CR.VAG. 50GR.                       6 178750000 178750000       0001072500000       000    0    0    0    0    0         1  7592782000307        2636561       20882730   510814290001  N  0                       20A0006 01/10/2022       USD        1.8348       11.0092   974184.2600
01 36871679  LP700  M  KELFEN 100MG. X20CO                         2 169000000 169000000       000 338000000       000    0    0    0    0    0         1  7591955001370        2636561       20882730   510814290001  N  0                          0013 01/03/2024       USD        1.7347        3.4695   974184.2600
01 36871679  KL564  M  MAILEN 5MG. X10CO                           6  46800000  93600000 280800000 280800000       000    0    0   50    0    0         1  7591619519159        2636564       20882799   510814290001  N  0                          0010 01/02/2021       USD        0.4804        2.8824   974184.2600
01 36871679  LO280  M  QUINOFTAL 0,3%SO.OFT.5ML.                   3 128971733 128971733       000 386915199       000    0    0    0    0    0         1  7591196000439        2636561       20882730   510814290001  N  0                        020684 01/02/2022       USD        1.3238        3.9716   974184.2600
01 36871679  PA034  M  SAXACID SOL. VAG. 135 CC.                   1 168457101 171895001   3437900 168457101       000    0    0    2    0    0         1  7591241846647        2636564       20882799   510814290001  N  0                       9192802 01/06/2022       USD        1.7292        1.7292   974184.2600
01 36871679  11271  M  STAMYL FORTE X10TA                          2 186814538 186814538       000 373629076       000    0    0    0    0    0         1  7591821802827        2636564       20882799   510814290001  N  0                       2007153 01/08/2022       USD        1.9176        3.8353   974184.2600
01 36871679  LT930  M  VIASEK COMPR. 50MG. X2                     48  31328772  31328772       0001503781056       000    0    0    0    0    0         1  7591585111005        2636563       20882729   510814290001  N  0                           093 01/01/2023       USD        0.3215       15.4363   974184.2600
01 36871679  BQ131  M  ACETAMINOFEN BQ120MG100ML                   6  97500000  97500000       000 585000000       000    0    0    0    0    0         2  7594000850855        2636564       20882799   510814290002  N  0                        201010 01/10/2022       USD        1.0008        6.0050   974184.2600
01 36871679  BQ330  M  ACETAMINOFEN BQ180MG120ML                   6 127968750 127968750       000 767812500       000    0    0    0    0    0         2  7594000850824        2636564       20882799   510814290002  N  0                        200607 01/06/2022       USD        1.3135        7.8815   974184.2600
01 36871679  LO444  M  APIRET 180SOL.ORAL 120ML.                   6 153976974 153976974       000 923861844       000    0    0    0    0    0         2  7591196002785        2636564       20882799   510814290002  N  0                       I100019 01/10/2022       USD        1.5805        9.4834   974184.2600
01 36871679  QO250  M  BROXOL GRIP PED. JBE.120ML.                 3 137345000 137345000       000 412035000       000    0    0    0    0    0         2  7592454000734        2636561       20882730   510814290002  N  0                       3245994 01/05/2022       USD        1.4098        4.2295   974184.2600
02 36871679        101    9325753747           000           000    9325753747    0    0    0  000    0    0    0   27/11/2020 03:49:06 p.m.   PR           000           000             0            16           USD   974184.2600       95.7300
