01 36887061  11795  M  AFLAMAX 50MG. X10TA                         6 141369646 145741903  26233542 848217876       000    0    0    3    0    0         1  7591196007186        2636683       20900084   510960680001  N  0                       I100023 01/11/2022       USD        1.3306        7.9841  1062380.4800
01 36887061  QO270  M  ANALPER FORTE TAB. 650X10                   6 106925000 106925000       000 641550000       000    0    0    0    0    0         1  7592454000802        2636685       20900326   510960680001  N  0                       3249978 01/09/2022       USD        1.0064        6.0387  1062380.4800
01 36887061  12583  M  DICLOFENAC P KMP 50MGX10T                  72  85800000  85800000       0006177600000       000    0    0    0    0    0         1  6921875010823        2636681       20899722   510960680001  N  0                       2004430 01/04/2023       USD        0.8076       58.1486  1062380.4800
01 36887061  VM214  M  DUROVAL 50MG. X1TA                         12  54600000  54600000       000 655200000       000    0    0    0    0    0         1  7591020005012        2636683       20900084   510960680001  N  0                           612 01/08/2025       USD        0.5139        6.1672  1062380.4800
01 36887061  FA021  M  FITEX  TAB 5MG X10                          3 179961513 179961513       000 539884539       000    0    0    0    0    0         1  7591821904323        2636681       20899722   510960680001  N  0                       2007505 01/09/2022       USD        1.6939        5.0818  1062380.4800
01 36887061  NP640  M  MACRODANTINA 50MG. X30CA                    2 664149285 664149285       0001328298570       000    0    0    0    0    0         1  7591821901858        2636685       20900326   510960680001  N  0                       2008110 01/10/2023       USD        6.2515       12.5030  1062380.4800
01 36887061  CE120  M  NIOSILIN UNG. 20GR.TUBO                     1 405843750 405843750       000 405843750       000    0    0    0    0    0         1  7594003280048        2636683       20900084   510960680001  N  0                       2008020 01/08/2022       USD        3.8201        3.8201  1062380.4800
01 36887061  CE120  M  NIOSILIN UNG. 20GR.TUBO                     1 405843750 405843750       000 405843750       000    0    0    0    0    0         1  7594003280048        2636683       20900084   510960680001  N  0                       2008020 01/08/2022       USD        3.8201        3.8201  1062380.4800
01 36887061  VO130  M  PREDNISONA GENCER50 X10TA                   3 358800000 358800000       0001076400000       000    0    0    0    0    0         1  7591020007474        2636681       20899722   510960680001  N  0                            29 01/07/2025       USD        3.3773       10.1319  1062380.4800
01 36887061  PD124  M  TRIDETARMON CR. 15GR.                       2 299000000 299000000       000 598000000       000    0    0    0    0    0         1  7591955000762        2636683       20900084   510960680001  N  0                          0078 01/09/2022       USD        2.8144        5.6288  1062380.4800
01 36887061  LT930  M  VIASEK COMPR. 50MG. X2                     12  66893385  66893385       000 802720620       000    0    0    0    0    0         1  7591585111005        2636683       20900084   510960680001  N  0                          7092 01/08/2022       USD        0.6296        7.5558  1062380.4800
01 36887061  VM264  M  OXOLAMINA GENCER PED.120CC.                 6 155680508 155680508       000 934083048       000    0    0    0    0    0         2  7591020001526        2636681       20899722   510960680002  N  0                            97 01/01/2023       USD        1.4653        8.7923  1062380.4800
02 36887061        126   14413642153           000           000   14413642153    0    0    0  000    0    0    0   21/12/2020 05:35:10 p.m.   PR           000           000             0            12           USD  1062380.4800      135.6700
