01 36885687  QO290  M  ANALPER PLUS TAB. X10                      24 243425000 243425000       0005842200000       000    0    0    0    0    0         1  7592454000796        2636679       20899232   510951020001  N  0                       3256031 01/10/2022       USD        2.3171       55.6118  1050531.3400
01 36885687  13426  M  AZITROMICI DAC 200MGX15ML                   2 224250000 224250000       000 448500000       000    0    0    0    0    0         1  8906121690248        2636677       20898779   510951020001  N  0                          0039 01/01/2022       USD        2.1346        4.2692  1050531.3400
01 36885687  12193  M  AZITROMICINA AL200 22,5ML                   2 373731961 373731961       000 747463922       000    0    0    0    0    0         1  7597758000152        2636677       20898779   510951020001  N  0                         DL073 01/08/2022       USD        3.5575        7.1151  1050531.3400
01 36885687  VP290  M  BIPRIN 300MG. X10CA.BLA                     6 285377442 285377442       0001712264652       000    0    0    0    0    0         1  7592432002576        2636678       20898789   510951020001  N  0                        200251 01/09/2023       USD        2.7165       16.2990  1050531.3400
01 36885687  LO120  M  CLARASOL SOL.OFT. 15ML.                     2 118218750 121875000   7312500 236437500       000    0    0    3    0    0         1  7591196000071        2636676       20898703   510951020001  N  0                       I050922 01/06/2023       USD        1.1253        2.2506  1050531.3400
01 36885687  PA050  M  ERILON 0,05% CREMA 15GR.                    1 278350903 278350903       000 278350903       000    0    0    0    0    0         1  7591243815757        2636675       20898704   510951020001  N  0                       9203802 01/07/2022       USD        2.6496        2.6496  1050531.3400
01 36885687  NP002  M  FARMA D 1000UI X30TA                        6 307674786 317190501  570942901846048716       000    0    0    3    0    0         1  7591821102101        2636675       20898704   510951020001  N  0                       2010913 01/11/2023       USD        2.9287       17.5725  1050531.3400
01 36885687  AH235  M  HEXOMEDINE COLUT.AER.30GR                   1 520000000 520000000       000 520000000       000    0    0    0    0    0         1  7591044401463        2636675       20898704   510951020001  N  0                         30840 01/10/2021       USD        4.9498        4.9498  1050531.3400
01 36885687  MY005  M  IMAZOL SOL.SPRAY 1% 25ML.                   1 534142424 534142424       000 534142424       000    0    0    0    0    0         1  7592601100447        2636675       20898704   510951020001  N  0                        927902 01/11/2022       USD        5.0844        5.0844  1050531.3400
01 36885687  11419  M  LETISAN SOL.ORAL 90ML.                      2 242665800 242665800       000 485331600       000    0    0    0    0    0         1  7591585614889        2636675       20898704   510951020001  N  0                           494 01/10/2023       USD        2.3099        4.6198  1050531.3400
01 36885687  RZ340  M  LORADEX TAB. 10MG. X10                     12 115599250 115599250       0001387191000       000    0    0    0    0    0         1  7594001101383        2636676       20898703   510951020001  N  0                          5669 01/10/2023       USD        1.1003       13.2046  1050531.3400
01 36885687  LC170  M  MONOSULPA GOTAS 15 CC.                      2 170950000 170950000       000 341900000       000    0    0    0    0    0         1  7591585110923        2636675       20898704   510951020001  N  0                           192 01/05/2022       USD        1.6272        3.2545  1050531.3400
01 36885687  11435  M  PROPRANOLOL PX 40MG.X20CO                   3 158478060 158478060       000 475434180       000    0    0    0    0    0         1  7594001100171        2636675       20898704   510951020001  N  0                          5733 01/11/2023       USD        1.5085        4.5256  1050531.3400
01 36885687  12023  A  RESTAURAFLOR SUSP. 10ML.                    2  63753803  63753803       000 127507606  20401217    0    0    0    0    0         1     7591970321        2636677       20898779   510951020001  N  0                     202010122 01/10/2021       USD        0.6068        1.2137  1050531.3400
01 36885687  KV760  M  TERAGRIP JBE.PED. 120ML.                    2 269123093 269123093       000 538246186       000    0    0    0    0    0         1  7591821101692        2636676       20898703   510951020001  N  0                       2003846 01/03/2022       USD        2.5617        5.1235  1050531.3400
01 36885687  DP013  M  TERBINAFINA DP CR.1% 15GR.                  6 100536716 111707462  67024476 603220296       000    0    0   10    0    0         1  7592616584126        2636679       20899232   510951020001  N  0                         00552 01/06/2022       USD        0.9570        5.7420  1050531.3400
01 36885687  PA096  M  TIOCOLCHICOSIDO 4MGX12 BT                   2 339381910 339381910       000 678763820       000    0    0    0    0    0         1  7591243850758        2636675       20898704   510951020001  N  0                       9233901 01/10/2023       USD        3.2305        6.4611  1050531.3400
01 36885687  12080  M  TIOCOLCHICOSIDO AL4MG.X2A                   2 255333042 255333042       000 510666084       000    0    0    0    0    0         1       75971359        2636675       20898704   510951020001  N  0                        DG1936 01/05/2022       USD        2.4305        4.8610  1050531.3400
01 36885687  PB620  C  VITENOL CREMA 15GR.                         1  73178690  73178690       000  73178690  11708590    0    0    0    0    0         1  7591309000714        2636679       20899232   510951020001  N  0                      A2006172 01/06/2023       USD        0.6965        0.6965  1050531.3400
01 36885687  LT249  M  XYLON COMPR. 5/6,25 X30                     2 622310000 622310000       0001244620000       000    0    0    0    0    0         1  7591585113313        2636675       20898704   510951020001  N  0                           084 01/09/2022       USD        5.9237       11.8475  1050531.3400
01 36885687  12025  M  CEFADROXILO DAC500 X10TA                   12 336375000 336375000       0004036500000       000    0    0    0    0    0         2  8906121690033        2636679       20899232   510951020002  N  0                          V116 01/06/2022       USD        3.2019       38.4234  1050531.3400
01 36885687  QM340  M  LEPRIT 25MG. X30TA                          6 365625000 365625000       0002193750000       000    0    0    0    0    0         2  7703763363063        2636677       20898779   510951020002  N  0                       3257419 01/11/2022       USD        3.4803       20.8822  1050531.3400
01 36885687  EH460  M  SERTRALINA VP 50MG. X10TA                   3  34913970  38793300  11637990 104741910       000    0   10    0    0    0         2  7703153018757        2636675       20898704   510951020002  N  0                       1240793 01/03/2021       USD        0.3323        0.9970  1050531.3400
02 36885687        102   24893280799      73178690      32109807   24998569296    0    0    0  000    0    0    0   18/12/2020 04:25:26 p.m.   PR           000           000             0            23           USD  1050531.3400      237.6600
