01 36898522  GT119  M  ASAPROL 81MG. X100CO                       12 635943750 635943750       0007631325000       000    0    0    0    0    0         1  7591585261236        2636767       20913812   511085310001  N  0                           142 01/11/2022       USD        4.8263       57.9157  1317659.5800
01 36898522  PF204  M  ATAMEL FORTE 650MG. X10TA                   6 206520581 206520581       0001239123486       000    0    0    0    0    0         1  7591257000552        2636767       20913812   511085310001  N  0                     926132051 01/10/2022       USD        1.5673        9.4039  1317659.5800
01 36898522  GT230  M  BLOKIUM COMPR. 100MG. X30                   2 374816000 374816000       000 749632000       000    0    0    0    0    0         1  7591585260055        2636767       20913812   511085310001  N  0                           222 01/08/2025       USD        2.8445        5.6891  1317659.5800
01 36898522  12141  M  CARVEDILOL BM6,25 X100TA                    2 709800000 709800000       0001419600000       000    0    0    0    0    0         1  6930169708377        2636767       20913812   511085310001  N  0                        190437 01/03/2022       USD        5.3868       10.7736  1317659.5800
01 36898522  LO484  M  CLARIX SOL.NASAL AD.15ML.                   2 136500000 136500000       000 273000000       000    0    0    0    0    0         1  7591196003171        2636768       20913868   511085310001  N  0                        070491 01/07/2025       USD        1.0359        2.0718  1317659.5800
01 36898522  LT073  M  DICLOFENAC P. GN 50 X30CO                  24 422337500 422337500       000       000       000    0    0    0    0    0         1  7591585379245        2636768       20913868   511085310001  N  0                           743 01/09/2023       USD        3.2052       76.9250  1317659.5800
01 36898522  NP069  N  KID CAL T.FRUTTI 180CC.                     1 452324210 452324210       000 452324210  72371874    0    0    0    0    0         1  7591821102026        2636768       20913868   511085310001  N  0                       2010910 01/10/2022       USD        3.4327        3.4327  1317659.5800
01 36898522  FA012  M  LIPACOMB 20MG-10MG. X30TA                   1 672501898 672501898       000 672501898       000    0    0    0    0    0         1  7591821904002        2636767       20913812   511085310001  N  0                       2006379 01/07/2022       USD        5.1037        5.1037  1317659.5800
01 36898522  LX102  M  MIGREN 650-50-1 X20CO                       2 444843750 444843750       000 889687500       000    0    0    0    0    0         1  7591585415738        2636767       20913812   511085310001  N  0                           504 01/08/2022       USD        3.3760        6.7520  1317659.5800
01 36898522  PG110  M  NINAZO GOTAS AD. 15ML.                      6 149497516 149497516       000 896985096       000    0    0    0    0    0         1  7591821802957        2636768       20913868   511085310001  N  0                       2009009 01/03/2022       USD        1.1345        6.8074  1317659.5800
01 36898522  12015  M  OMEPRAZOL DAC20MG. X20CA                   12 259740000 259740000       0003116880000       000    0    0    0    0    0         1  8906121690101        2636767       20913812   511085310001  N  0                          V128 01/06/2023       USD        1.9712       23.6546  1317659.5800
01 36898522  11571  M  RAMIPRES 5MG. X30CO                         1 403000000 403000000       000 403000000       000    0    0    0    0    0         1  7591619520537        2636767       20913812   511085310001  N  0                          0007 01/09/2023       USD        3.0584        3.0584  1317659.5800
01 36898522  LO690  M  RINOMAX SOL. NASAL 15ML.                    2 158361601 158361601       000 316723202       000    0    0    0    0    0         1  7591196000682        2636767       20913812   511085310001  N  0                       I109325 01/11/2021       USD        1.2018        2.4036  1317659.5800
01 36898522  11893  M  TALYSTO 20MG. X1TA.MAST.                   12  40300000  40300000       000 483600000       000    0    0    0    0    0         1  7592454891400        2636767       20913812   511085310001  N  0                       3237271 01/10/2021       USD        0.3058        3.6701  1317659.5800
01 36898522  12007  M  TIROXIN 100MCG. X50TA                       2 784160000 784160000       0001568320000       000    0    0    0    0    0         1  7707355054186        2636767       20913812   511085310001  N  0                      11160720 01/08/2022       USD        5.9511       11.9023  1317659.5800
02 36898522         87   30248802392           000      72371874   30321174266    0    0    0  000    0    0    0   08/01/2021 02:55:54 p.m.   PR           000           000             0            15           USD  1317659.5800      229.5600
