01 36891580  VM780  M  AMOXIVAL 250MG.PPSO 90ML.                   2 346174613 346174613       000 692349226       000    0    0    0    0    0         1  7591020000758        2636718       20905833   511009390001  N  0                           409 01/06/2022       USD        3.3394        6.6788  1036631.0200
01 36891580  11808  M  APIRET 180SOL.ORAL 60ML.                    6 152316044 152316044       000 913896264       000    0    0    0    0    0         1  7591196007155        2636719       20905926   511009390001  N  0                       I060925 01/07/2022       USD        1.4693        8.8160  1036631.0200
01 36891580  12543  M  ATOVAROL 20MG X14CA                         3 197336510 197336510       000 592009530       000    0    0    0    0    0         1  7592432901435        2636713       20905495   511009390001  N  0                        200156 01/07/2022       USD        1.9036        5.7108  1036631.0200
01 36891580  PO180  M  BACTRON SUSP. 100ML.                        1 314600000 314600000       000 314600000       000    0    0    0    0    0         1  7592806122015        2636719       20905926   511009390001  N  0                        808092 01/08/2025       USD        3.0348        3.0348  1036631.0200
01 36891580  PA054  M  BETADERM PLUS CREMA 15GR.                   2 303794570 303794570       000 607589140       000    0    0    0    0    0         1  7591243804164        2636717       20905668   511009390001  N  0                       9220302 01/08/2022       USD        2.9305        5.8611  1036631.0200
01 36891580  VM199  M  CARBAMAZEPINA GENCER 200X20                 6 327600000 327600000       0001965600000       000    0    0    0    0    0         1  7591020003179        2636719       20905926   511009390001  N  0                           125 01/10/2025       USD        3.1602       18.9614  1036631.0200
01 36891580  12025  M  CEFADROXILO DAC500 X10TA                   12 336375000 336375000       0004036500000       000    0    0    0    0    0         1  8906121690033        2636720       20906025   511009390001  N  0                          V115 01/06/2022       USD        3.2448       38.9386  1036631.0200
01 36891580  11288  M  COLYPAN 200MG. X10TA                        6 325242322 335301363  603542461951453932       000    0    0    3    0    0         1  7591821210264        2636721       20906128   511009390001  N  0                       2011025 01/11/2023       USD        3.1374       18.8249  1036631.0200
01 36891580  LO149  M  CORTYNASE SUSP.NASAL 140D.                  5 396211881 396211881       0001981059405       000    0    0    0    0    0         1  7591196004604        2636713       20905495   511009390001  N  0                        100409 01/10/2022       USD        3.8221       19.1105  1036631.0200
01 36891580  KN280  M  FERGANIC FOLIC TM X30                       2 559000000 559000000       0001118000000       000    0    0    0    0    0         1  7591955003053        2636718       20905833   511009390001  N  0                          0292 01/11/2024       USD        5.3924       10.7849  1036631.0200
01 36891580  FA019  M  FITEX  5MG. X30TA                           3 456840911 456840911       0001370522733       000    0    0    0    0    0         1  7591821904316        2636714       20905503   511009390001  N  0                       2003971 01/06/2022       USD        4.4069       13.2209  1036631.0200
01 36891580  PO460  M  FOLIFER B12 TAB. X30                        3 386100000 386100000       0001158300000       000    0    0    0    0    0         1  7592806133639        2636718       20905833   511009390001  N  0                        011142 01/11/2023       USD        3.7245       11.1736  1036631.0200
01 36891580  KL170  M  FURFURIL APOS.SOL. 30GR.                    1 260000000 260000000       000 260000000       000    0    0    0    0    0         1  7591619122014        2636718       20905833   511009390001  N  0                          0108 01/03/2022       USD        2.5081        2.5081  1036631.0200
01 36891580  VP784  M  ILANA 600MG.VAG. X1CA.BL                    2 291217177 291217177       000 582434354       000    0    0    0    0    0         1  7592432011523        2636721       20906128   511009390001  N  0                        200139 01/07/2023       USD        2.8092        5.6185  1036631.0200
01 36891580  12752  M  NACUA 40MG X12CO                            2 141700000 141700000       000 283400000       000    0    0    0    0    0         1  7592806133295        2636713       20905495   511009390001  N  0                        907047 01/07/2024       USD        1.3669        2.7338  1036631.0200
01 36891580  MK754  M  PANTOPRAZOL +MK40MG. X7TA                   2 262080000 262080000       000 524160000       000    0    0    0    0    0         1  7591519005783        2636718       20905833   511009390001  N  0                         31229 01/04/2022       USD        2.5281        5.0563  1036631.0200
01 36891580  12576  M  SALBUTAMOL KMP 100X200DOS                   3 585000000 585000000       0001755000000       000    0    0    0    0    0         1  6921875010892        2636715       20905529   511009390001  N  0                       2004420 01/04/2023       USD        5.6432       16.9298  1036631.0200
01 36891580  KV007  N  TERATOSIL MIEL JBE.120ML.                   2 290507016 290507016       000 581014032       000    0    0    0    0    0         1  7591821802551        2636714       20905503   511009390001  N  0                      2008679C 01/08/2023       USD        2.8024        5.6048  1036631.0200
01 36891580  11321  M  ULCON 1GR. X20TA                            2 432177994 432177994       000 864355988       000    0    0    0    0    0         1  7591821210288        2636718       20905833   511009390001  N  0                       2009850 01/09/2022       USD        4.1690        8.3381  1036631.0200
02 36891580         65   21552244604           000           000   21552244604    0    0    0  000    0    0    0   29/12/2020 04:15:07 p.m.   PR           000           000             0            19           USD  1036631.0200      207.9100
