01 36893293  MG110  M  ACICLOR CR. 10 GR.                          3 243620000 243620000       000 730860000       000    0    0    0    0    0         1  7591585311634        2636742       20908728   511030310001  N  0                           250 01/11/2023       USD        2.2003        6.6009  1107198.5800
01 36893293  VM780  M  AMOXIVAL 250MG.PPSO 90ML.                   2 346174613 346174613       000 692349226       000    0    0    0    0    0         1  7591020000758        2636729       20908222   511030310001  N  0                           410 01/10/2022       USD        3.1265        6.2531  1107198.5800
01 36893293  CH113  C  AMY HISOPOS X60                             2  74362184  74362184       000 148724368  23795899    0    0    0    0    0         1  7591061400111        2636742       20908728   511030310001  N  0                      20005291 01/10/2022       USD        0.6716        1.3432  1107198.5800
01 36893293  11808  M  APIRET 180SOL.ORAL 60ML.                   12 152316044 152316044       0001827792528       000    0    0    0    0    0         1  7591196007155        2636727       20908220   511030310001  N  0                       I090008 01/10/2022       USD        1.3756       16.5082  1107198.5800
01 36893293  14026  M  AZITROMICINA 500MGX3 TAB                    6 188760000 188760000       0001132560000       000    0    0    0    0    0         1  6921875011035        2636730       20908224   511030310001  N  0                       2006419 01/06/2023       USD        1.7048       10.2290  1107198.5800
01 36893293  MO003  M  BROLAT 5-30 SO.ORAL 60ML.                   1 411745455 411745455       000 411745455       000    0    0    0    0    0         1  7592601301585        2636739       20908572   511030310001  N  0                        035602 01/09/2022       USD        3.7188        3.7188  1107198.5800
01 36893293  AP950  M  CETRAL D SOL.ORAL 60ML.                     2 298301337 298301337       000 596602674       000    0    0    0    0    0         1  7592601101147        2636738       20908566   511030310001  N  0                        033102 01/07/2022       USD        2.6941        5.3883  1107198.5800
01 36893293  13205  M  DEXTROSA 5% N/4  500ML                      2 221279370 221279370       000 442558740       000    0    0    0    0    0         1  7596347796766        2636743       20908854   511030310001  N  0                       1907125 01/07/2021       USD        1.9985        3.9971  1107198.5800
01 36893293  13204  M  DEXTROSA N/1 5% 500ML                       2 221279370 221279370       000 442558740       000    0    0    0    0    0         1  7596347796742        2636743       20908854   511030310001  N  0                       1907123 01/07/2021       USD        1.9985        3.9971  1107198.5800
01 36893293  ZW004  N  GINKGO BILOBA NP X60CA                      1 585000000 585000000       000 585000000       000    0    0    0    0    0         1  7592430000116        2636743       20908854   511030310001  N  0                      02170720 01/07/2022       USD        5.2836        5.2836  1107198.5800
01 36893293  BA104  M  GYNOTRAN OV.VAG. X7                         118862935001886293500       0001886293500       000    0    0    0    0    0         1  7401078990089        2636742       20908728   511030310001  N  0                        200169 01/05/2022       USD       17.0366       17.0366  1107198.5800
01 36893293  MY255  M  IMAZOL 1% SOL.TOP.  20ML.                   2 256060606 256060606       000 512121212       000    0    0    0    0    0         1  7592601100461        2636728       20908221   511030310001  N  0                        909501 01/09/2022       USD        2.3126        4.6253  1107198.5800
01 36893293  CO310  M  IPALAT CREMA 20 GR.                         2 423751983 423751983       000 847503966       000    0    0    0    0    0         1  7591818114001        2636728       20908221   511030310001  N  0                         00219 01/05/2024       USD        3.8272        7.6544  1107198.5800
01 36893293  BQ230  M  LANCERAN GOTAS PED. 30ML.                   3 130000000 130000000       000 390000000       000    0    0    0    0    0         1  7594000850220        2636737       20908487   511030310001  N  0                        200907 01/09/2023       USD        1.1741        3.5224  1107198.5800
01 36893293  10735  M  LANCERAN JBE. 90ML.                         3 130000000 130000000       000 390000000       000    0    0    0    0    0         1  7594000850954        2636737       20908487   511030310001  N  0                        201001 01/10/2022       USD        1.1741        3.5224  1107198.5800
01 36893293  ED760  M  LOREX 1MG. GOTAS 15ML.                      3  44850000  44850000       000 134550000       000    0    0    0    0    0         1  7592803001177        2636742       20908728   511030310001  N  0                        803056 01/05/2021       USD        0.4050        1.2152  1107198.5800
01 36893293  13916  M  LOSARTAN H 100/25MGX10TAB                   3 250120000 250120000       000 750360000       000    0    0    0    0    0         1  7592454003308        2636724       20908216   511030310001  N  0                       3256021 01/10/2022       USD        2.2590        6.7771  1107198.5800
01 36893293  CO125  M  PINVEX SOL.TOP.BUCAL 10ML                   2 238475184 238475184       000 476950368       000    0    0    0    0    0         1  7591818111055        2636734       20908457   511030310001  N  0                         00297 01/07/2025       USD        2.1538        4.3077  1107198.5800
01 36893293  12576  M  SALBUTAMOL KMP 100X200DOS                   3 585000000 585000000       0001755000000       000    0    0    0    0    0         1  6921875010892        2636743       20908854   511030310001  N  0                       2004420 01/04/2023       USD        5.2836       15.8508  1107198.5800
01 36893293  VY026  C  VENDA DE YESO GYPSONA 6X3                   4 329140158 329140158       0001316560632 210649701    0    0    0    0    0         1  7594001560043        2636731       20908223   511030310001  N  0                          7651 01/06/2021       USD        2.9727       11.8909  1107198.5800
02 36893293         59   14004806409    1465285000     234445600   15704537009    0    0    0  000    0    0    0   04/01/2021 02:14:30 p.m.   PR           000           000             0            20           USD  1107198.5800      139.7200
