01 36895481  EL685  M  ALBICAR 200MG X2TA                          6  83543394  86127210  15502896 501260364       000    0    0    3    0    0         1  7591062010036        2636754       20910493   511052220001  N  0                        20139A 01/11/2023       USD        0.7110        4.2660  1174992.6100
01 36895481  EL010  M  ALBICAR 200MG. X6TA                         6 157264120 157264120       000 943584720       000    0    0    0    0    0         1  7591062010173        2636754       20910493   511052220001  N  0                        20139B 01/11/2023       USD        1.3384        8.0305  1174992.6100
01 36895481  PO175  M  BACITRACINA PO UNG. 15 GR.                  2 253500000 253500000       000 507000000       000    0    0    0    0    0         1  7592806141016        2636754       20910493   511052220001  N  0                        008088 01/08/2023       USD        2.1574        4.3149  1174992.6100
01 36895481  PA275  M  BETAGEN SOLSPEN 1ML.1AMP.                   6 326762817 326762817       0001960576902       000    0    0    0    0    0         1  7591243804409        2636757       20910904   511052220001  N  0                         91881 01/03/2022       USD        2.7809       16.6858  1174992.6100
01 36895481  PA275  M  BETAGEN SOLSPEN 1ML.1AMP.                   6 316959932 326762817  588173101901759592       000    0    0    3    0    0         1  7591243804409        2636755       20910540   511052220001  N  0                         91881 01/03/2022       USD        2.6975       16.1852  1174992.6100
01 36895481  NP370  M  BREINOX 800MG. X30TA                        111182862761118286276       0001118286276       000    0    0    0    0    0         1  7591821902701        2636754       20910493   511052220001  N  0                       2008104 01/09/2025       USD        9.5173        9.5173  1174992.6100
01 36895481  12025  M  CEFADROXILO DAC500 X10TA                   12 326283750 336375000 1210950003915405000       000    0    0    3    0    0         1  8906121690033        2636754       20910493   511052220001  N  0                          V115 01/06/2022       USD        2.7769       33.3228  1174992.6100
01 36895481  LT046  M  GENLET 200MG. X20CO                         2 695760000 695760000       0001391520000       000    0    0    0    0    0         1  7591585110183        2636755       20910540   511052220001  N  0                           042 01/06/2022       USD        5.9213       11.8427  1174992.6100
01 36895481  LT023  M  LONGACEF 400MG. X5CA                        215102880001510288000       0003020576000       000    0    0    0    0    0         1  7591585112224        2636755       20910540   511052220001  N  0                           036 01/10/2022       USD       12.8535       25.7071  1174992.6100
01 36895481  MK754  M  PANTOPRAZOL +MK40MG. X7TA                   3 262080000 262080000       000 786240000       000    0    0    0    0    0         1  7591519005783        2636757       20910904   511052220001  N  0                         31229 01/04/2022       USD        2.2304        6.6914  1174992.6100
01 36895481  11435  M  PROPRANOLOL PX 40MG.X20CO                   6 158478060 158478060       000 950868360       000    0    0    0    0    0         1  7594001100171        2636757       20910904   511052220001  N  0                          5733 01/11/2023       USD        1.3487        8.0925  1174992.6100
01 36895481  FA454  M  UROCIT TAB. LP 10MEQ X100                   3 828417833 828417833       0002485253499       000    0    0    0    0    0         1  7592229003229        2636757       20910904   511052220001  N  0                        20D019 01/04/2022       USD        7.0504       21.1512  1174992.6100
01 36895481  10076  C  VASELINA EBEN 30GR.                         6 175500000 175500000       0001053000000 168480000    0    0    0    0    0         1  7595492000186        2636754       20910493   511052220001  N  0                           10X 01/09/2025       USD        1.4936        8.9617  1174992.6100
01 36895481  ED175  C  NOPUCID LOC. 100 CC.                        2 463125000 463125000       000 926250000 148200000    0    0    0    0    0         2  7592803000835        2636754       20910493   511052220002  N  0                       2008420 01/09/2022       USD        3.9415        7.8830  1174992.6100
01 36895481  KL574  M  MAILEN 2,5MG. JBE. 50ML.                    6 221000000 221000000       0001326000000       000    0    0    0    0    0         3  7591619519135        2636754       20910493   511052220003  N  0                          0016 01/07/2022       USD        1.8808       11.2851  1174992.6100
02 36895481         69   20808330713    1979250000     316680000   23104260713    0    0    0  000    0    0    0   06/01/2021 11:17:18 a.m.   PR           000           000             0            15           USD  1174992.6100      193.9400
