01 36893089  GN121  M  AC FOLICO GN 10MG. X30CO                    6 165620000 165620000       000 993720000       000    0    0    0    0    0         1  7591585271495        2636738       20908566   511030340001  N  0                           038 01/11/2022       USD        1.4958        8.9750  1107198.5800
01 36893089  AP840  M  ALSART 80MG. X10 CAPSULAS                   6 138138000 138138000       000 828828000       000    0    0    0    0    0         1  7592601201021        2636743       20908854   511030340001  N  0                        031407 01/11/2022       USD        1.2476        7.4858  1107198.5800
01 36893089  QO320  M  ANALPER NAX CAPS. 250 X10                   6 182585000 182585000       0001095510000       000    0    0    0    0    0         1  7592454000789        2636728       20908221   511030340001  N  0                       3256510 01/11/2022       USD        1.6490        9.8944  1107198.5800
01 36893089  GN629  M  AZITROMICINA GN 500 X 5                    12 332945613 343242900 2471348883995347356       000    0    0    3    0    0         1  7591585279460        2636732       20908224   511030340001  N  0                           315 01/10/2022       USD        3.0070       36.0851  1107198.5800
01 36893089  GN629  M  AZITROMICINA GN 500 X 5                    12 332945613 343242900 2471348883995347356       000    0    0    3    0    0         1  7591585279460        2636730       20908224   511030340001  N  0                           315 01/10/2022       USD        3.0070       36.0851  1107198.5800
01 36893089  PD565  M  BARGONIL UNG. 10GR.                         2 299000000 299000000       000 598000000       000    0    0    0    0    0         1  7591955000045        2636742       20908728   511030340001  N  0                          0091 01/08/2021       USD        2.7005        5.4010  1107198.5800
01 36893089  PD830  M  BARGONIL UNG. 30GR.                         1 455000000 455000000       000 455000000       000    0    0    0    0    0         1  7591955000052        2636726       20908219   511030340001  N  0                          0088 01/07/2021       USD        4.1094        4.1094  1107198.5800
01 36893089  12084  M  BREXIN FORTE 650MG. X10TA                  24  84500000  84500000       0002028000000       000    0    0    0    0    0         1  7591818716755        2636728       20908221   511030340001  N  0                         00362 01/09/2023       USD        0.7631       18.3164  1107198.5800
01 36893089  12570  M  BUDECORT SOL.P INHAL10ML.                   6 161690565 166691304  60008868 970143390       000    0    0    3    0    0         1  7591196007162        2636732       20908218   511030340001  N  0                        110526 01/11/2022       USD        1.4603        8.7621  1107198.5800
01 36893089  12570  M  BUDECORT SOL.P INHAL10ML.                   6 161690565 166691304  60008868 970143390       000    0    0    3    0    0         1  7591196007162        2636725       20908218   511030340001  N  0                        110526 01/11/2022       USD        1.4603        8.7621  1107198.5800
01 36893089  VP990  M  CEVAX 500MG. X30CA.BLA                      2 397497215 409790943  24587456 794994430       000    0    0    3    0    0         1  7592432007649        2636730       20908224   511030340001  N  0                        200257 01/09/2022       USD        3.5901        7.1802  1107198.5800
01 36893089  GQ719  M  CLOTRI-NEO-DEXA ELTER 20GR.                 2 475964450 490685000  29441100 951928900       000    0    0    3    0    0         1  7703763300051        2636743       20908854   511030340001  N  0                       3254356 01/09/2023       USD        4.2988        8.5976  1107198.5800
01 36893089  LO409  M  DESLORAT 5MG. X10TA                         6 119085688 122768750  22098372 714514128       000    0    0    3    0    0         1  7591196002969        2636742       20908728   511030340001  N  0                       I090994 01/09/2022       USD        1.0755        6.4533  1107198.5800
01 36893089  GQ744  M  DESLORATADINA ELTER 5 X10                   6 210925000 210925000       0001265550000       000    0    0    0    0    0         1  7592454001311        2636742       20908728   511030340001  N  0                       3248071 01/06/2022       USD        1.9050       11.4301  1107198.5800
01 36893089  VC380  M  DIARONA 200MG. X10TA                        3 390000000 390000000       0001170000000       000    0    0    0    0    0         1  7592782000116        2636727       20908220   511030340001  N  0                       20A0008 01/11/2024       USD        3.5224       10.5672  1107198.5800
01 36893089  12307  M  DICLOFENAC S 50MG X100TA                    1 508300000 508300000       000 508300000       000    0    0    0    0    0         1  6937874106405        2636737       20908487   511030340001  N  0                       D190403 01/03/2022       USD        4.5908        4.5908  1107198.5800
01 36893089  LN165  M  MADECASSOL 2% POLVO 5GR.                    2 483437500 483437500       000 966875000       000    0    0    0    0    0         1  7592348218108        2636738       20908566   511030340001  N  0                       2011026 01/11/2025       USD        4.3663        8.7326  1107198.5800
01 36893089  11688  M  MONTELUKAST LS 5MG. X10TM                   3 206960000 206960000       000 620880000       000    0    0    0    0    0         1  7592454891301        2636742       20908728   511030340001  N  0                       3232425 01/08/2022       USD        1.8692        5.6076  1107198.5800
01 36893089  NP024  M  NOTOLAC 20MG. X10TA                         3 300059893 309340096  27840609 900179679       000    0    0    3    0    0         1  7591821902022        2636743       20908854   511030340001  N  0                       2010072 01/10/2023       USD        2.7100        8.1302  1107198.5800
01 36893089  11893  M  TALYSTO 20MG. X1TA.MAST.                    6  40300000  40300000       000 241800000       000    0    0    0    0    0         1  7592454891400        2636737       20908487   511030340001  N  0                       3237271 01/10/2021       USD        0.3639        2.1838  1107198.5800
01 36893089  EL001  M  TALZIC 10MG. X10CO                         12 125236800 125236800       0001502841600       000    0    0    0    0    0         1  7591062016700        2636737       20908487   511030340001  N  0                        20086A 01/08/2022       USD        1.1311       13.5733  1107198.5800
01 36893089  DP013  M  TERBINAFINA DP CR.1% 15GR.                  6 100536716 111707462  67024476 603220296       000    0    0   10    0    0         1  7592616584126        2636727       20908220   511030340001  N  0                         00552 01/06/2022       USD        0.9080        5.4481  1107198.5800
02 36893089        133   26171123525           000           000   26171123525    0    0    0  000    0    0    0   04/01/2021 01:08:54 p.m.   PR           000           000             0            20           USD  1107198.5800      236.3700
