01 36891416  11795  M  AFLAMAX 50MG. X10TA                         6 141369646 145741903  26233542 848217876       000    0    0    3    0    0         1  7591196007186        2636717       20905668   511009400001  N  0                       I100023 01/11/2022       USD        1.3637        8.1824  1036631.0200
01 36891416  MK005  M  AMLODIPINA +MK 5MG. X10TA                   6 120640000 120640000       000 723840000       000    0    0    0    0    0         1  7591519001334        2636713       20905495   511009400001  N  0                         31067 01/01/2024       USD        1.1637        6.9826  1036631.0200
01 36891416  GN790  M  AMLODIPINA GN 5MG. X30CO                    3 275600000 275600000       000 826800000       000    0    0    0    0    0         1  7591585278166        2636713       20905495   511009400001  N  0                           382 01/09/2023       USD        2.6586        7.9758  1036631.0200
01 36891416  12191  M  CARBAMAZEPINA AL200MG30TA                   6 357816859 376649325 1129947962146901154       000    0    5    0    0    0         1  7597758000503        2636719       20905926   511009400001  N  0                         DL069 01/07/2022       USD        3.4517       20.7103  1036631.0200
01 36891416  PD109  M  FERGANIC FOLIC TM X20                       3 351000000 351000000       0001053000000       000    0    0    0    0    0         1  7591955002797        2636718       20905833   511009400001  N  0                          0286 01/02/2022       USD        3.3859       10.1579  1036631.0200
01 36891416  LO810  M  FISIOLIN GOTAS PED. 15ML.                   2 103794612 103794612       000 207589224       000    0    0    0    0    0         1  7591196002198        2636713       20905495   511009400001  N  0                       I020849 01/03/2023       USD        1.0012        2.0025  1036631.0200
01 36891416  11489  N  MAGALEX 100MG. X30CA                        2 328699563 328699563       000 657399126 105183860    0    0    0    0    0         1  7591821210059        2636715       20905529   511009400001  N  0                       2010024 01/10/2022       USD        3.1708        6.3416  1036631.0200
01 36891416  NP024  M  NOTOLAC 20MG. X10TA                         2 309340096 309340096       000 618680192       000    0    0    0    0    0         1  7591821902022        2636714       20905503   511009400001  N  0                       2010072 01/10/2023       USD        2.9840        5.9681  1036631.0200
01 36891416  FA239  M  NOTOLAC 30MG. X4TA.SUBL.                    3 275836494 284367520  51186156 827509482       000    0    0    3    0    0         1  7591821210134        2636721       20905503   511009400001  N  0                       2008742 01/09/2022       USD        2.6608        7.9826  1036631.0200
01 36891416  FA239  M  NOTOLAC 30MG. X4TA.SUBL.                    3 275836494 284367520  51186156 827509482       000    0    0    3    0    0         1  7591821210134        2636714       20905503   511009400001  N  0                       2008742 01/09/2022       USD        2.6608        7.9826  1036631.0200
01 36891416  GN154  M  SERTRALINA COMPR. 50 X 10                   6 185203200 185203200       0001111219200       000    0    0    0    0    0         1  7591585178275        2636713       20905495   511009400001  N  0                         70451 01/09/2023       USD        1.7865       10.7195  1036631.0200
01 36891416  13024  C  EVERY N. CH SECO DA 350ML                   6 224882455 224882455       0001349294730 215887157    0    0    0    0    0         2  7590005226015        2631760       20905778   511009400002  N  0                       2012031 01/12/2022       USD        2.1693       13.0161  1036631.0200
01 36891416  13025  C  EVERY N. CH SECO RE 350ML                   6 224882455 224882455       0001349294730 215887157    0    0    0    0    0         2  7590005226022        2631760       20905778   511009400002  N  0                       2010289 01/10/2022       USD        2.1693       13.0161  1036631.0200
01 36891416  11835  C  EVERY N.CH FTA RIZ.OND350                   6 211998472 211998472       0001271990832 203518533    0    0    0    0    0         2  7590005163150        2631760       20905778   511009400002  N  0                       2009022 01/09/2022       USD        2.0450       12.2704  1036631.0200
01 36891416  KA920  C  EVERY N.CP FTA.RIZADO 300                   2 147555438 147555438       000 295110876  47217740    0    0    0    0    0         2  7590005167066        2631760       20905778   511009400002  N  0                       2011234 01/11/2022       USD        1.4234        2.8468  1036631.0200
01 36891416  BQ290  M  AMBROXOL BQ. 30MG.120ML.                    2 203937500 203937500       000 407875000       000    0    0    0    0    0         3  7594000850923        2636714       20905503   511009400003  N  0                        201003 01/10/2022       USD        1.9673        3.9346  1036631.0200
01 36891416  QO480  M  ANALPER JBE.PED.150MG.120ML                 3 180245000 180245000       000 540735000       000    0    0    0    0    0         3  7592454003117        2636719       20905926   511009400003  N  0                       3255196 01/10/2023       USD        1.7387        5.2162  1036631.0200
01 36891416  LT284  M  ANTUX SOL.ORAL 180ML.                       1 530943400 530943400       000 530943400       000    0    0    0    0    0         3  7591585214706        2636714       20905503   511009400003  N  0                           272 01/05/2022       USD        5.1218        5.1218  1036631.0200
01 36891416  KL061  M  PLIDAN SOL.GOTAS 20ML.                      3 325000000 325000000       000 975000000       000    0    0    0    0    0         3  7591619517940        2636717       20905668   511009400003  N  0                          0014 01/09/2023       USD        3.1351        9.4054  1036631.0200
02 36891416         71   12303219136    4265691168     787694447   17356604751    0    0    0  000    0    0    0   29/12/2020 03:09:04 p.m.   PR           000           000             0            18           USD  1036631.0200      159.8300
