01 36907621  MK599  M  AC FOLICO +MK 10MG. X20TA                  12 195195000 195195000       0002342340000       000    0    0    0    0    0         1  7591519004892        2636828       20923808   511177280001  N  0                         31429 01/09/2022
01 36907621  MY105  M  ARBIXIL 7,5-5 JBE.PED.120                   1 614161363 614161363       000 614161363       000    0    0    0    0    0         1  7592601100638        2636829       20923867   511177280001  N  0                        024301 01/05/2023
01 36907621  12137  M  ATENOLOL BM100MG. X100TA                    1 936000000 936000000       000 936000000       000    0    0    0    0    0         1  6930169708063        2636829       20923867   511177280001  N  0                        190446 01/03/2022
01 36907621  12543  M  ATOVAROL 20MG X14CA                         6 177602859 197336510 1184019061065617154       000    0    0   10    0    0         1  7592432901435        2636829       20923867   511177280001  N  0                        200236 01/09/2022
01 36907621  GQ749  M  AZITROMICINA ELTER 500X5                    3 587730000 587730000       0001763190000       000    0    0    0    0    0         1  7703763700219        2636829       20923867   511177280001  N  0                       3253400 01/09/2023
01 36907621  GQ749  M  AZITROMICINA ELTER 500X5                    9 587730000 587730000       0005289570000       000    0    0    0    0    0         1  7703763700219        2636829       20923867   511177280001  N  0                       3257693 01/11/2023
01 36907621  MO002  M  BENZODIAZOL TM LIMON X16                    1 312073863 312073863       000 312073863       000    0    0    0    0    0         1  7592601301561        2636828       20923808   511177280001  N  0                        035403 01/11/2022
01 36907621  MY034  M  BENZODIAZOL TM MENTA X16                    2 312073863 312073863       000 624147726       000    0    0    0    0    0         1  7592601100881        2636828       20923808   511177280001  N  0                        005501 01/10/2022
01 36907621  MY029  M  BENZODIAZOL TM T.FRUTTI X16                 2 312073863 312073863       000 624147726       000    0    0    0    0    0         1  7592601100874        2636828       20923808   511177280001  N  0                        031302 01/11/2023
01 36907621  VM199  M  CARBAMAZEPINA GENCER 200X20                 6 327600000 327600000       0001965600000       000    0    0    0    0    0         1  7591020003179        2636828       20923808   511177280001  N  0                           125 01/10/2025
01 36907621  KL033  M  COROPRES H 8/12,5 X30CO                     3 494000000 494000000       0001482000000       000    0    0    0    0    0         1  7591619520353        2636829       20923867   511177280001  N  0                          0003 01/09/2023
01 36907621  12493  M  DOTILOL GOTAS OF 5ML                        111125886801112588680       0001112588680       000    0    0    0    0    0         1  7404000314281        2636830       20923905   511177280001  N  0                      F2008023 01/08/2023
01 36907621  KN400  M  FERGANIC FOLIC GOTAS 30ML.                  3 390000000 390000000       0001170000000       000    0    0    0    0    0         1  7591955003077        2636831       20923932   511177280001  N  0                          0069 01/07/2022
01 36907621  11423  M  HIDROCLOROTI GN12,5 X30CO                   3 314860000 314860000       000 944580000       000    0    0    0    0    0         1  7591585172686        2636830       20923905   511177280001  N  0                           016 01/11/2022
01 36907621  GQ964  M  IRBESARTAN ELTER150 X10TA                   2 470730000 470730000       000 941460000       000    0    0    0    0    0         1  7592454002547        2636829       20923867   511177280001  N  0                       3253459 01/11/2022
01 36907621  10111  M  LERCANIDIPINA GN 10MG.X30                   110857437501085743750       0001085743750       000    0    0    0    0    0         1  7591585272652        2636831       20923905   511177280001  N  0                           024 01/10/2022
01 36907621  10111  M  LERCANIDIPINA GN 10MG.X30                   110857437501085743750       0001085743750       000    0    0    0    0    0         1  7591585272652        2636830       20923905   511177280001  N  0                           024 01/10/2022
01 36907621  GQ159  M  MELOXICAM ELTER 7,5 X 10                    2 257270000 257270000       000 514540000       000    0    0    0    0    0         1  7592454162005        2636831       20923932   511177280001  N  0                       3249994 01/08/2023
01 36907621  PG110  M  NINAZO GOTAS AD. 15ML.                      6 145012591 149497516  26909550 870075546       000    0    0    3    0    0         1  7591821802957        2636828       20923808   511177280001  N  0                       2009009 01/03/2022
01 36907621  PA034  M  SAXACID SOL. VAG. 135 CC.                   1 277490260 277490260       000 277490260       000    0    0    0    0    0         1  7591241846647        2636830       20923905   511177280001  N  0                       9201502 01/10/2022
01 36907621  12395  M  THYRONA BP 50MCG 100TA                      2 797810000 797810000       0001595620000       000    0    0    0    0    0         1  8904307700859        2636830       20923905   511177280001  N  0                      TT720004 01/07/2022
01 36907621  MY290  M  TILODRIN GOTAS 15ML.                        2 245393148 245393148       000 490786296       000    0    0    0    0    0         1  7592601100539        2636829       20923867   511177280001  N  0                        002701 01/06/2022
01 36907621  GN121  M  AC FOLICO GN 10MG. X30CO                   12 227383520 234416000  843897602728602240       000    0    0    3    0    0         2  7591585271495        2636828       20923808   511177280002  N  0                           038 01/11/2022
01 36907621  LT037  M  LISILET 10MG. X30CO                         1 527150000 527150000       000 527150000       000    0    0    0    0    0         2  7591585314369        2636830       20923905   511177280002  N  0                           129 01/08/2023
01 36907621  CO380  M  CLORACE JBE.PED. 120ML.                     3 405409570 405409570       0001216228710       000    0    0    0    0    0         3  7591818112069        2636828       20923808   511177280003  N  0                         00044 01/02/2024
02 36907621         86   31579457064           000           000   31579457064    0    0    0  000    0    0    0   20/01/2021 02:26:09 p.m.   PR           000           000             0            24
