01 36901016  LO124  M  AIRON 10MG. X10TA                           3 295393225 295393225       000 886179675       000    0    0    0    0    0         1  7591196002563        2636775       20915571   511103140001  N  0                       I080980 01/08/2022       USD        2.0118        6.0356  1468241.1500
01 36901016  10727  M  ANTAAR 2,5MG. X30TA                         2 568360000 568360000       0001136720000       000    0    0    0    0    0         1  7591519051872        2636776       20915799   511103140001  N  0                         31373 01/07/2023       USD        3.8710        7.7420  1468241.1500
01 36901016  PO185  M  BACTRON TAB. X20                            2 478400000 478400000       000 956800000       000    0    0    0    0    0         1  7592806133073        2636776       20915799   511103140001  N  0                        011138 01/11/2025       USD        3.2583        6.5166  1468241.1500
01 36901016  EL009  M  BRUGESIC 200MG. X10CO                       6 117177190 117177190       000 703063140       000    0    0    0    0    0         1  7591062902379        2636775       20915571   511103140001  N  0                        20048A 01/05/2022       USD        0.7980        4.7884  1468241.1500
01 36901016  13867  M  CARVEDILOL 12,5MG X10TAB                    6 163800000 163800000       000 982800000       000    0    0    0    0    0         1  8906121690125        2636776       20915799   511103140001  N  0                          V102 01/12/2022       USD        1.1156        6.6937  1468241.1500
01 36901016  CO265  M  CLORACE 500MG/4MG X10TA                     6 225108000 225108000       0001350648000       000    0    0    0    0    0         1  7591818116043        2636776       20915799   511103140001  N  0                         00422 01/10/2022       USD        1.5331        9.1990  1468241.1500
01 36901016  VP299  M  CUTICLIN 10MG. X30CA                        1 453720349 453720349       000 453720349       000    0    0    0    0    0         1  7592432005508        2636776       20915799   511103140001  N  0                        200150 01/07/2023       USD        3.0902        3.0902  1468241.1500
01 36901016  GQ990  M  ENALAPRIL ELTER 20 X20TA                    6 202735000 202735000       0001216410000       000    0    0    0    0    0         1  7592454141000        2636778       20915877   511103140001  N  0                       3252475 01/08/2023       USD        1.3808        8.2848  1468241.1500
01 36901016  FA109  M  FARMACAINA POM. 35GR                        1 585000000 585000000       000 585000000       000    0    0    0    0    0         1  7592229001294        2636776       20915799   511103140001  N  0                       2004136 01/05/2023       USD        3.9843        3.9843  1468241.1500
01 36901016  KN280  M  FERGANIC FOLIC TM X30                       1 624000000 624000000       000 624000000       000    0    0    0    0    0         1  7591955003053        2636775       20915571   511103140001  N  0                          0292 01/11/2024       USD        4.2499        4.2499  1468241.1500
01 36901016  LO810  M  FISIOLIN GOTAS PED. 15ML.                   3 103794612 103794612       000 311383836       000    0    0    0    0    0         1  7591196002198        2636776       20915799   511103140001  N  0                       I020849 01/03/2023       USD        0.7069        2.1207  1468241.1500
01 36901016  GQ114  M  FLUDIL 10MG. X20TA                          3 380185000 380185000       0001140555000       000    0    0    0    0    0         1  7592454345057        2636776       20915799   511103140001  N  0                       3257296 01/11/2023       USD        2.5893        7.7681  1468241.1500
01 36901016  11423  M  HIDROCLOROTI GN12,5 X30CO                   3 286243750 286243750       000 858731250       000    0    0    0    0    0         1  7591585172686        2636775       20915571   511103140001  N  0                           015 01/11/2022       USD        1.9495        5.8487  1468241.1500
01 36901016  GQ769  M  LOSARTAN H ETR 50/12,5X15                   3 301730000 301730000       000 905190000       000    0    0    0    0    0         1  7703763190270        2636775       20915571   511103140001  N  0                       3253702 01/09/2022       USD        2.0550        6.1651  1468241.1500
01 36901016  PD104  M  POLI-OTICO GOTAS 5 CC.                      2 286000000 286000000       000 572000000       000    0    0    0    0    0         1  7591955002278        2636776       20915799   511103140001  N  0                          1089 01/04/2022       USD        1.9479        3.8958  1468241.1500
01 36901016  11793  M  SORKINOX 250-25 X30CO                       211603108211160310821       0002320621642       000    0    0    0    0    0         1  7595368012732        2636776       20915799   511103140001  N  0                         12181 01/09/2022       USD        7.9027       15.8054  1468241.1500
01 36901016  EL001  M  TALZIC 10MG. X10CO                          6 125236800 125236800       000 751420800       000    0    0    0    0    0         1  7591062016700        2636776       20915799   511103140001  N  0                        20086A 01/08/2022       USD        0.8529        5.1178  1468241.1500
01 36901016  PA096  M  TIOCOLCHICOSIDO 4MGX12 BT                   2 339381910 339381910       000 678763820       000    0    0    0    0    0         1  7591243850758        2636775       20915571   511103140001  N  0                       9233901 01/10/2023       USD        2.3114        4.6229  1468241.1500
01 36901016  LT249  M  XYLON COMPR. 5/6,25 X30                     2 765781250 765781250       0001531562500       000    0    0    0    0    0         1  7591585113313        2636775       20915571   511103140001  N  0                           084 01/09/2022       USD        5.2156       10.4312  1468241.1500
01 36901016  LT993  M  ZONTRICON 500MG. X6CO                       1 770943875 794787500  23843625 770943875       000    0    0    3    0    0         1  7591585118462        2636776       20915799   511103140001  N  0                          0881 01/10/2022       USD        5.2507        5.2507  1468241.1500
01 36901016  LT041  M  RIFAMIX 200MG. X12CO                        110718500001071850000       0001071850000       000    0    0    0    0    0         2  7591585119049        2636777       20915798   511103140002  N  0                           040 01/10/2023       USD        7.3002        7.3002  1468241.1500
02 36901016         62   19808363887           000           000   19808363887    0    0    0  000    0    0    0   12/01/2021 03:11:54 p.m.   PR           000           000             0            21           USD  1468241.1500      134.9100
