01 36904280  13950  M  AMOXICILINA ZAKI 500X100T                   120592000002059200000       0002059200000       000    0    0    0    0    0         1  7597533001589        2636811       20920655   511142820001  N  0                        200681 01/06/2023       USD       13.7251       13.7251  1500315.9700
01 36904280  ZV005  N  ARNICA D6 GLOB.30GR VIHOM                   3 120803781 120803781       000 362411343       000    0    0    0    0    0         1  7593533001116        2636805       20919998   511142820001  N  0                     021020133 01/10/2023       USD        0.8051        2.4155  1500315.9700
01 36904280  VF010  C  ARNICA FC GEL P/M BOL.90GR.                 2 247000000 247000000       000 494000000  79040000    0    0    0    0    0         1  7593090000201        2636805       20919998   511142820001  N  0                       2010001 01/10/2023       USD        1.6463        3.2926  1500315.9700
01 36904280  VC310  M  BEVINDAZOL400 SUSP.10ML                     6 153684375 158437500  28518750 922106250       000    0    0    3    0    0         1  7592782000055        2636801       20919970   511142820001  N  0                      20A0004R 01/10/2022       USD        1.0243        6.1460  1500315.9700
01 36904280  QO530  M  BROXOL FLEM GOTAS 30ML.                     2 266370000 266370000       000 532740000       000    0    0    0    0    0         1  7592454889094        2636812       20920717   511142820001  N  0                       3249602 01/06/2022       USD        1.7754        3.5508  1500315.9700
01 36904280  AP110  M  BUCLEN 5MCG. JBE. 80ML.                     1 443838383 443838383       000 443838383       000    0    0    0    0    0         1  7592601200017        2636803       20919965   511142820001  N  0                        020601 01/05/2023       USD        2.9582        2.9582  1500315.9700
01 36904280  13922  M  CAPTOZ 50MGX30 TAB TANAYU                   3 444600000 444600000       0001333800000       000    0    0    0    0    0         1  8903489000153        2636813       20920759   511142820001  N  0                     CPT092003 01/02/2022       USD        2.9633        8.8901  1500315.9700
01 36904280  AP950  M  CETRAL D SOL.ORAL 60ML.                     2 372876670 372876670       000 745753340       000    0    0    0    0    0         1  7592601101147        2636804       20919973   511142820001  N  0                        033101 01/04/2022       USD        2.4853        4.9706  1500315.9700
01 36904280  12493  M  DOTILOL GOTAS OF 5ML                        111125886801112588680       0001112588680       000    0    0    0    0    0         1  7404000314281        2636801       20919970   511142820001  N  0                      F2008023 01/08/2023       USD        7.4156        7.4156  1500315.9700
01 36904280  VC450  M  FUGOLIN CR.VAG. 50GR.                       6 476125000 476125000       0002856750000       000    0    0    0    0    0         1  7592782000307        2636813       20920759   511142820001  N  0                       20A0010 01/10/2022       USD        3.1734       19.0409  1500315.9700
01 36904280  12723  M  LAGRICOF SOL. OF X15ML                      2 342056000 342056000       000 684112000       000    0    0    0    0    0         1  7591818716861        2636811       20920655   511142820001  N  0                        209080 01/09/2023       USD        2.2798        4.5597  1500315.9700
01 36904280  AP370  M  METREN 500MG.CAPS.VAG.X10                   6 453656860 453656860       0002721941160       000    0    0    0    0    0         1  7592601200314        2636812       20920717   511142820001  N  0                        026702 01/03/2023       USD        3.0237       18.1424  1500315.9700
01 36904280  CO125  M  PINVEX SOL.TOP.BUCAL 10ML                   2 274246461 274246461       000 548492922       000    0    0    0    0    0         1  7591818111055        2636801       20919970   511142820001  N  0                         00297 01/07/2025       USD        1.8279        3.6558  1500315.9700
01 36904280  11828  M  PREDNISONA CCM 5MG.X20TA                    2 316680000 316680000       000 633360000       000    0    0    0    0    0         1  7501384546816        2636813       20920759   511142820001  N  0                       0720705 01/07/2022       USD        2.1107        4.2215  1500315.9700
01 36904280  11567  M  PROVIM GRAGEAS X20                          2 589685590 589685590       0001179371180       000    0    0    0    0    0         1  7594001100164        2636811       20920655   511142820001  N  0                          5726 01/11/2022       USD        3.9304        7.8608  1500315.9700
01 36904280  EL114  M  SAVER SUSP. 37,5CC.                         1 897739317 925504450  27765133 897739317       000    0    0    3    0    0         1  7591062010227        2636810       20920629   511142820001  N  0                        20075A 01/07/2022       USD        5.9836        5.9836  1500315.9700
01 36904280  13849  M  SECNIDAZOL  500 MG X6 TAB                   3 234000000 234000000       000 702000000       000    0    0    0    0    0         1  8906121690217        2636801       20919970   511142820001  N  0                          V112 01/12/2022       USD        1.5596        4.6790  1500315.9700
01 36904280  KV007  N  TERATOSIL MIEL JBE.120ML.                   2 290507016 290507016       000 581014032       000    0    0    0    0    0         1  7591821802551        2636814       20920766   511142820001  N  0                      2008679C 01/08/2023       USD        1.9363        3.8726  1500315.9700
01 36904280  12914  M  TOMYCIN-D SOL. OF 5ML                       2 390000000 390000000       000 780000000       000    0    0    0    0    0         1  7598055000104        2636812       20920717   511142820001  N  0                           109 01/02/2022       USD        2.5994        5.1989  1500315.9700
01 36904280  PB620  C  VITENOL CREMA 15GR.                         1 102664327 102664327       000 102664327  16426292    0    0    0    0    0         1  7591309000714        2636812       20920717   511142820001  N  0                      A2006172 01/06/2023       USD        0.6842        0.6842  1500315.9700
02 36904280         50   19097218607     596664327      95466292   19789349226    0    0    0  000    0    0    0   18/01/2021 10:15:21 a.m.   PR           000           000             0            20           USD  1500315.9700      131.2600
