01 36909526  QO270  M  ANALPER FORTE TAB. 650X10                   6 133640000 133640000       000 801840000       000    0    0    0    0    0         1  7592454000802        2636838       20925014   511188980001  N  0                       3256658 01/10/2022
01 36909526  12164  M  ANTICONCEPTI BM3-0,03 X21                   1 780000000 780000000       000 780000000       000    0    0    0    0    0         1  6930169708360        2636837       20924962   511188980001  N  0                        190439 01/03/2022
01 36909526  GQ669  M  ATENOLOL ELTER 50X30                        4 292240000 292240000       0001168960000       000    0    0    0    0    0         1  7703763090341        2636838       20925014   511188980001  N  0                       3257271 01/10/2022
01 36909526  11625  M  BISOPROLOL AL5MG. X30TA                     3 685513819 685513819       0002056541457       000    0    0    0    0    0         1  7597758000121        2636837       20924962   511188980001  N  0                         DL084 01/11/2022
01 36909526  12084  M  BREXIN FORTE 650MG. X10TA                  12 119600000 119600000       0001435200000       000    0    0    0    0    0         1  7591818716755        2636838       20925014   511188980001  N  0                         00348 01/09/2023
01 36909526  PA884  M  CARBATIL 12,5MG. X30TA                      2 543244965 543244965       0001086489930       000    0    0    0    0    0         1  7591243807813        2636837       20924962   511188980001  N  0                       9218202 01/10/2022
01 36909526  12928  M  CLOTRIMAZOL AL500MG X1OVU                   3 436347779 436347779       0001309043337       000    0    0    0    0    0         1  7597758000664        2636837       20924962   511188980001  N  0                      K1AHK004 01/07/2023
01 36909526  GQ744  M  DESLORATADINA ELTER 5 X10                   3 276770000 276770000       000 830310000       000    0    0    0    0    0         1  7592454001311        2636838       20925014   511188980001  N  0                       3248071 01/06/2022
01 36909526  GQ990  M  ENALAPRIL ELTER 20 X20TA                    3 264784000 278720000  41808000 794352000       000    0    0    5    0    0         1  7592454141000        2636837       20924962   511188980001  N  0                       3252475 01/08/2023
01 36909526  GM169  M  ESPIRONOLACTONA MY 100X10                   1 776183712 800189394  24005682 776183712       000    0    0    3    0    0         1  7592601301127        2636837       20924962   511188980001  N  0                        058103 01/08/2022
01 36909526  12328  M  GENTAPLUS 0.3% 10ML                         6 195000000 195000000       0001170000000       000    0    0    0    0    0         1  8904030802042        2636837       20924962   511188980001  N  0                        190710 01/07/2022
01 36909526  14012  M  LEVODOPA CAR 250-25 X10                     1 641550000 641550000       000 641550000       000    0    0    0    0    0         1  7501384549169        2636837       20924962   511188980001  N  0                       1331020 01/10/2022
01 36909526  NP640  M  MACRODANTINA 50MG. X30CA                    2 644224806 664149285  398489581288449612       000    0    0    3    0    0         1  7591821901858        2636838       20925014   511188980001  N  0                       2008110 01/10/2023
01 36909526  11526  M  NONAFOL 10MG. GOTAS 15ML.                   4 280001042 280001042       0001120004168       000    0    0    0    0    0         1  7592601303114        2636837       20924962   511188980001  N  0                        954208 01/11/2021
01 36909526  11893  M  TALYSTO 20MG. X1TA.MAST.                   12  55510000  55510000       000 666120000       000    0    0    0    0    0         1  7592454891400        2636837       20924962   511188980001  N  0                       3237271 01/10/2021
01 36909526  EL001  M  TALZIC 10MG. X10CO                         12 182219670 187855330  676279202186636040       000    0    0    3    0    0         1  7591062016700        2636838       20925014   511188980001  N  0                        20086B 01/08/2022
01 36909526  LM140  C  ALBEPIR CH. A.CASPA 140CC.                  1 349830000 349830000       000 349830000  55972800    0    0    0    0    0         2  7592025101204        2636837       20924962   511188980002  N  0                        201023 01/04/2024
01 36909526  TQ175  M  GRAUSIN JBE. 120ML.                         1 351000000 351000000       000 351000000       000    0    0    0    0    0         3  7591955002452        2636837       20924962   511188980003  N  0                          0028 01/11/2022
01 36909526  CO110  M  MUCOBROL 4MG. JBE.120ML.                    2 424440874 424440874       000 848881748       000    0    0    0    0    0         3  7591818112021        2636838       20925014   511188980003  N  0                         00132 01/03/2022
01 36909526  EL167  M  PEREBRON JBE.AD.FRANB120                    6 329872010 329872010       0001979232060       000    0    0    0    0    0         3  7591062011217        2636837       20924962   511188980003  N  0                        20065A 01/06/2022
01 36909526  VM200  M  VITISIVAL SOL.ORAL 240ML.                   1 413400000 413400000       000 413400000       000    0    0    0    0    0         3  7591020008495        2636837       20924962   511188980003  N  0                           640 01/11/2024
02 36909526         86   21704194064     349830000      55972800   22109996864    0    0    0  000    0    0    0   22/01/2021 02:43:28 p.m.   PR           000           000             0            21
