01 36902872  PO115  M  ALGOREN 10MG. X20TA                         2 353600000 353600000       000 707200000       000    0    0    0    0    0         1  7592806133011        2636794       20918445   511129190001  N  0                        008083 01/08/2025       USD        2.3643        4.7286  1495567.5700
01 36902872  PO120  M  ALGOREN 40MG. X20TA                         1 561600000 561600000       000 561600000       000    0    0    0    0    0         1  7592806133028        2636794       20918445   511129190001  N  0                        009101 01/09/2025       USD        3.7550        3.7550  1495567.5700
01 36902872  KN420  M  ANASMOL 2,5MG. X30CO                        1 390000000 390000000       000 390000000       000    0    0    0    0    0         1  7591955003084        2636791       20918427   511129190001  N  0                          0029 01/09/2022       USD        2.6077        2.6077  1495567.5700
01 36902872  KL489  M  ANASMOL 5MG. X30CO                          1 611000000 611000000       000 611000000       000    0    0    0    0    0         1  7591955003091        2636791       20918427   511129190001  N  0                          0041 01/10/2022       USD        4.0854        4.0854  1495567.5700
01 36902872  GN629  M  AZITROMICINA GN 500 X 5                    12 422500000 422500000       0005070000000       000    0    0    0    0    0         1  7591585279460        2636791       20918427   511129190001  N  0                           315 01/10/2022       USD        2.8250       33.9001  1495567.5700
01 36902872  PD714  M  BUMELEX 1MG. X16CO                          1 312000000 312000000       000 312000000       000    0    0    0    0    0         1  7591955000991        2636791       20918427   511129190001  N  0                          0049 01/09/2022       USD        2.0861        2.0861  1495567.5700
01 36902872  LO120  M  CLARASOL SOL.OFT. 15ML.                     3 121875000 121875000       000 365625000       000    0    0    0    0    0         1  7591196000071        2636794       20918445   511129190001  N  0                       I050922 01/06/2023       USD        0.8149        2.4447  1495567.5700
01 36902872  GQ719  M  CLOTRI-NEO-DEXA ELTER 20GR.                 2 613340000 613340000       0001226680000       000    0    0    0    0    0         1  7703763300051        2636791       20918427   511129190001  N  0                       3254358 01/09/2023       USD        4.1010        8.2021  1495567.5700
01 36902872  12466  M  DEKORT 4MG. X20TA                           215561000001556100000       0003112200000       000    0    0    0    0    0         1  8699525019752        2636788       20918428   511129190001  N  0                       A088151 01/08/2022       USD       10.4047       20.8094  1495567.5700
01 36902872  PB442  M  DENCOFEN 1,16% GEL 40GR.                    2 596994216 596994216       0001193988432       000    0    0    0    0    0         1  7591309002756        2636791       20918427   511129190001  N  0                       2009015 01/09/2023       USD        3.9917        7.9835  1495567.5700
01 36902872  PB245  M  DENCORUB GEL 40 GR.                         2 373121385 373121385       000 746242770       000    0    0    0    0    0         1  7591309010416        2636791       20918427   511129190001  N  0                       2011019 01/11/2022       USD        2.4948        4.9896  1495567.5700
01 36902872  12079  M  DICLOFENAC S.AL75MG. X2A                    2 152104927 152104927       000 304209854       000    0    0    0    0    0         1       75971366        2636794       20918445   511129190001  N  0                       1319144 01/11/2022       USD        1.0170        2.0340  1495567.5700
01 36902872  13492  M  DOMPERIDONA 10MGX30 TAB                     3 353600000 353600000       0001060800000       000    0    0    0    0    0         1  7598176000212        2636791       20918427   511129190001  N  0                       TEMH217 01/07/2023       USD        2.3643        7.0929  1495567.5700
01 36902872  PD109  M  FERGANIC FOLIC TM X20                       2 429000000 429000000       000 858000000       000    0    0    0    0    0         1  7591955002797        2636791       20918427   511129190001  N  0                          0286 01/02/2022       USD        2.8684        5.7369  1495567.5700
01 36902872  LR460  M  FLUCONAZOL LF 150MG X 2CA                   3 136546020 136546020       000 409638060       000    0    0    0    0    0         1  7594000020609        2636791       20918427   511129190001  N  0                       1910006 01/10/2021       USD        0.9130        2.7390  1495567.5700
01 36902872  PD729  M  KELFEN GEL TOPICO 30GR.                     2 299000000 299000000       000 598000000       000    0    0    0    0    0         1  7591955001677        2636791       20918427   511129190001  N  0                          0015 01/02/2022       USD        1.9992        3.9984  1495567.5700
01 36902872  11419  M  LETISAN SOL.ORAL 90ML.                      2 298593750 298593750       000 597187500       000    0    0    0    0    0         1  7591585614889        2636792       20918422   511129190001  N  0                           492 01/09/2023       USD        1.9965        3.9930  1495567.5700
01 36902872  NP640  M  MACRODANTINA 50MG. X30CA                    2 664149285 664149285       0001328298570       000    0    0    0    0    0         1  7591821901858        2636791       20918427   511129190001  N  0                       2008110 01/10/2023       USD        4.4407        8.8815  1495567.5700
01 36902872  CO560  M  MIOVIT GOTAS 20CC.                          2 252233232 252233232       000 504466464       000    0    0    0    0    0         1  7591818251331        2636791       20918427   511129190001  N  0                         00300 01/07/2022       USD        1.6865        3.3730  1495567.5700
01 36902872  11526  M  NONAFOL 10MG. GOTAS 15ML.                   2 280001042 280001042       000 560002084       000    0    0    0    0    0         1  7592601303114        2636791       20918427   511129190001  N  0                        954208 01/11/2021       USD        1.8722        3.7444  1495567.5700
01 36902872  PD830  M  BARGONIL UNG. 30GR.                         1 455000000 455000000       000 455000000       000    0    0    0    0    0         2  7591955000052        2636791       20918427   511129190002  N  0                          0088 01/07/2021       USD        3.0423        3.0423  1495567.5700
01 36902872  LT031  M  BIOTALOL 5MG. X30CO                         2 698587500 698587500       0001397175000       000    0    0    0    0    0         2  7591585217165        2636794       20918445   511129190002  N  0                           111 01/08/2022       USD        4.6710        9.3421  1495567.5700
01 36902872  LT930  M  VIASEK COMPR. 50MG. X2                     12  82314740  82314740       000 987776880       000    0    0    0    0    0         2  7591585111005        2636792       20918422   511129190002  N  0                          7092 01/08/2022       USD        0.5503        6.6046  1495567.5700
02 36902872         64   23357090614           000           000   23357090614    0    0    0  000    0    0    0   14/01/2021 01:07:50 p.m.   PR           000           000             0            23           USD  1495567.5700      156.1800
