01 36914010  12544  M  ATOVAROL 40MG X14CA                         6 299778109 309049597  556289281798668654       000    0    0    3    0    0         1  7592432901442        2636870       20931047   511240460001  N  0                        200211 01/03/2022       USD        1.6437        9.8626  1823711.0600
01 36914010  PA884  M  CARBATIL 12,5MG. X30TA                      3 543244965 543244965       0001629734895       000    0    0    0    0    0         1  7591243807813        2636872       20931080   511240460001  N  0                       9218202 01/10/2022       USD        2.9787        8.9363  1823711.0600
01 36914010  12085  M  CEVAX 500MG. X15CA.BLA                      4 395802369 439780410 1759121641583209476       000    0    0   10    0    0         1  7592432901381        2636871       20931062   511240460001  N  0                        200248 01/09/2022       USD        2.1703        8.6812  1823711.0600
01 36914010  13923  M  CLOPTAN 75MGX30 TA TANAYU                   310062000001006200000       0003018600000       000    0    0    0    0    0         1  8903489000269        2636872       20931080   511240460001  N  0                     CGT102001 01/09/2022       USD        5.5173       16.5519  1823711.0600
01 36914010  11557  M  DESLER M 5MG/10MG. X10TA                    1 535210000 535210000       000 535210000       000    0    0    0    0    0         1  7592454891257        2636870       20931047   511240460001  N  0                       3255886 01/10/2022       USD        2.9347        2.9347  1823711.0600
01 36914010  QM470  M  DESLER M TAB. 5/10 X30                      110439000001043900000       0001043900000       000    0    0    0    0    0         1  7592454002769        2636870       20931047   511240460001  N  0                       3257376 01/11/2022       USD        5.7240        5.7240  1823711.0600
01 36914010  LT073  M  DICLOFENAC P. GN 50 X30CO                  24 401220625 422337500 5068050009629295000       000    0    5    0    0    0         1  7591585379245        2636872       20931080   511240460001  N  0                           746 01/09/2023       USD        2.2000       52.8005  1823711.0600
01 36914010  ZA102  M  EVIGAX 125MG. X10CA.BLA                     2 566627558 566627558       0001133255116       000    0    0    0    0    0         1  7592432900032        2636870       20931047   511240460001  N  0                        200271 01/10/2023       USD        3.1070        6.2140  1823711.0600
01 36914010  10829  M  FLUCON 200MG. X4CA                          2 403520000 416000000  24960000 807040000       000    0    0    3    0    0         1  7591955558331        2636871       20931062   511240460001  N  0                          0008 01/05/2022       USD        2.2126        4.4252  1823711.0600
01 36914010  LR460  M  FLUCONAZOL LF 150MG X 2CA                   6 167456379 167456379       0001004738274       000    0    0    0    0    0         1  7594000020609        2636871       20931062   511240460001  N  0                       1910006 01/10/2021       USD        0.9182        5.5093  1823711.0600
01 36914010  13486  M  ITRACONAZOL 100 MGX10 CAP                   2 934001250 934001250       0001868002500       000    0    0    0    0    0         1  7598176000229        2636871       20931062   511240460001  N  0                       CEMH054 01/07/2023       USD        5.1214       10.2428  1823711.0600
01 36914010  LO134  M  OCUPRED 1% SUSP.OFT. 5ML.                   2 341380000 341380000       000 682760000       000    0    0    0    0    0         1  7591196002242        2636872       20931080   511240460001  N  0                        050364 01/06/2022       USD        1.8718        3.7437  1823711.0600
01 36914010  LO524  M  OPAT SOL.OFT. 0,1% 5CC.                     2 276250000 276250000       000 552500000       000    0    0    0    0    0         1  7591196003942        2636872       20931080   511240460001  N  0                        040206 01/05/2022       USD        1.5147        3.0295  1823711.0600
01 36914010  LO550  M  QUINOTIC 0,30%S.OTICA 5ML                   3 252200000 260000000  23400000 756600000       000    0    0    3    0    0         1  7591196000620        2636870       20931047   511240460001  N  0                        080136 01/09/2022       USD        1.3828        4.1486  1823711.0600
02 36914010         61   26043513915           000           000   26043513915    0    0    0  000    0    0    0   28/01/2021 02:30:51 p.m.   PR           000           000             0            14           USD  1823711.0600      142.8100
