01 36910436  KV004  M  ANTILAX 2MG. X10TA                          3 156682027 156682027       000 470046081       000    0    0    0    0    0         1  7591821102095        2636853       20927976   511211350001  N  0                       2009018 01/09/2022
01 36910436  13426  M  AZITROMICI DAC 200MGX15ML                   2 343850000 343850000       000 687700000       000    0    0    0    0    0         1  8906121690248        2636853       20927976   511211350001  N  0                          0039 01/01/2022
01 36910436  KL264  M  DERMOSUPRIL CR. 0,05% 15GR.                 2 163930000 169000000  10140000 327860000       000    0    0    3    0    0         1  7703281003793        2636853       20927976   511211350001  N  0                        S00877 01/03/2021
01 36910436  PA874  M  DI EUDRIN 12,5MG. X24TA                     6 258038631 266019207  478834561548231786       000    0    0    3    0    0         1  7591243812374        2636853       20927976   511211350001  N  0                       9198903 01/08/2023
01 36910436  LT073  M  DICLOFENAC P. GN 50 X30CO                  24 401220625 422337500 5068050009629295000       000    0    5    0    0    0         1  7591585379245        2636851       20927962   511211350001  N  0                           743 01/09/2023
01 36910436  VP194  M  MELOVAX 15MG. X10CAPS.BL.                   2 356420249 356420249       000 712840498       000    0    0    0    0    0         1  7592432007427        2636853       20927976   511211350001  N  0                        200189 01/08/2023
01 36910436  GN869  M  METFORMINA GN 500MG.X30CO                   3 451880000 451880000       0001355640000       000    0    0    0    0    0         1  7591585174680        2636853       20927976   511211350001  N  0                           117 01/11/2022
01 36910436  11602  M  METFORMINA SW 850MG.X30TA                   3 480480000 480480000       0001441440000       000    0    0    0    0    0         1  7705959880019        2636853       20927976   511211350001  N  0                       8CL2265 01/06/2021
01 36910436  PG110  M  NINAZO GOTAS AD. 15ML.                      3 145012591 149497516  13454775 435037773       000    0    0    3    0    0         1  7591821802957        2636853       20927976   511211350001  N  0                       2009009 01/03/2022
01 36910436  GQ370  M  PIROXICAM ELTER20MG.X10CA                   6 372190000 372190000       0002233140000       000    0    0    0    0    0         1  7592454172073        2636853       20927976   511211350001  N  0                       3234432 01/10/2024
01 36910436  11793  M  SORKINOX 250-25 X30CO                       214336105121433610512       0002867221024       000    0    0    0    0    0         1  7595368012732        2636851       20927962   511211350001  N  0                         12379 01/10/2022
01 36910436  11321  M  ULCON 1GR. X20TA                            2 432177994 432177994       000 864355988       000    0    0    0    0    0         1  7591821210288        2636853       20927976   511211350001  N  0                       2009079 01/09/2022
01 36910436  VO104  M  VALSARTAN H.GNCR 80/12,5X14                 2 328713900 328713900       000 657427800       000    0    0    0    0    0         1  7591020008594        2636851       20927962   511211350001  N  0                            13 01/09/2022
01 36910436  LT930  M  VIASEK COMPR. 50MG. X2                     24  95628000  95628000       0002295072000       000    0    0    0    0    0         1  7591585111005        2636853       20927962   511211350001  N  0                           093 01/01/2023
01 36910436  LT930  M  VIASEK COMPR. 50MG. X2                     24  95628000  95628000       0002295072000       000    0    0    0    0    0         1  7591585111005        2636851       20927962   511211350001  N  0                           093 01/01/2023
02 36910436        108   27820379950           000           000   27820379950    0    0    0  000    0    0    0   25/01/2021 02:33:53 p.m.   PR           000           000             0            14
