01 36918265  EL010  M  ALBICAR 200MG. X6TA                         3 263142201 271280620  24415257 789426603       000    0    3    0    0    0         1  7591062010173        2636905       20935398   511280940001  N  0                        20139B 01/11/2023       USD        1.4698        4.4096  1790207.3500
01 36918265  PO115  M  ALGOREN 10MG. X20TA                         1 397800000 397800000       000 397800000       000    0    0    0    0    0         1  7592806133011        2636904       20935397   511280940001  N  0                        008083 01/08/2025       USD        2.2220        2.2220  1790207.3500
01 36918265  12134  M  AMPICILINA BM500 X100CA                     120475000002047500000       0002047500000       000    0    0    0    0    0         1  6930169708278        2636904       20935397   511280940001  N  0                        190457 01/03/2022       USD       11.4372       11.4372  1790207.3500
01 36918265  12544  M  ATOVAROL 40MG X14CA                        12 299778109 309049597 1112578563597337308       000    0    3    0    0    0         1  7592432901442        2636906       20935399   511280940001  N  0                        200211 01/03/2022       USD        1.6745       20.0945  1790207.3500
01 36918265  13426  M  AZITROMICI DAC 200MGX15ML                   3 333534500 343850000  309465001000603500       000    0    3    0    0    0         1  8906121690248        2636907       20935400   511280940001  N  0                          0039 01/01/2022       USD        1.8631        5.5893  1790207.3500
01 36918265  NP003  M  CALCIBON D 1500/200 X30                     2 620848378 620848378       0001241696756       000    0    0    0    0    0         1  7591821101029        2636904       20935397   511280940001  N  0                       2009831 01/06/2023       USD        3.4680        6.9360  1790207.3500
01 36918265  NP099  N  CALCIBON NATAL FORTE 30TAB.                 210873129541087312954       0002174625908 347940145    0    0    0    0    0         1  7591821102071        2636905       20935398   511280940001  N  0                       2011039 01/11/2022       USD        6.0736       12.1473  1790207.3500
01 36918265  12928  M  CLOTRIMAZOL AL500MG X1OVU                   3 442821223 442821223       0001328463669       000    0    0    0    0    0         1  7597758000664        2636906       20935399   511280940001  N  0                      K1AHK004 01/07/2023       USD        2.4735        7.4207  1790207.3500
01 36918265  PB245  M  DENCORUB GEL 40 GR.                         2 373121385 373121385       000 746242770       000    0    0    0    0    0         1  7591309010416        2636906       20935399   511280940001  N  0                           021 01/12/2022       USD        2.0842        4.1684  1790207.3500
01 36918265  PB015  C  DENCORUB ICE GEL 40GR.                      2 187028314 187028314       000 374056628  59849060    0    0    0    0    0         1  7591309001049        2636906       20935399   511280940001  N  0                      A2011397 01/11/2023       USD        1.0447        2.0894  1790207.3500
01 36918265  AQ170  N  GINKGO BILOBA AI CAPS.X60                   2 977298010 977298010       0001954596020       000    0    0    0    0    0         1  7592946005988        2636904       20935397   511280940001  N  0                      07205988 01/08/2022       USD        5.4591       10.9182  1790207.3500
01 36918265  13211  M  IVAGAN DIS 650/1/40 25X4T                   130326295553032629555       0003032629555       000    0    0    0    0    0         1  7591243826814        2636905       20935398   511280940001  N  0                         91998 01/07/2022       USD       16.9401       16.9401  1790207.3500
01 36918265  MK024  M  KETOPROFENO +MK 50 X 12                     2 328900000 328900000       000 657800000       000    0    0    0    0    0         1  7591519050905        2636905       20935398   511280940001  N  0                         31486 01/09/2022       USD        1.8372        3.6744  1790207.3500
01 36918265  AP350  M  METREN 125MG.SUSP. 120ML.                   2 373141270 373141270       000 746282540       000    0    0    0    0    0         1  7592601200291        2636904       20935397   511280940001  N  0                        025201 01/02/2022       USD        2.0843        4.1686  1790207.3500
01 36918265  LX102  M  MIGREN 650-50-1 X20CO                       1 489450000 489450000       000 489450000       000    0    0    0    0    0         1  7591585415738        2636904       20935397   511280940001  N  0                           505 01/08/2022       USD        2.7340        2.7340  1790207.3500
01 36918265  LO524  M  OPAT SOL.OFT. 0,1% 5CC.                     2 276250000 276250000       000 552500000       000    0    0    0    0    0         1  7591196003942        2636904       20935397   511280940001  N  0                        040206 01/05/2022       USD        1.5431        3.0862  1790207.3500
01 36918265  EL114  M  SAVER SUSP. 37,5CC.                         110643300201064330020       0001064330020       000    0    0    0    0    0         1  7591062010227        2636907       20935400   511280940001  N  0                        20075A 01/07/2022       USD        5.9452        5.9452  1790207.3500
01 36918265  11279  N  SENOKOT C.DOCUSATO X10TA                    2 310032038 310032038       000 620064076       000    0    0    0    0    0         1  7591821210295        2636904       20935397   511280940001  N  0                       2009115 01/10/2022       USD        1.7318        3.4636  1790207.3500
01 36918265  LT065  M  SITAGLISMET 50-500 X30CO                    122440600002244060000       0002244060000       000    0    0    0    0    0         1  7591585118066        2636907       20935400   511280940001  N  0                          0741 01/11/2022       USD       12.5351       12.5351  1790207.3500
01 36918265  LN105  C  DIADEX CREMA 50GR.                          2 327778461 327778461       000 655556922 104889108    0    0    0    0    0         2  7592348208017        2636904       20935397   511280940002  N  0                      15520001 01/06/2023       USD        1.8309        3.6619  1790207.3500
01 36918265  CO380  M  CLORACE JBE.PED. 120ML.                     2 405409570 405409570       000 810819140       000    0    0    0    0    0         3  7591818112069        2636904       20935397   511280940003  N  0                         00044 01/02/2024       USD        2.2645        4.5291  1790207.3500
01 36918265  KL574  M  MAILEN 2,5MG. JBE. 50ML.                   12 239590000 247000000  889200002875080000       000    0    3    0    0    0         3  7591619519135        2636904       20935397   511280940003  N  0                          0016 01/07/2022       USD        1.3383       16.0600  1790207.3500
01 36918265  11260  M  PEDIACORT SOL.PED. 60ML.                    2 672750000 747500000 1495000001345500000       000    0    0   10    0    0         3  7591196006097        2636907       20935400   511280940003  N  0                        110465 01/01/2024       USD        3.7579        7.5158  1790207.3500
02 36918265         63   29716807865    1029613550     512678313   31259099728    0    0    0  000    0    0    0   03/02/2021 11:14:21 a.m.   PR           000           000             0            23           USD  1790207.3500      171.7500
