01 36918969  RZ150  M  AC FOLICO PX 10MG. X30TA                    6 268921617 277238780  499029781613529702       000    0    3    0    0    0         1  7594001101345        2636912       20936449   511291980001  N  0                          5683 01/10/2023       USD        1.5021        9.0130  1790207.3500
01 36918969  12137  M  ATENOLOL BM100MG. X100TA                    110530000001053000000       0001053000000       000    0    0    0    0    0         1  6930169708063        2636912       20936449   511291980001  N  0                        190446 01/03/2022       USD        5.8820        5.8820  1790207.3500
01 36918969  GQ669  M  ATENOLOL ELTER 50X30                        3 255125520 292240000 111343440 765376560       000    0    3   10    0    0         1  7703763090341        2636912       20936449   511291980001  N  0                       3257271 01/10/2022       USD        1.4251        4.2753  1790207.3500
01 36918969  EL009  M  BRUGESIC 200MG. X10CO                       6 196066711 202130630  363835141176400266       000    0    3    0    0    0         1  7591062902379        2636913       20936447   511291980001  N  0                        20048A 01/05/2022       USD        1.0952        6.5713  1790207.3500
01 36918969  EL920  M  BRUGESIC 400MG CO X 10                      6 270471512 278836610  501905881622829072       000    0    3    0    0    0         1  7591062902546        2636913       20936447   511291980001  N  0                        20112B 01/09/2022       USD        1.5108        9.0650  1790207.3500
01 36918969  12928  M  CLOTRIMAZOL AL500MG X1OVU                   2 442821223 442821223       000 885642446       000    0    0    0    0    0         1  7597758000664        2636913       20936447   511291980001  N  0                      K1AHK004 01/07/2023       USD        2.4735        4.9471  1790207.3500
01 36918969  MK579  M  DOL PLUS TAB. X10                           2 347490000 347490000       000 694980000       000    0    0    0    0    0         1  7591519005134        2636912       20936449   511291980001  N  0                         31468 01/09/2023       USD        1.9410        3.8821  1790207.3500
01 36918969  MY060  N  EQUALIV TAB. X30                            1 658409805 658409805       000 658409805       000    0    0    0    0    0         1  7592601100805        2636910       20936448   511291980001  N  0                        060103 01/09/2022       USD        3.6778        3.6778  1790207.3500
01 36918969  KL814  M  FARBICIL 1% CR.TOP. 15GR.                   2 312000000 312000000       000 624000000       000    0    0    0    0    0         1  7591619520377        2636910       20936448   511291980001  N  0                          0002 01/07/2023       USD        1.7428        3.4856  1790207.3500
01 36918969  BQ190  M  FERCOR COMP. CAPS. X30                      2 455000000 455000000       000 910000000       000    0    0    0    0    0         1  7594000850206        2636913       20936447   511291980001  N  0                        201108 01/11/2022       USD        2.5416        5.0832  1790207.3500
01 36918969  LP640  M  FERGANIC 40MG. X24CA                        2 585000000 585000000       0001170000000       000    0    0    0    0    0         1  7591955001257        2636913       20936447   511291980001  N  0                          0136 01/07/2022       USD        3.2677        6.5355  1790207.3500
01 36918969  KN280  M  FERGANIC FOLIC TM X30                       2 780000000 780000000       0001560000000       000    0    0    0    0    0         1  7591955003053        2636913       20936447   511291980001  N  0                          0289 01/09/2022       USD        4.3570        8.7140  1790207.3500
01 36918969  VC003  M  GENCIVOL COMPUESTO SOL.15ML                 2 292500000 292500000       000 585000000       000    0    0    0    0    0         1  7592782000529        2636910       20936448   511291980001  N  0                       20A0007 01/10/2022       USD        1.6338        3.2677  1790207.3500
01 36918969  BQ230  M  LANCERAN GOTAS PED. 30ML.                   2 195000000 195000000       000 390000000       000    0    0    0    0    0         1  7594000850220        2636912       20936449   511291980001  N  0                        200907 01/09/2023       USD        1.0892        2.1785  1790207.3500
01 36918969  12938  M  PIPERAZINA H. 500/5X120ML                   2 213281250 213281250       000 426562500       000    0    0    0    0    0         1  7594000850084        2636912       20936449   511291980001  N  0                        200806 01/08/2022       USD        1.1913        2.3827  1790207.3500
01 36918969  LO009  M  SALBUTAMOL LO S.INH.15ML.                   3 276631875 316875000 120729375 829895625       000    0    3   10    0    0         1  7591196002303        2636912       20936449   511291980001  N  0                        110298 01/01/2024       USD        1.5452        4.6357  1790207.3500
01 36918969  VC004  M  SOLUNOVAR COMP.SOL. 30ML.                   2 276250000 276250000       000 552500000       000    0    0    0    0    0         1  7592782000598        2636910       20936448   511291980001  N  0                       20A0001 01/10/2022       USD        1.5431        3.0862  1790207.3500
01 36918969  12394  M  THYRONA 100MCG X100TA                       210161580001016158000       0002032316000       000    0    0    0    0    0         1  8904307700866        2636910       20936448   511291980001  N  0                      TT730006 01/07/2022       USD        5.6762       11.3524  1790207.3500
01 36918969  12007  M  TIROXIN 100MCG. X50TA                       212252500001225250000       0002450500000       000    0    0    0    0    0         1  7707355054186        2636910       20936448   511291980001  N  0                      11160720 01/08/2022       USD        6.8441       13.6883  1790207.3500
01 36918969  LP255  M  TOLNAFTAN CR. 30 GR.                        2 208000000 208000000       000 416000000       000    0    0    0    0    0         1  7591955001639        2636910       20936448   511291980001  N  0                          0041 01/09/2024       USD        1.1618        2.3237  1790207.3500
01 36918969  PD754  M  FERGANIC 40MG. X14CA                        2 312000000 312000000       000 624000000       000    0    0    0    0    0         2  7591955002421        2636913       20936447   511291980002  N  0                          0141 01/08/2022       USD        1.7428        3.4856  1790207.3500
01 36918969  PD109  M  FERGANIC FOLIC TM X20                       2 533000000 533000000       0001066000000       000    0    0    0    0    0         2  7591955002797        2636913       20936447   511291980002  N  0                          0286 01/02/2022       USD        2.9773        5.9546  1790207.3500
01 36918969  LO810  M  FISIOLIN GOTAS PED. 15ML.                   2 227500000 227500000       000 455000000       000    0    0    0    0    0         2  7591196002198        2636910       20936448   511291980002  N  0                       I020849 01/03/2023       USD        1.2708        2.5416  1790207.3500
01 36918969  11623  M  LOSARTAN P. AL50MG. X30TA                   6 467872938 482343235  868217822807237628       000    0    3    0    0    0         2  7597758000138        2636912       20936449   511291980002  N  0                         DL078 01/11/2022       USD        2.6135       15.6810  1790207.3500
01 36918969  PB089  C  OVERSKIN 40% CR. 50GR.                      1 447317707 447317707       000 447317707  71570833    0    0    0    0    0         3  7591309000622        2636913       20936447   511291980003  N  0                      A2010363 01/10/2023       USD        2.4986        2.4986  1790207.3500
02 36918969         65   25369179604     447317707      71570833   25888068144    0    0    0  000    0    0    0   03/02/2021 03:27:07 p.m.   PR           000           000             0            25           USD  1790207.3500      144.2100
