01 36913566  12137  M  ATENOLOL BM100MG. X100TA                    1 936000000 936000000       000 936000000       000    0    0    0    0    0         1  6930169708063        2636868       20930458   511235490001  N  0                        190446 01/03/2022       USD        5.1323        5.1323  1823711.0600
01 36913566  FA022  M  BONAMES 150MG. X1TA                         3 393583428 405756111  365180491180750284       000    0    0    3    0    0         1  7591821903326        2636864       20930152   511235490001  N  0                       1911265 01/11/2023       USD        2.1581        6.4744  1823711.0600
01 36913566  11246  M  BROXOL GRIP GOTAS PED.30                    2 308750000 308750000       000 617500000       000    0    0    0    0    0         1  7592454889629        2636868       20930458   511235490001  N  0                       3244158 01/03/2022       USD        1.6929        3.3859  1823711.0600
01 36913566  NP003  M  CALCIBON D 1500/200 X30                     2 602222927 620848378  372509021204445854       000    0    0    3    0    0         1  7591821101029        2636864       20930152   511235490001  N  0                       2009831 01/06/2023       USD        3.3021        6.6043  1823711.0600
01 36913566  12927  M  CLOTRIMAZOL AL200MG X3OVU                   3 496754577 496754577       0001490263731       000    0    0    0    0    0         1  7597758000657        2636868       20930458   511235490001  N  0                      K1AAL001 01/05/2023       USD        2.7238        8.1716  1823711.0600
01 36913566  12493  M  DOTILOL GOTAS OF 5ML                        111125886801112588680       0001112588680       000    0    0    0    0    0         1  7404000314281        2636868       20930458   511235490001  N  0                      F2008023 01/08/2023       USD        6.1006        6.1006  1823711.0600
01 36913566  MK076  M  ENALAPRIL +MK 20MG.X30TA                    2 403650000 448500000  89700000 807300000       000    0    0   10    0    0         1  7591519051643        2636867       20930269   511235490001  N  0                         31469 01/09/2022       USD        2.2133        4.4266  1823711.0600
01 36913566  EH116  M  ESOMEPRAZOL VP40MG. X20TA                   3 781708892 868565435 2605696292345126676       000    0    0   10    0    0         1  7703153027421        2636865       20930140   511235490001  N  0                       1317483 01/09/2022       USD        4.2863       12.8590  1823711.0600
01 36913566  FA017  M  FITEX 20MG. X2TA                            6 114511558 114511558       000 687069348       000    0    0    0    0    0         1  7591821904309        2636865       20930140   511235490001  N  0                       1908512 01/09/2021       USD        0.6279        3.7674  1823711.0600
01 36913566  VC002  M  FUGOLIN SOL.TOPICA 1% 30ML.                 2 291687500 291687500       000 583375000       000    0    0    0    0    0         1  7592782000680        2636865       20930140   511235490001  N  0                       2070009 01/07/2022       USD        1.5994        3.1988  1823711.0600
01 36913566  MY255  M  IMAZOL 1% SOL.TOP.  20ML.                   2 320075757 320075757       000 640151514       000    0    0    0    0    0         1  7592601100461        2636865       20930140   511235490001  N  0                        909501 01/09/2022       USD        1.7550        3.5101  1823711.0600
01 36913566  MY005  M  IMAZOL SOL.SPRAY 1% 25ML.                   1 667678031 667678031       000 667678031       000    0    0    0    0    0         1  7592601100447        2636865       20930140   511235490001  N  0                        927902 01/11/2022       USD        3.6610        3.6610  1823711.0600
01 36913566  12723  M  LAGRICOF SOL. OF X15ML                      3 369420480 369420480       0001108261440       000    0    0    0    0    0         1  7591818716861        2636868       20930458   511235490001  N  0                        209080 01/09/2023       USD        2.0256        6.0769  1823711.0600
01 36913566  PD724  M  LEPTAZINE 5MG. X30CO                        1 494000000 494000000       000 494000000       000    0    0    0    0    0         1  7591955000953        2636864       20930152   511235490001  N  0                          0030 01/10/2023       USD        2.7087        2.7087  1823711.0600
01 36913566  ED760  M  LOREX 1MG. GOTAS 15ML.                      3  44850000  44850000       000 134550000       000    0    0    0    0    0         1  7592803001177        2636868       20930458   511235490001  N  0                        803056 01/05/2021       USD        0.2459        0.7377  1823711.0600
01 36913566  AP370  M  METREN 500MG.CAPS.VAG.X10                  12 453656860 453656860       0005443882320       000    0    0    0    0    0         1  7592601200314        2636865       20930140   511235490001  N  0                        026702 01/03/2023       USD        2.4875       29.8505  1823711.0600
01 36913566  12958  M  NIFEDIPINA 10MG X100TA                      1 950040000 950040000       000 950040000       000    0    0    0    0    0         1  0746026000777        2636867       20930269   511235490001  N  0                          NF01 01/04/2022       USD        5.2093        5.2093  1823711.0600
01 36913566  AP002  M  SIGTIPHIN 200MG. X20CO                      2 569318750 569318750       0001138637500       000    0    0    0    0    0         1  7592601301646        2636865       20930140   511235490001  N  0                        036502 01/02/2022       USD        3.1217        6.2435  1823711.0600
01 36913566  13415  M  SILDENAFIL 50MG X4TAB                      24 159266250 159266250       0003822390000       000    0    0    0    0    0         1  7592601303596        2636865       20930140   511235490001  N  0                        058504 01/05/2022       USD        0.8733       20.9594  1823711.0600
01 36913566  12914  M  TOMYCIN-D SOL. OF 5ML                       2 390000000 390000000       000 780000000       000    0    0    0    0    0         1  7598055000104        2636868       20930458   511235490001  N  0                           109 01/02/2022       USD        2.1384        4.2769  1823711.0600
02 36913566         76   26144010378           000           000   26144010378    0    0    0  000    0    0    0   28/01/2021 10:39:03 a.m.   PR           000           000             0            20           USD  1823711.0600      143.3600
