01 36910373  12586  M  ACICLOVIR KMPLUS 200MGX10                   6 273000000 273000000       0001638000000       000    0    0    0    0    0         1  6921875010748        2636850       20927099   511200200001  N  0                       2004421 01/04/2023
01 36910373  QO340  M  ANALPER CAF TAB. 500/40 X10                 1 267962500 276250000   8287500 267962500       000    0    0    3    0    0         1  7592454001212        2636850       20927099   511200200001  N  0                       3255635 01/10/2022
01 36910373  KV004  M  ANTILAX 2MG. X10TA                          4 156682027 156682027       000 626728108       000    0    0    0    0    0         1  7591821102095        2636848       20926502   511200200001  N  0                       2009018 01/09/2022
01 36910373  13490  M  BISOPROLOL 10MGX30 TAB                      3 609131250 609131250       0001827393750       000    0    0    0    0    0         1  7598176000205        2636850       20927099   511200200001  N  0                       TEMH212 01/07/2022
01 36910373  11625  M  BISOPROLOL AL5MG. X30TA                     3 685513819 685513819       0002056541457       000    0    0    0    0    0         1  7597758000121        2636850       20927099   511200200001  N  0                         DL084 01/11/2022
01 36910373  12927  M  CLOTRIMAZOL AL200MG X3OVU                   2 440543431 440543431       000 881086862       000    0    0    0    0    0         1  7597758000657        2636850       20927099   511200200001  N  0                      K1AAL001 01/05/2023
01 36910373  PO195  M  DECOBEL VIAL 8MG. 2ML.                      2 385866000 397800000  23868000 771732000       000    0    0    3    0    0         1  7592806112047        2636850       20927099   511200200001  N  0                        009106 01/09/2023
01 36910373  12926  M  DICLOFENAC S. 100MGX10SUP                   2 650463472 650463472       0001300926944       000    0    0    0    0    0         1  7597758000633        2636850       20927099   511200200001  N  0                      K1ABG025 01/07/2023
01 36910373  10372  M  GYNOMET 15%-4%CR.VAG.40GR                   2 847139800 873340000  524004001694279600       000    0    0    3    0    0         1  7591585119131        2636850       20927099   511200200001  N  0                           045 01/12/2022
01 36910373  11423  M  HIDROCLOROTI GN12,5 X30CO                   6 314860000 314860000       0001889160000       000    0    0    0    0    0         1  7591585172686        2636850       20927099   511200200001  N  0                           016 01/11/2022
01 36910373  13424  M  KATIVIL SOL.ORAL S/A 120M                   2 732057606 732057606       0001464115212       000    0    0    0    0    0         1  7591818716694        2636850       20927099   511200200001  N  0                         00316 01/08/2023
01 36910373  12418  M  LEPRIT ENZIMATICOX 6GRA                     1 737230000 737230000       000 737230000       000    0    0    0    0    0         1  7703763208920        2636850       20927099   511200200001  N  0                       3249847 01/06/2022
01 36910373  12800  M  LOSARTAN P. 50MG X300TA                     131200000003120000000       0003120000000       000    0    0    0    0    0         1  7702184011430        2636850       20927099   511200200001  N  0                       2004492 01/04/2022
01 36910373  VP194  M  MELOVAX 15MG. X10CAPS.BL.                   3 356420249 356420249       0001069260747       000    0    0    0    0    0         1  7592432007427        2636850       20927099   511200200001  N  0                        200189 01/08/2023
01 36910373  PG110  M  NINAZO GOTAS AD. 15ML.                      6 145012591 149497516  26909550 870075546       000    0    0    3    0    0         1  7591821802957        2636850       20927099   511200200001  N  0                       2009009 01/03/2022
01 36910373  13859  M  PIROXICAM 20MG. X10TA                       3 897000000 897000000       0002691000000       000    0    0    0    0    0         1  7702605102327        2636850       20927099   511200200001  N  0                      9GC3867A 01/07/2021
01 36910373  13415  M  SILDENAFIL 50MG X4TAB                       6 159266250 159266250       000 955597500       000    0    0    0    0    0         1  7592601303596        2636850       20927099   511200200001  N  0                        058504 01/05/2022
01 36910373  FA444  M  TAPAZOL TAB. 5MG. X60                       2 364302865 364302865       000 728605730       000    0    0    0    0    0         1  7591821903234        2636850       20927099   511200200001  N  0                       2008731 01/09/2023
01 36910373  12007  M  TIROXIN 100MCG. X50TA                       2 950794000 980200000  588120001901588000       000    0    0    3    0    0         1  7707355054186        2636850       20927099   511200200001  N  0                      11160720 01/08/2022
01 36910373  11090  M  VASSLUTEN 150MG. X30TA                      1 952564542 952564542       000 952564542       000    0    0    0    0    0         1  7406076101727        2636850       20927099   511200200001  N  0                        I20055 01/09/2023
02 36910373         58   27443848498           000           000   27443848498    0    0    0  000    0    0    0   25/01/2021 02:02:36 p.m.   PR           000           000             0            20
