01 36915614  LT031  M  BIOTALOL 5MG. X30CO                         2 857227800 883740000  530244001714455600       000    0    0    3    0    0         1  7591585217165        2636888       20933207   511253330001  N  0                           111 01/08/2022       USD        4.7006        9.4013  1823627.3200
01 36915614  GN176  M  CARBAMAZEPINA GN 200X30CO                   3 746764200 769860000  692874002240292600       000    0    0    3    0    0         1  7591585278265        2636885       20932998   511253330001  N  0                           309 01/11/2025       USD        4.0949       12.2848  1823627.3200
01 36915614  GQ719  M  CLOTRI-NEO-DEXA ELTER 20GR.                 2 582673000 613340000  613340001165346000       000    0    0    5    0    0         1  7703763300051        2636880       20932434   511253330001  N  0                       3254363 01/09/2023       USD        3.1951        6.3902  1823627.3200
01 36915614  LO409  M  DESLORAT 5MG. X10TA                        12 182812500 182812500       0002193750000       000    0    0    0    0    0         1  7591196002969        2636882       20932470   511253330001  N  0                       I090994 01/09/2022       USD        1.0024       12.0295  1823627.3200
01 36915614  MK024  M  KETOPROFENO +MK 50 X 12                     2 328900000 328900000       000 657800000       000    0    0    0    0    0         1  7591519050905        2636885       20932998   511253330001  N  0                         31486 01/09/2022       USD        1.8035        3.6070  1823627.3200
01 36915614  AH295  M  LASIX 20MG. X24CO                           2 580060000 598000000  358800001160120000       000    0    0    3    0    0         1  7592205000037        2636884       20932973   511253330001  N  0                         30706 01/06/2022       USD        3.1808        6.3616  1823627.3200
01 36915614  NP640  M  MACRODANTINA 50MG. X30CA                    3 644224806 664149285  597734371932674418       000    0    0    3    0    0         1  7591821901858        2636888       20933207   511253330001  N  0                       2008147 01/10/2023       USD        3.5326       10.5979  1823627.3200
01 36915614  12015  M  OMEPRAZOL DAC20MG. X20CA                   12 313232400 322920000 1162512003758788800       000    0    0    3    0    0         1  8906121690101        2636886       20933047   511253330001  N  0                          V128 01/06/2023       USD        1.7176       20.6116  1823627.3200
01 36915614  KL084  M  PLIDAN COMP.10-125  X10CO                   3 546000000 546000000       0001638000000       000    0    0    0    0    0         1  7591619518695        2636881       20932459   511253330001  N  0                          0008 01/10/2023       USD        2.9940        8.9820  1823627.3200
01 36915614  LP220  M  PROTOSULFIL 1% CR. 30GR.                    2 504400000 520000000  312000001008800000       000    0    0    3    0    0         1  7591955001486        2636888       20933207   511253330001  N  0                          0292 01/06/2022       USD        2.7659        5.5318  1823627.3200
01 36915614  LT041  M  RIFAMIX 200MG. X12CO                        114148420001414842000       0001414842000       000    0    0    0    0    0         1  7591585119049        2636880       20932434   511253330001  N  0                           040 01/10/2023       USD        7.7583        7.7583  1823627.3200
01 36915614  11279  N  SENOKOT C.DOCUSATO X10TA                    2 300731077 310032038  18601922 601462154       000    0    0    3    0    0         1  7591821210295        2636881       20932459   511253330001  N  0                       2009115 01/10/2022       USD        1.6490        3.2981  1823627.3200
01 36915614  FA454  M  UROCIT TAB. LP 10MEQ X100                   143771000004377100000       0004377100000       000    0    0    0    0    0         1  7592229003229        2636886       20933047   511253330001  N  0                        20D018 01/04/2022       USD       24.0021       24.0021  1823627.3200
01 36915614  LT930  M  VIASEK COMPR. 50MG. X2                     96  95628000  95628000       0009180288000       000    0    0    0    0    0         1  7591585111005        2636887       20933078   511253330001  N  0                           033 01/01/2023       USD        0.5243       50.3408  1823627.3200
01 36915614  LN200  C  POLIFIX POLVO 22GR.                         2 288437499 288437499       000 576874998  92300000    0    0    0    0    0         2  7592348227506        2636884       20932973   511253330002  N  0                       2006500 01/06/2025       USD        1.5816        3.1633  1823627.3200
01 36915614  LC580  N  ALLIXON NARANJA 240 CC.                     2 350480000 350480000       000 700960000 112153600    0    0    0    0    0         3  7591585112439        2636885       20932998   511253330003  N  0                           344 01/12/2022       USD        1.9218        3.8437  1823627.3200
01 36915614  LT284  M  ANTUX SOL.ORAL 180ML.                       1 946764000 946764000       000 946764000       000    0    0    0    0    0         3  7591585214706        2636887       20933078   511253330003  N  0                           276 01/11/2022       USD        5.1916        5.1916  1823627.3200
01 36915614  LO444  M  APIRET 180SOL.ORAL 120ML.                  12 275742795 275742795       0003308913540       000    0    0    0    0    0         3  7591196002785        2636887       20933078   511253330003  N  0                       I110037 01/12/2022       USD        1.5120       18.1446  1823627.3200
01 36915614  LC314  N  FLUVIRIN JBE. 120ML.                        1 435435000 435435000       000 435435000       000    0    0    0    0    0         3  7591585111166        2636881       20932459   511253330003  N  0                           219 01/10/2022       USD        2.3877        2.3877  1823627.3200
01 36915614  PB001  N  WAMPOLE EMULS. FRESA 240CC.                 2 267281561 267281561       000 534563122  85530100    0    0    0    0    0         3  7591309000530        2636886       20933047   511253330003  N  0                      A2011409 01/11/2022       USD        1.4656        2.9313  1823627.3200
01 36915614  PB006  N  WAMPOLE EMULS. T.FRUTI 240                  2 267281561 267281561       000 534563122  85530100    0    0    0    0    0         3  7591309000967        2636886       20933047   511253330003  N  0                      A2010337 01/10/2022       USD        1.4656        2.9313  1823627.3200
01 36915614  PB007  N  WAMPOLE EMULS. T.FRUTI 360                  2 337558469 337558469       000 675116938 108018710    0    0    0    0    0         3  7591309000974        2636886       20933047   511253330003  N  0                      A2010331 01/10/2022       USD        1.8510        3.7020  1823627.3200
02 36915614        167   40180035294     576874998     483532509   41240442801    0    0    0  000    0    0    0   31/01/2021 11:14:58 a.m.   PR           000           000             0            22           USD  1823627.3200      223.4900
