01 36928887  ET350  C  ADEMINA PLUS CR.CORP. 60GR.                 2 536406000 536406000       0001072812000 171649920    0    0    0    0    0         1  7591844000446        2636981       20947081   511393470001  N  0                    AP60200113 01/10/2023       USD        3.1163        6.2326  1721287.1000
01 36928887  KL489  M  ANASMOL 5MG. X30CO                          1 689000000 689000000       000 689000000       000    0    0    0    0    0         1  7591955003091        2636988       20947423   511393470001  N  0                          0041 01/10/2022       USD        4.0028        4.0028  1721287.1000
01 36928887  KV004  M  ANTILAX 2MG. X10TA                          2 156682027 156682027       000 313364054       000    0    0    0    0    0         1  7591821102095        2636989       20947465   511393470001  N  0                       2009018 01/09/2022       USD        0.9102        1.8205  1721287.1000
01 36928887  PF204  M  ATAMEL FORTE 650MG. X10TA                   1 320519941 330432929   9912988 320519941       000    0    3    0    0    0         1  7591257000552        2636972       20947073   511393470001  N  0                     926132051 01/10/2022       USD        1.8620        1.8620  1721287.1000
01 36928887  PF204  M  ATAMEL FORTE 650MG. X10TA                   5 320519941 330432929  495649401602599705       000    0    3    0    0    0         1  7591257000552        2636972       20947073   511393470001  N  0                     026130011 01/04/2023       USD        1.8620        9.3104  1721287.1000
01 36928887  12137  M  ATENOLOL BM100MG. X100TA                    210530000001053000000       0002106000000       000    0    0    0    0    0         1  6930169708063        2636987       20947073   511393470001  N  0                        190446 01/03/2022       USD        6.1175       12.2350  1721287.1000
01 36928887  12137  M  ATENOLOL BM100MG. X100TA                    110530000001053000000       0001053000000       000    0    0    0    0    0         1  6930169708063        2636972       20947073   511393470001  N  0                        190446 01/03/2022       USD        6.1175        6.1175  1721287.1000
01 36928887  CO265  M  CLORACE 500MG/4MG X10TA                     3 271678740 350101469 235268187 815036220       000    0    3   20    0    0         1  7591818116043        2636981       20947081   511393470001  N  0                         00424 01/10/2022       USD        1.5783        4.7350  1721287.1000
01 36928887  11742  M  CRISOMET 50-850 X30TA                       133020000003302000000       0003302000000       000    0    0    0    0    0         1  7591821210523        2636973       20947075   511393470001  N  0                       2010082 01/11/2022       USD       19.1833       19.1833  1721287.1000
01 36928887  KN340  M  CURPINOL 6,25MG. X30CO                      4 428740000 442000000  928200001714960000       000    0    3    0    0    0         1  7591955558218        2636987       20947082   511393470001  N  0                          0029 01/11/2023       USD        2.4908        9.9632  1721287.1000
01 36928887  KN340  M  CURPINOL 6,25MG. X30CO                      3 428740000 442000000  928200001286220000       000    0    3    0    0    0         1  7591955558218        2636983       20947082   511393470001  N  0                          0029 01/11/2023       USD        2.4908        7.4724  1721287.1000
01 36928887  PB245  M  DENCORUB GEL 40 GR.                         2 373121385 373121385       000 746242770       000    0    0    0    0    0         1  7591309010416        2636981       20947081   511393470001  N  0                       2011019 01/11/2022       USD        2.1676        4.3353  1721287.1000
01 36928887  PB015  C  DENCORUB ICE GEL 40GR.                      2 215280000 215280000       000 430560000  68889600    0    0    0    0    0         1  7591309001049        2636981       20947081   511393470001  N  0                      A2011397 01/11/2023       USD        1.2506        2.5013  1721287.1000
01 36928887  12153  M  ENALAPRIL BM10MG. X100TA                    113162500001316250000       0001316250000       000    0    0    0    0    0         1  6930169708339        2636987       20947397   511393470001  N  0                        190563 01/04/2022       USD        7.6468        7.6468  1721287.1000
01 36928887  GQ990  M  ENALAPRIL ELTER 20 X20TA                    6 283851100 292630000 1053468001703106600       000    0    3    0    0    0         1  7592454141000        2636987       20947076   511393470001  N  0                       3256508 01/11/2023       USD        1.6490        9.8943  1721287.1000
01 36928887  GQ990  M  ENALAPRIL ELTER 20 X20TA                    6 283851100 292630000 1053468001703106600       000    0    3    0    0    0         1  7592454141000        2636975       20947076   511393470001  N  0                       3256508 01/11/2023       USD        1.6490        9.8943  1721287.1000
01 36928887  KL814  M  FARBICIL 1% CR.TOP. 15GR.                   2 327600000 364000000  72800000 655200000       000    0    0   10    0    0         1  7591619520377        2636972       20947073   511393470001  N  0                          0002 01/07/2023       USD        1.9032        3.8064  1721287.1000
01 36928887  FA019  M  FITEX  5MG. X30TA                           3 746512000 769600000  692640002239536000       000    0    3    0    0    0         1  7591821904316        2636989       20947465   511393470001  N  0                       2007505 01/09/2022       USD        4.3369       13.0108  1721287.1000
01 36928887  MK809  M  IVERMECTINA +MK 6MG. X4TA                   6 423342920 436436000 1571169602540057520       000    0    3    0    0    0         1  7591519007121        2636988       20947080   511393470001  N  0                         31454 01/09/2022       USD        2.4594       14.7567  1721287.1000
01 36928887  MK809  M  IVERMECTINA +MK 6MG. X4TA                   6 423342920 436436000 1571169602540057520       000    0    3    0    0    0         1  7591519007121        2636979       20947080   511393470001  N  0                         31454 01/09/2022       USD        2.4594       14.7567  1721287.1000
01 36928887  11566  M  OLMESARTAN LS 20MG.X10CO                    3 324480000 324480000       000 973440000       000    0    0    0    0    0         1  7592454891219        2636988       20947423   511393470001  N  0                       3234152 01/10/2021       USD        1.8851        5.6553  1721287.1000
01 36928887  LO459  M  QUINOMAX 0,50% S.OFT. 5ML                   2 292500000 292500000       000 585000000       000    0    0    0    0    0         1  7591196003416        2636972       20947073   511393470001  N  0                        090000 01/09/2022       USD        1.6993        3.3986  1721287.1000
01 36928887  LP255  M  TOLNAFTAN CR. 30 GR.                        2 260000000 260000000       000 520000000       000    0    0    0    0    0         1  7591955001639        2636979       20947073   511393470001  N  0                          0041 01/09/2024       USD        1.5104        3.0209  1721287.1000
01 36928887  LP255  M  TOLNAFTAN CR. 30 GR.                        6 260000000 260000000       0001560000000       000    0    0    0    0    0         1  7591955001639        2636972       20947073   511393470001  N  0                          0041 01/09/2024       USD        1.5104        9.0629  1721287.1000
01 36928887  FA454  M  UROCIT TAB. LP 10MEQ X100                   143771000004377100000       0004377100000       000    0    0    0    0    0         1  7592229003229        2636987       20947074   511393470001  N  0                        20D018 01/04/2022       USD       25.4292       25.4292  1721287.1000
01 36928887  FA454  M  UROCIT TAB. LP 10MEQ X100                   143771000004377100000       0004377100000       000    0    0    0    0    0         1  7592229003229        2636984       20947074   511393470001  N  0                        20D018 01/04/2022       USD       25.4292       25.4292  1721287.1000
01 36928887  NP310  M  VALPRON 500MG. X30TA                        313051350001345500000 1210950003915405000       000    0    3    0    0    0         1  7591821210172        2636989       20947465   511393470001  N  0                       2011095 01/11/2023       USD        7.5823       22.7469  1721287.1000
02 36928887         77   42954301930    1503372000     240539520   44698213450    0    0    0  000    0    0    0   18/02/2021 02:04:45 p.m.   PR           000           000             0            21           USD  1721287.1000      258.2800
