01 36927444  EL010  M  ALBICAR 200MG. X6TA                         6 263142201 271280620  488305141578853206       000    0    3    0    0    0         1  7591062010173        2636964       20945031   511366770001  N  0                        20139B 01/11/2023       USD        1.4882        8.9293  1768156.5700
01 36927444  GN091  M  CAPTOPRIL GN 25MG.X30CO                     2 364260000 364260000       000 728520000       000    0    0    0    0    0         1  7591585370167        2636964       20945031   511366770001  N  0                           116 01/05/2024       USD        2.0601        4.1202  1768156.5700
01 36927444  12191  M  CARBAMAZEPINA AL200MG30TA                   6 567719516 567719516       0003406317096       000    0    0    0    0    0         1  7597758000503        2636969       20945035   511366770001  N  0                         DL069 01/07/2022       USD        3.2107       19.2647  1768156.5700
01 36927444  PA047  M  CARBONATO DE LITIO 300 X 20                 2 671464352 671464352       0001342928704       000    0    0    0    0    0         1  7591243807868        2636969       20945035   511366770001  N  0                       9198101 01/07/2024       USD        3.7975        7.5950  1768156.5700
01 36927444  KL033  M  COROPRES H 8/12,5 X30CO                     2 702000000 702000000       0001404000000       000    0    0    0    0    0         1  7591619520353        2636961       20944089   511366770001  N  0                          0003 01/09/2023       USD        3.9702        7.9404  1768156.5700
01 36927444  14215  M  DECOBEL 0.5MG X30TA                         2 421200000 421200000       000 842400000       000    0    0    0    0    0         1  7592806133110        2636969       20945035   511366770001  N  0                        011127 01/11/2022       USD        2.3821        4.7642  1768156.5700
01 36927444  SA520  M  MESIGYNA INSTAYECT 1ML.                     214378203131437820313       0002875640626       000    0    0    0    0    0         1  7501303443318        2636969       20945035   511366770001  N  0                       XB30LAH 01/04/2022       USD        8.1317       16.2634  1768156.5700
01 36927444  11628  M  METFORMINA AL500MG. X30TA                   6 388596731 388596731       0002331580386       000    0    0    0    0    0         1  7597758000084        2636969       20945035   511366770001  N  0                         DL117 01/04/2023       USD        2.1977       13.1865  1768156.5700
01 36927444  FA239  M  NOTOLAC 30MG. X4TA.SUBL.                    3 459004000 473200000  425880001377012000       000    0    3    0    0    0         1  7591821210134        2636967       20945033   511366770001  N  0                       2008742 01/09/2022       USD        2.5959        7.7878  1768156.5700
01 36927444  LT043  M  PEGYT 75MG. X20CA                           3 869919765 896824500  807142052609759295       000    0    3    0    0    0         1  7591585317018        2636967       20945033   511366770001  N  0                           043 01/10/2023       USD        4.9199       14.7597  1768156.5700
01 36927444  VO130  M  PREDNISONA GENCER50 X10TA                   2 601640000 601640000       0001203280000       000    0    0    0    0    0         1  7591020007474        2636969       20945035   511366770001  N  0                            29 01/07/2025       USD        3.4026        6.8052  1768156.5700
01 36927444  GN191  M  VALSARTAN GN 80MG. X30CA                    210739300001073930000       0002147860000       000    0    0    0    0    0         1  7591585275875        2636966       20945032   511366770001  N  0                           188 01/11/2022       USD        6.0737       12.1474  1768156.5700
01 36927444  12855  C  CREMA ANT-ED TON.CLA 50ML                   1 458557094 458557094       000 458557094  73369135    0    0    0    0    0         2  7596211001071        2636959       20944068   511366770002  N  0                        200996 01/09/2023       USD        2.5934        2.5934  1768156.5700
01 36927444  12856  C  CREMA ANT-ED TON.MED 50ML                   1 458557094 458557094       000 458557094  73369135    0    0    0    0    0         2  7596211001088        2636959       20944068   511366770002  N  0                        200997 01/09/2023       USD        2.5934        2.5934  1768156.5700
01 36927444  12854  C  PANTALLA SOL. FACIAL 50ML                   1 527586748 527586748       000 527586748  84413880    0    0    0    0    0         2  7596211001118        2636959       20944068   511366770002  N  0                        201030 01/11/2023       USD        2.9838        2.9838  1768156.5700
01 36927444  12349  C  PHILIPS BATERIAS AAA2PK                     3 242937500 242937500       000 728812500 116610000    0    0    0    0    0         2   609585215818        2636969       20945035   511366770002  N  0                           10X 01/04/2030       USD        1.3739        4.1218  1768156.5700
01 36927444  GQ107  M  ACETAMINOFEN ELTER JBE120                  16 256991800 264940000 1271712004111868800       000    0    3    0    0    0         3  7592454003100        2636968       20945034   511366770003  N  0                       3255194 01/10/2023       USD        1.4534       23.2551  1768156.5700
02 36927444         60   25960020113    2173513436     347762150   28481295699    0    0    0  000    0    0    0   16/02/2021 02:27:06 p.m.   PR           000           000             0            17           USD  1768156.5700      159.1100
