01 36927028  LO239  M  AIRON 4MG. X10TAB.MAST.                     3 264021875 272187500  24496875 792065625       000    0    3    0    0    0         1  7591196002952        2636970       20945036   511366760001  N  0                       I030863 01/03/2022       USD        1.4932        4.4796  1768156.5700
01 36927028  PO280  M  AMIKACINA PO500 2ML.1AMP.                   3 330255900 351000000  62232300 990767700       000    0    3    3    0    0         1  7592806112030        2636961       20944089   511366760001  N  0                        002015 01/02/2023       USD        1.8677        5.6033  1768156.5700
01 36927028  VC310  M  BEVINDAZOL400 SUSP.10ML                    12 230526563 237656250 1283343662766318756       000    0    3    0    0    0         1  7592782000055        2636968       20944089   511366760001  N  0                      20A0004R 01/10/2022       USD        1.3037       15.6452  1768156.5700
01 36927028  VC310  M  BEVINDAZOL400 SUSP.10ML                     6 230526563 237656250 1283343661383159378       000    0    3    0    0    0         1  7592782000055        2636961       20944089   511366760001  N  0                      20A0004R 01/10/2022       USD        1.3037        7.8226  1768156.5700
01 36927028  EL524  M  BRUGESICFORTE SUSP.200 60ML                 4 333621600 333621600       0001334486400       000    0    0    0    0    0         1  7591062013082        2636965       20945030   511366760001  N  0                        20051A 01/05/2022       USD        1.8868        7.5473  1768156.5700
01 36927028  10293  M  BUDENAS SUSP.NASAL 15ML.                    2 395687500 395687500       000 791375000       000    0    0    0    0    0         1  7591196006134        2636966       20945032   511366760001  N  0                        110545 01/01/2023       USD        2.2378        4.4757  1768156.5700
01 36927028  11640  M  CYTRIAX 1GR.IV-IM. X1                       4 232369127 239555801  28746696 929476508       000    0    3    0    0    0         1       75971342        2636961       20944089   511366760001  N  0                       3120115 01/08/2023       USD        1.3141        5.2567  1768156.5700
01 36927028  12153  M  ENALAPRIL BM10MG. X100TA                    113162500001316250000       0001316250000       000    0    0    0    0    0         1  6930169708339        2636968       20945034   511366760001  N  0                        190563 01/04/2022       USD        7.4441        7.4441  1768156.5700
01 36927028  11163  M  LEVOFERIN SOL.ORAL 90ML.                    3 407854688 420468750  378421861223564064       000    0    3    0    0    0         1  7592782000741        2636970       20945036   511366760001  N  0                       2070010 01/07/2023       USD        2.3066        6.9199  1768156.5700
01 36927028  LT210  M  LONGACEF 100MG.PPSO 60ML.                   119827990001982799000       0001982799000       000    0    0    0    0    0         1  7591585116208        2636964       20945031   511366760001  N  0                           495 01/06/2022       USD       11.2139       11.2139  1768156.5700
01 36927028  FA514  M  NEURIXA 75MG. X14CA                         4 618291124 637413530  764896242473164496       000    0    3    0    0    0         1  7591821903616        2636967       20945033   511366760001  N  0                       2010075 01/10/2022       USD        3.4968       13.9872  1768156.5700
01 36927028  PG110  M  NINAZO GOTAS AD. 15ML.                      6 145012591 149497516  26909550 870075546       000    0    3    0    0    0         1  7591821802957        2636964       20945031   511366760001  N  0                       2009009 01/03/2022       USD        0.8201        4.9208  1768156.5700
01 36927028  11435  M  PROPRANOLOL PX 40MG.X20CO                  12 248544790 248544790       0002982537480       000    0    0    0    0    0         1  7594001100171        2636969       20945035   511366760001  N  0                          5733 01/11/2023       USD        1.4056       16.8680  1768156.5700
01 36927028  13111  M  SALBUTAMOL INH 100X200DO                    210239372001023937200       0002047874400       000    0    0    0    0    0         1  7753820000264        2636970       20945036   511366760001  N  0                        190603 01/06/2022       USD        5.7909       11.5819  1768156.5700
01 36927028  CH789  C  SECUREZZA CLASSIC GDE. X6                   1 642409288 675793486  33384198 642409288 102785486    0    2    3    0    0         1  7591353515011        2636961       20944089   511366760001  N  0                      10112101 01/01/2023       USD        3.6332        3.6332  1768156.5700
01 36927028  12402  M  SERON 50MG. X30CO                           2 922577003 922577003       0001845154006       000    0    0    0    0    0         1  7597767000211        2636969       20945035   511366760001  N  0                         12021 01/07/2022       USD        5.2177       10.4354  1768156.5700
01 36927028  11785  M  TALYSTO 5MG. X10TA.MAST.                    2 170885000 170885000       000 341770000       000    0    0    0    0    0         1  7592454891394        2636969       20945035   511366760001  N  0                       3257379 01/11/2022       USD        0.9664        1.9329  1768156.5700
01 36927028  11089  M  VASSLUTEN H150/12,5 X30TA                   110595822161059582216       0001059582216       000    0    0    0    0    0         1  7406076102748        2636959       20944068   511366760001  N  0                        H20036 01/08/2022       USD        5.9925        5.9925  1768156.5700
01 36927028  MK339  M  VIAJESAN 50MG. X10TA                        3 290030000 299000000  26910000 870090000       000    0    3    0    0    0         1   769229220612        2636969       20945035   511366760001  N  0                        481218 01/12/2021       USD        1.6402        4.9208  1768156.5700
02 36927028         72   26000510575     642409288     102785486   26745705349    0    0    0  000    0    0    0   16/02/2021 01:03:23 p.m.   PR           000           000             0            18           USD  1768156.5700      150.6800
