01 36926242  KL344  M  DORIXINA FLEX 125-5 X10CO                  12 554840000 572000000 2059200006658080000       000    0    3    0    0    0         1  7591619518671       20943793       20943793   511364430001  N  0                          0017 01/11/2023       USD        3.1379       37.6554  1768156.5700
01 36926242  KN200  M  ESPARFLIN 5MG. X10CO                        3 247000000 247000000       000 741000000       000    0    0    0    0    0         1  7591955558300       20943793       20943793   511364430001  N  0                          0014 01/07/2022       USD        1.3969        4.1908  1768156.5700
01 36926242  11285  M  FEBRIP 650MG. X14CO                         4 208000000 208000000       000 832000000       000    0    0    0    0    0         1  7591619519210       20943793       20943793   511364430001  N  0                          0027 01/10/2022       USD        1.1763        4.7054  1768156.5700
01 36926242  LP660  M  GULAPER GOTAS 30CC.                         2 299000000 299000000       000 598000000       000    0    0    0    0    0         1  7591955001301       20943793       20943793   511364430001  N  0                          0030 01/10/2022       USD        1.6910        3.3820  1768156.5700
01 36926242  KL400  M  HELAL 200MG. X2CO                          12 169000000 169000000       0002028000000       000    0    0    0    0    0         1  7591619102016       20943793       20943793   511364430001  N  0                          0022 01/01/2022       USD        0.9557       11.4695  1768156.5700
01 36926242  KL425  M  HELAL 400MG. SUSP. 5ML.                    24 226980000 234000000 1684800005447520000       000    0    3    0    0    0         1  7591619102023       20943793       20943793   511364430001  N  0                          0070 01/11/2023       USD        1.2837       30.8090  1768156.5700
01 36926242  KL564  M  MAILEN 5MG. X10CO                          14 247000000 247000000       0003458000000       000    0    0    0    0    0         1  7591619519159       20943793       20943793   511364430001  N  0                          0016 01/09/2023       USD        1.3969       19.5570  1768156.5700
01 36926242  KL704  M  PRESIDERM 2% UNG.TOP.15GR                   3 416000000 416000000       0001248000000       000    0    0    0    0    0         1  7591619520513       20943793       20943793   511364430001  N  0                          0002 01/07/2021       USD        2.3527        7.0581  1768156.5700
01 36926242  KN104  M  RIDAL 1MG. SOL.ORAL 20ML.                   3 442000000 442000000       0001326000000       000    0    0    0    0    0         1  7594000491799       20943793       20943793   511364430001  N  0                          0030 01/09/2023       USD        2.4997        7.4993  1768156.5700
01 36926242  KL015  M  RISPERID 1MG. X30CO                         6 507000000 507000000       0003042000000       000    0    0    0    0    0         1  7591619518565       20943793       20943793   511364430001  N  0                          0003 01/10/2023       USD        2.8673       17.2043  1768156.5700
01 36926242  KL859  M  RISPERID 2MG. X30CO                         6 630500000 650000000 1170000003783000000       000    0    3    0    0    0         1  7591619518589       20943793       20943793   511364430001  N  0                          0003 01/10/2023       USD        3.5658       21.3951  1768156.5700
01 36926242  HU001  M  TADIFIL 20MG. X1CO                         14  91000000  91000000       0001274000000       000    0    0    0    0    0         1  7591619519029       20943793       20943793   511364430001  N  0                          0020 01/07/2022       USD        0.5146        7.2052  1768156.5700
01 36926242  KL071  M  TIALIN 100MG. X10CO                         1 754000000 754000000       000 754000000       000    0    0    0    0    0         1  7591619519104       20943793       20943793   511364430001  N  0                          0009 01/10/2022       USD        4.2643        4.2643  1768156.5700
01 36926242  PD880  M  TIALIN 50MG. X30CO                          211050000001105000000       0002210000000       000    0    0    0    0    0         1  7591955000854       20943793       20943793   511364430001  N  0                          0056 01/10/2023       USD        6.2494       12.4988  1768156.5700
01 36926242  PD124  M  TRIDETARMON CR. 15GR.                      12 403520000 416000000 1497600004842240000       000    0    3    0    0    0         1  7591955000762       20943793       20943793   511364430001  N  0                          0078 01/09/2022       USD        2.2821       27.3858  1768156.5700
01 36926242  KN170  M  ESPARFLIN JBE. 50ML.                        3 247000000 247000000       000 741000000       000    0    0    0    0    0         2  7591955558294       20943793       20943793   511364430002  N  0                          0017 01/08/2021       USD        1.3969        4.1908  1768156.5700
01 36926242  KL035  M  FEBRATIC 10MG.SUSP.120ML.                   3 365690000 377000000  339300001097070000       000    0    3    0    0    0         2  7591619519081       20943793       20943793   511364430002  N  0                          0062 01/11/2022       USD        2.0681        6.2045  1768156.5700
02 36926242        124   40079910000           000           000   40079910000    0    0    0  000    0    0    0   12/02/2021 10:28:39 a.m.   PR           000           000             0            17           USD  1768156.5700      226.6800
