01 36928910  12581  M  CEFIXIMA KMPLUS 400MGX10C                   121528000002152800000       0002152800000       000    0    0    0    0    0         1  6921875010809        2636988       20947082   511393490001  N  0                       2004427 01/04/2023       USD       12.5069       12.5069  1721287.1000
01 36928910  12581  M  CEFIXIMA KMPLUS 400MGX10C                   121528000002152800000       0002152800000       000    0    0    0    0    0         1  6921875010809        2636983       20947082   511393490001  N  0                       2004427 01/04/2023       USD       12.5069       12.5069  1721287.1000
01 36928910  EL489  M  CIPROFLOX 500MG. X12TA                      2 872115400 872115400       0001744230800       000    0    0    0    0    0         1  7591062901181        2636987       20947397   511393490001  N  0                        20118A 01/10/2023       USD        5.0666       10.1332  1721287.1000
01 36928910  MK675  M  DOL 450-40-1 X10TA                          2 298701000 298701000       000 597402000       000    0    0    0    0    0         1  7591519000474        2636989       20947465   511393490001  N  0                         31411 01/08/2023       USD        1.7353        3.4706  1721287.1000
01 36928910  LT046  M  GENLET 200MG. X20CO                         111867310001186731000       0001186731000       000    0    0    0    0    0         1  7591585110183        2636972       20947073   511393490001  N  0                           049 01/10/2022       USD        6.8944        6.8944  1721287.1000
01 36928910  LO105  M  MATILOL 0,50% S.OFT. 6ML.                   2 541125000 541125000       0001082250000       000    0    0    0    0    0         1  7591196001603        2636987       20947080   511393490001  N  0                        030811 01/04/2022       USD        3.1437        6.2874  1721287.1000
01 36928910  LO105  M  MATILOL 0,50% S.OFT. 6ML.                   2 524891250 541125000  649350001049782500       000    0    3    0    0    0         1  7591196001603        2636987       20947397   511393490001  N  0                        030811 01/04/2022       USD        3.0494        6.0988  1721287.1000
01 36928910  LO105  M  MATILOL 0,50% S.OFT. 6ML.                   2 524891250 541125000  649350001049782500       000    0    3    0    0    0         1  7591196001603        2636979       20947397   511393490001  N  0                        030811 01/04/2022       USD        3.0494        6.0988  1721287.1000
01 36928910  12575  M  QUETIAPINA KMPLUS 50MGX10                   2 599040000 599040000       0001198080000       000    0    0    0    0    0         1  6921875010885        2636988       20947423   511393490001  N  0                       2004436 01/04/2023       USD        3.4801        6.9603  1721287.1000
01 36928910  LT041  M  RIFAMIX 200MG. X12CO                        314148420001414842000       0004244526000       000    0    0    0    0    0         1  7591585119049        2636976       20947077   511393490001  N  0                           040 01/10/2023       USD        8.2196       24.6590  1721287.1000
01 36928910  ET340  C  ADEMINA PLUS CR.CORP. 30GR.                 6 301631200 310960000 1119456001809787200 289565952    0    3    0    0    0         2  7591844000439        2636989       20947081   511393490002  N  0                    AP30200114 01/10/2023       USD        1.7523       10.5141  1721287.1000
01 36928910  ET340  C  ADEMINA PLUS CR.CORP. 30GR.                 6 301631200 310960000 1119456001809787200 289565952    0    3    0    0    0         2  7591844000439        2636981       20947081   511393490002  N  0                    AP30200114 01/10/2023       USD        1.7523       10.5141  1721287.1000
01 36928910  GQ107  M  ACETAMINOFEN ELTER JBE120                  16 256991800 264940000 1271712004111868800       000    0    3    0    0    0         3  7592454003100        2636978       20947079   511393490003  N  0                       3255194 01/10/2023       USD        1.4930       23.8883  1721287.1000
01 36928910  10614  N  CITRATO POTASIO10%FSI240                    2 489125000 489125000       000 978250000       000    0    0    0    0    0         3  7592368003456        2636989       20947465   511393490003  N  0                       1220057 01/12/2021       USD        2.8416        5.6832  1721287.1000
01 36928910  10615  N  CITRATO POTASIO10,8%FS240                   2 517075000 517075000       0001034150000       000    0    0    0    0    0         3  7592368003449        2636989       20947465   511393490003  N  0                       1220042 01/12/2021       USD        3.0040        6.0080  1721287.1000
01 36928910  KN170  M  ESPARFLIN JBE. 50ML.                        6 247000000 247000000       0001482000000       000    0    0    0    0    0         3  7591955558294        2636987       20947397   511393490003  N  0                          0017 01/08/2022       USD        1.4349        8.6098  1721287.1000
01 36928910  AP230  M  FERROCE B12 JBE. 120ML.                     1 873806818 873806818       000 873806818       000    0    0    0    0    0         3  7592601200147        2636989       20947465   511393490003  N  0                        003301 01/08/2021       USD        5.0764        5.0764  1721287.1000
01 36928910  11260  M  PEDIACORT SOL.PED. 60ML.                    2 963300000 963300000       0001926600000       000    0    0    0    0    0         3  7591196006097        2636987       20947397   511393490003  N  0                        110465 01/01/2024       USD        5.5963       11.1927  1721287.1000
01 36928910  KL061  M  PLIDAN SOL.GOTAS 20ML.                      2 442000000 442000000       000 884000000       000    0    0    0    0    0         3  7591619517940        2636987       20947397   511393490003  N  0                          0016 01/10/2023       USD        2.5678        5.1356  1721287.1000
01 36928910  PB001  N  WAMPOLE EMULS. FRESA 240CC.                 3 322920000 322920000       000 968760000 155001600    0    0    0    0    0         3  7591309000530        2636988       20947423   511393490003  N  0                      A2011409 01/11/2022       USD        1.8760        5.6281  1721287.1000
02 36928910         64   28717820418    3619574400     734133504   33071528322    0    0    0  000    0    0    0   18/02/2021 02:16:21 p.m.   PR           000           000             0            17           USD  1721287.1000      187.8700
