01 36926943  VP529  M  ALBISEC CAPS. X12                           111611600001161160000       0001161160000       000    0    0    0    0    0         1  7703153037512        2636965       20945030   511366750001  N  0                       1325177 01/11/2023       USD        6.5670        6.5670  1768156.5700
01 36926943  12144  M  CEFIXIMA BM100MG.PPSO60ML                   1 585000000 585000000       000 585000000       000    0    0    0    0    0         1  6930169708087        2636964       20945031   511366750001  N  0                        190448 01/03/2022       USD        3.3085        3.3085  1768156.5700
01 36926943  GQ174  M  CLARITROMICINA ELTER 500X10                 111781900001178190000       0001178190000       000    0    0    0    0    0         1  7703763660131        2636966       20945032   511366750001  N  0                       3232472 01/08/2021       USD        6.6633        6.6633  1768156.5700
01 36926943  GQ189  M  CLINDAMICINA ELTER300 X16                   1 936000000 936000000       000 936000000       000    0    0    0    0    0         1  7703763629251        2636966       20945032   511366750001  N  0                       3257211 01/11/2023       USD        5.2936        5.2936  1768156.5700
01 36926943  14031  C  CREMA ANT-ED TON OSC 50ML                   1 458557094 458557094       000 458557094  73369135    0    0    0    0    0         1  7596211001095        2636959       20944068   511366750001  N  0                        200998 01/10/2023       USD        2.5934        2.5934  1768156.5700
01 36926943  10881  M  DIDEROT AMP X1ML 50MG 5MG                   212350000001235000000       0002470000000       000    0    0    0    0    0         1  7502214984983        2636969       20945035   511366750001  N  0                         90540 01/07/2022       USD        6.9846       13.9693  1768156.5700
01 36926943  13246  M  ETOXIA 90MG X10 TAB                         2 618930000 618930000       0001237860000       000    0    0    0    0    0         1  7591519317817        2636968       20945034   511366750001  N  0                         31642 01/01/2023       USD        3.5004        7.0008  1768156.5700
01 36926943  12851  C  GEL EX FACIAL ANT-ED 50ML                   1 387335215 387335215       000 387335215  61973634    0    0    0    0    0         1  7596211001064        2636959       20944068   511366750001  N  0                        200890 01/09/2023       USD        2.1906        2.1906  1768156.5700
01 36926943  12210  M  HEMOFER X30 CAPSULAS                        1 210447020 210447020       000 210447020       000    0    0    0    0    0         1  7406076104254        2636961       20944089   511366750001  N  0                        K20025 01/11/2022       USD        1.1902        1.1902  1768156.5700
01 36926943  LO414  M  NAS SOL.GOTAS AD. 15ML.                     2 203125000 203125000       000 406250000       000    0    0    0    0    0         1  7591196003140        2636964       20945031   511366750001  N  0                       I100017 01/11/2022       USD        1.1487        2.2975  1768156.5700
01 36926943  12453  M  SALBUDEN 100MCG X250 DOSI                   2 955944057 955944057       0001911888114       000    0    0    0    0    0         1  7798050061753        2636970       20945036   511366750001  N  0                         91032 01/10/2022       USD        5.4064       10.8128  1768156.5700
01 36926943  EH210  M  SECNIDAZOL VP 1GR. X2TA                     6 282010506 290732480  523318441692063036       000    0    3    0    0    0         1  7703153019914        2636968       20945034   511366750001  N  0                       1302565 01/06/2023       USD        1.5949        9.5696  1768156.5700
01 36926943  CH789  C  SECUREZZA CLASSIC GDE. X6                   3 642409288 675793486 1001525941927227864 308356458    0    2    3    0    0         1  7591353515011        2636961       20944089   511366750001  N  0                      10112101 01/01/2023       USD        3.6332       10.8996  1768156.5700
02 36926943         24   11788858170    2773120173     443699228   15005677571    0    0    0  000    0    0    0   16/02/2021 12:36:06 p.m.   PR           000           000             0            13           USD  1768156.5700       82.3600
