01 36933436  PA126  M  BETADERM CR. 0,05% 15GR.                    2 539826412 539826412       0001079652824       000    0    0    0    0    0         1  7591243804140        2637017       20951914   511437030001  N  0                       9210603 01/09/2022       USD        2.9504        5.9008  1829671.7900
01 36933436  PA054  M  BETADERM PLUS CREMA 15GR.                   2 590804950 590804950       0001181609900       000    0    0    0    0    0         1  7591243804164        2637017       20951914   511437030001  N  0                       9225302 01/01/2023       USD        3.2290        6.4580  1829671.7900
01 36933436  NP099  N  CALCIBON NATAL FORTE 30TAB.                 210873129541087312954       0002174625908 347940145    0    0    0    0    0         1  7591821102071        2637018       20951894   511437030001  N  0                       2011039 01/11/2022       USD        5.9426       11.8853  1829671.7900
01 36933436  12039  M  CEFADROXILO AL250 PPSO60                    3 301231498 345053262 131465292 903694494       000    0    3   10    0    0         1  7597758000244        2637018       20951894   511437030001  N  0                         DL067 01/07/2021       USD        1.6463        4.9391  1829671.7900
01 36933436  CO003  M  CELAY SOL.ORAL. 100ML.                      3 399333308 514604778 3458144101197999924       000    0    3   20    0    0         1  7591818215050        2637019       20951917   511437030001  N  0                         00225 01/05/2022       USD        2.1825        6.5476  1829671.7900
01 36933436  13119  M  CLOPIDROGREL BM 75MGX30TA                   3 877500000 877500000       0002632500000       000    0    0    0    0    0         1  6972718560074        2637018       20951894   511437030001  N  0                        191248 01/11/2022       USD        4.7959       14.3878  1829671.7900
01 36933436  12147  M  LEVONORGESTREL MF1,5 X1TA                   2 572000000 572000000       0001144000000       000    0    0    0    0    0         1  7502214985935        2637018       20951894   511437030001  N  0                       9FH2168 01/06/2021       USD        3.1262        6.2524  1829671.7900
01 36933436  14235  M  LOSARTAN P DAC55 50MGX30T                  12 388102000 388102000       0004657224000       000    0    0    0    0    0         1  8906121690255        2637017       20951914   511437030001  N  0                          V147 01/06/2023       USD        2.1211       25.4538  1829671.7900
01 36933436  GQ164  M  MELOXICAM ELTE15MG. X10TA                   4 298478700 307710000  369252001193914800       000    0    3    0    0    0         1  7592454162050        2637017       20951914   511437030001  N  0                       3261059 01/01/2024       USD        1.6313        6.5252  1829671.7900
01 36933436  AP370  M  METREN 500MG.CAPS.VAG.X10                  12 550058943 567071075 2041455846600707316       000    0    3    0    0    0         1  7592601200314        2637017       20951914   511437030001  N  0                        026702 01/03/2023       USD        3.0063       36.0759  1829671.7900
01 36933436  LC170  M  MONOSULPA GOTAS 15 CC.                      2 304850000 304850000       000 609700000       000    0    0    0    0    0         1  7591585110923        2637019       20951917   511437030001  N  0                           193 01/10/2022       USD        1.6661        3.3322  1829671.7900
01 36933436  12883  M  ODICA 75MG X28CO                            111171875001117187500       0001117187500       000    0    0    0    0    0         1  7401078920376        2637018       20951894   511437030001  N  0                         07196 01/07/2022       USD        6.1059        6.1059  1829671.7900
01 36933436  EH210  M  SECNIDAZOL VP 1GR. X2TA                     6 287806647 296707883  534074161726839882       000    0    3    0    0    0         1  7703153019914        2637018       20951894   511437030001  N  0                       1302565 01/06/2023       USD        1.5729        9.4379  1829671.7900
01 36933436  XS005  N  SOL FISIOLOGICA XS 30ML                     6 102960000 102960000       000 617760000       000    0    0    0    0    0         1  7594001451631        2637019       20951917   511437030001  N  0                      29042039 01/04/2022       USD        0.5627        3.3763  1829671.7900
01 36933436  GN191  M  VALSARTAN GN 80MG. X30CA                    210739300001073930000       0002147860000       000    0    0    0    0    0         1  7591585275875        2637017       20951914   511437030001  N  0                           188 01/11/2022       USD        5.8695       11.7390  1829671.7900
01 36933436  CO380  M  CLORACE JBE.PED. 120ML.                     3 380537531 490383416 3295376551141612593       000    0    3   20    0    0         2  7591818112069        2637018       20951894   511437030002  N  0                         00198 01/05/2024       USD        2.0798        6.2394  1829671.7900
02 36933436         65   30126889141           000     347940145   30474829286    0    0    0  000    0    0    0   24/02/2021 02:45:13 p.m.   PR           000           000             0            16           USD  1829671.7900      164.6600
