01 36940808  GQ909  M  ATORVASTATINA ELTER 40X14                   3 682552000 853190000 5119140002047656000       000    0    0   20    0    0         1  7703763200887        2637055       20959047   511512340001  N  0                       3261958 01/02/2023       USD        3.6410       10.9231  1874605.3600
01 36940808  GN092  M  ATORVASTATINA GN 20X30                      3 680680000 680680000       0002042040000       000    0    0    0    0    0         1  7591585373441        2637055       20959047   511512340001  N  0                           241 01/10/2022       USD        3.6310       10.8931  1874605.3600
01 36940808  12543  M  ATOVAROL 20MG X14CA                         6 550331600 550331600       0003301989600       000    0    0    0    0    0         1  7592432901435        2637055       20959047   511512340001  N  0                        200156 01/07/2022       USD        2.9357       17.6143  1874605.3600
01 36940808  VM199  M  CARBAMAZEPINA GENCER 200X20                 6 532220000 532220000       0003193320000       000    0    0    0    0    0         1  7591020003179        2637055       20959047   511512340001  N  0                           125 01/10/2025       USD        2.8391       17.0346  1874605.3600
01 36940808  LN335  M  COMPLEJO B LN COMP.AMP. X1                 12 304687501 304687501       0003656250012       000    0    0    0    0    0         1  7592348205009        2637055       20959047   511512340001  N  0                            29 01/10/2023       USD        1.6253       19.5041  1874605.3600
01 36940808  11741  M  CRISOMET 50-500 X30TA                       127040000002704000000       0002704000000       000    0    0    0    0    0         1  7591821210509        2637055       20959047   511512340001  N  0                       2009030 01/09/2022       USD       14.4243       14.4243  1874605.3600
01 36940808  11640  M  CYTRIAX 1GR.IV-IM. X1                       6 209132214 239555801 1825415221254793284       000    0    3   10    0    0         1       75971342        2637056       20959098   511512340001  N  0                       3120115 01/08/2023       USD        1.1156        6.6936  1874605.3600
01 36940808  PA176  M  DECA LENTERMINA C. X2AMP.                   6 741131464 741131464       0004446788784       000    0    0    0    0    0         1  7591243811445        2637055       20959047   511512340001  N  0                       9211802 01/08/2022       USD        3.9535       23.7211  1874605.3600
01 36940808  PA994  M  DIAGESIC SUSP.ORAL 120ML.                   1 553419833 553419833       000 553419833       000    0    0    0    0    0         1  7591243811728        2637055       20959047   511512340001  N  0                       9172702 01/07/2022       USD        2.9521        2.9521  1874605.3600
01 36940808  11423  M  HIDROCLOROTI GN12,5 X30CO                   6 363740000 363740000       0002182440000       000    0    0    0    0    0         1  7591585172686        2637056       20959098   511512340001  N  0                           017 01/02/2023       USD        1.9403       11.6421  1874605.3600
01 36940808  GQ164  M  MELOXICAM ELTE15MG. X10TA                   3 276939000 307710000  92313000 830817000       000    0    0   10    0    0         1  7592454162050        2637055       20959047   511512340001  N  0                       3261059 01/01/2024       USD        1.4773        4.4319  1874605.3600
01 36940808  KN190  M  NEFROTAL 100MG. X14CO                       2 507000000 507000000       0001014000000       000    0    0    0    0    0         1  7591955558256        2637055       20959047   511512340001  N  0                          0015 01/11/2023       USD        2.7045        5.4091  1874605.3600
01 36940808  12394  M  THYRONA 100MCG X100TA                       410161580001016158000       0004064632000       000    0    0    0    0    0         1  8904307700866        2637056       20959098   511512340001  N  0                      TT730006 01/07/2022       USD        5.4206       21.6826  1874605.3600
01 36940808  12006  M  TIROXIN 50MCG. X50TA                        2 760500000 760500000       0001521000000       000    0    0    0    0    0         1  7707355054230        2637056       20959098   511512340001  N  0                      10200720 01/07/2022       USD        4.0568        8.1137  1874605.3600
01 36940808  11601  C  BARR DER.BIOS P.SECA 90                     6 194873250 194873250       0001169239500 187078320    0    0    0    0    0         2  7595481000241        2637056       20959098   511512340002  N  0                        201001 01/10/2024       USD        1.0395        6.2372  1874605.3600
01 36940808  KL035  M  FEBRATIC 10MG.SUSP.120ML.                   2 546000000 546000000       0001092000000       000    0    0    0    0    0         3  7591619519081        2637055       20959047   511512340003  N  0                          0064 01/01/2023       USD        2.9126        5.8252  1874605.3600
02 36940808         69   33905146513    1169239500     187078320   35261464333    0    0    0  000    0    0    0   05/03/2021 01:47:55 p.m.   PR           000           000             0            16           USD  1874605.3600      187.1000
