01 36945328  GQ309  M  AMLODIPINA ELTER 10 X10TA                   3 201864000 252330000 151398000 605592000       000    0    0   20    0    0         1  7592454886994        2637074       20963398   511558400001  N  0                       3241662 01/02/2022       USD        1.0726        3.2180  1881868.7400
01 36945328  PD714  M  BUMELEX 1MG. X16CO                          2 572000000 572000000       0001144000000       000    0    0    0    0    0         1  7591955000991        2637072       20963294   511558400001  N  0                          0049 01/09/2022       USD        3.0395        6.0790  1881868.7400
01 36945328  14234  M  CLONEDEX 1+0.50+0.04 X20G                   6 388700000 388700000       0002332200000       000    0    0    0    0    0         1  8906121690262        2637072       20963294   511558400001  N  0                            21 01/06/2022       USD        2.0655       12.3930  1881868.7400
01 36945328  14215  M  DECOBEL 0.5MG X30TA                         2 468000000 468000000       000 936000000       000    0    0    0    0    0         1  7592806133110        2637072       20963294   511558400001  N  0                        011128 01/11/2022       USD        2.4868        4.9737  1881868.7400
01 36945328  LN165  M  MADECASSOL 2% POLVO 5GR.                    1 698089063 698089063       000 698089063       000    0    0    0    0    0         1  7592348218108        2637074       20963398   511558400001  N  0                       2011026 01/11/2025       USD        3.7095        3.7095  1881868.7400
01 36945328  NP024  M  NOTOLAC 20MG. X10TA                         3 520408200 520408200       0001561224600       000    0    0    0    0    0         1  7591821902022        2637072       20963294   511558400001  N  0                       2010072 01/10/2023       USD        2.7653        8.2961  1881868.7400
01 36945328  11630  M  OMEFLUX 20MG. X10CA                        12 235101386 269302848 4104175442821216632       000    0    3   10    0    0         1  7597758000060        2637072       20963294   511558400001  N  0                         DL122 01/05/2023       USD        1.2492       14.9915  1881868.7400
01 36945328  LX103  M  CARNISIN 1G.S.ORAL S/A180                   2 990990000 990990000       0001981980000       000    0    0    0    0    0         2  7591585112323        2637072       20963294   511558400002  N  0                           050 01/11/2022       USD        5.2659       10.5319  1881868.7400
01 36945328  CO520  M  KATIVIL SOL.ORAL 120ML.                     2 708397504 885496880 3541987521416795008       000    0    0   20    0    0         2  7591818111147        2637072       20963294   511558400002  N  0                         00272 01/07/2023       USD        3.7643        7.5286  1881868.7400
01 36945328  CO640  M  KATIVIL SOL.ORAL 90ML.                      2 535480823 669351029 2677404121070961646       000    0    0   20    0    0         2  7591818244128        2637072       20963294   511558400002  N  0                         00320 01/08/2023       USD        2.8454        5.6909  1881868.7400
02 36945328         35   14568058949           000           000   14568058949    0    0    0  000    0    0    0   10/03/2021 02:06:27 p.m.   PR           000           000             0            10           USD  1881868.7400       77.4100
