01 36948812  MK106  M  AMLODIPINA +MK10MG. X30TA                   3 412620000 412620000       0001237860000       000    0    0    0    0    0         1  7591519001648        2637090       20966696   511591150001  N  0                         31618 01/01/2023       USD        2.2321        6.6963  1848567.5700
01 36948812  QO320  M  ANALPER NAX CAPS. 250 X10                   3 268190000 268190000       000 804570000       000    0    0    0    0    0         1  7592454000789        2637086       20966525   511591150001  N  0                       3234838 01/09/2021       USD        1.4507        4.3523  1848567.5700
01 36948812  12024  M  AZITROMICINA DAC500 X3TA                   12 388700000 388700000       0004664400000       000    0    0    0    0    0         1  8906121690019        2637087       20966519   511591150001  N  0                          V153 01/06/2023       USD        2.1027       25.2325  1848567.5700
01 36948812  11624  M  BISOPROLOL AL2,5MG. X30TA                   2 545019834 605577593 1211155181090039668       000    0    0   10    0    0         1  7597758000114        2637090       20966696   511591150001  N  0                         DL083 01/11/2022       USD        2.9483        5.8966  1848567.5700
01 36948812  GQ600  M  CAPTOPRIL ELTER 25 X20TA                    3 250952000 313690000 188214000 752856000       000    0    0   20    0    0         1  7703763100194        2637088       20966637   511591150001  N  0                       3228628 01/05/2022       USD        1.3575        4.0726  1848567.5700
01 36948812  14234  M  CLONEDEX 1+0.50+0.04 X20G                   6 388700000 388700000       0002332200000       000    0    0    0    0    0         1  8906121690262        2637086       20966525   511591150001  N  0                            21 01/06/2022       USD        2.1027       12.6162  1848567.5700
01 36948812  PO195  M  DECOBEL VIAL 8MG. 2ML.                      2 442000000 442000000       000 884000000       000    0    0    0    0    0         1  7592806112047        2637088       20966637   511591150001  N  0                        010115 01/10/2025       USD        2.3910        4.7820  1848567.5700
01 36948812  MK675  M  DOL 450-40-1 X10TA                          2 265512000 265512000       000 531024000       000    0    0    0    0    0         1  7591519000474        2637089       20966674   511591150001  N  0                         31411 01/08/2023       USD        1.4363        2.8726  1848567.5700
01 36948812  11556  M  ESOZ 40MG. X7CAPS.MGE                       1 540267000 540267000       000 540267000       000    0    0    0    0    0         1  7592454891271        2637086       20966525   511591150001  N  0                       3257241 01/11/2022       USD        2.9226        2.9226  1848567.5700
01 36948812  QM520  M  ESOZ CAPS.MGE 20MG. X14                     1 655281900 728091000  72809100 655281900       000    0    0   10    0    0         1  7592454889285        2637086       20966525   511591150001  N  0                       3261118 01/01/2023       USD        3.5448        3.5448  1848567.5700
01 36948812  TQ530  M  GLIDAN 80MG. X20TA                          2 624000000 624000000       0001248000000       000    0    0    0    0    0         1  7591955002469        2637088       20966637   511591150001  N  0                          0024 01/09/2022       USD        3.3755        6.7511  1848567.5700
01 36948812  GQ379  M  GLIMEPIRIDE ELTER 4MG. X16                  2 472290000 472290000       000 944580000       000    0    0    0    0    0         1  7703763165063        2637089       20966674   511591150001  N  0                       3259228 01/11/2023       USD        2.5548        5.1097  1848567.5700
01 36948812  MY010  M  IMAZOL CAPS.BL.VAG. 100 X6                  2 947916667 947916667       0001895833334       000    0    0    0    0    0         1  7592601100485        2637088       20966637   511591150001  N  0                        027306 01/06/2023       USD        5.1278       10.2556  1848567.5700
01 36948812  VA551  M  KETAZOL 20MG. CREMA 15GR.                   2 511393266 511393266       0001022786532       000    0    0    0    0    0         1  7592349429787        2637087       20966519   511591150001  N  0                       2008532 01/08/2025       USD        2.7664        5.5328  1848567.5700
01 36948812  12379  M  LOSARTAN P HTC 50-12,5X30                   3 607750000 607750000       0001823250000       000    0    0    0    0    0         1  7598176000090        2637087       20966519   511591150001  N  0                       TEMH210 01/07/2023       USD        3.2876        9.8630  1848567.5700
01 36948812  SA520  M  MESIGYNA INSTAYECT 1ML.                     216590234381659023438       0003318046876       000    0    0    0    0    0         1  7501303443318        2637089       20966674   511591150001  N  0                       XB30LG4 01/05/2022       USD        8.9746       17.9492  1848567.5700
01 36948812  11602  M  METFORMINA SW 850MG.X30TA                   3 497965000 497965000       0001493895000       000    0    0    0    0    0         1  7705959880019        2637086       20966525   511591150001  N  0                       ACL4293 01/10/2023       USD        2.6937        8.0813  1848567.5700
01 36948812  LX102  M  MIGREN 650-50-1 X20CO                       2 538395000 538395000       0001076790000       000    0    0    0    0    0         1  7591585415738        2637089       20966674   511591150001  N  0                           505 01/08/2022       USD        2.9124        5.8249  1848567.5700
01 36948812  DP013  M  TERBINAFINA DP CR.1% 15GR.                  2 339423435 339423435       000 678846870       000    0    0    0    0    0         1  7592616584126        2637087       20966519   511591150001  N  0                         10203 01/02/2023       USD        1.8361        3.6722  1848567.5700
01 36948812  LT057  M  ULGARIN 40MG. X32CA                         222100000002210000000       0004420000000       000    0    0    0    0    0         1  7591585319616        2637086       20966525   511591150001  N  0                           100 01/02/2023       USD       11.9552       23.9104  1848567.5700
01 36948812  11271  M  STAMYL FORTE X10TA                          1 780000000 780000000       000 780000000       000    0    0    0    0    0         2  7591821802827        2637090       20966696   511591150002  N  0                       2010950 01/11/2022       USD        4.2194        4.2194  1848567.5700
01 36948812  10598  C  FLEBITOP CR.NATURAL 20GR.                   1 390000000 390000000       000 390000000  62400000    0    0    0    0    0         3  7593668000053        2637086       20966525   511591150003  N  0                       A191001 01/10/2022       USD        2.1097        2.1097  1848567.5700
01 36948812  LO444  M  APIRET 180SOL.ORAL 120ML.                   6 380493750 380493750       0002282962500       000    0    0    0    0    0         4  7591196002785        2637088       20966637   511591150004  N  0                       I011076 01/02/2023       USD        2.0583       12.3499  1848567.5700
01 36948812  QO540  M  BROXOL ALERG S.ORAL 100ML                   2 641940000 641940000       0001283880000       000    0    0    0    0    0         4  7592454889513        2637088       20966637   511591150004  N  0                       3261882 01/02/2023       USD        3.4726        6.9452  1848567.5700
01 36948812  CO380  M  CLORACE JBE.PED. 120ML.                     2 441345074 441345074       000 882690148       000    0    0    0    0    0         4  7591818112069        2637088       20966637   511591150004  N  0                         00199 01/05/2024       USD        2.3874        4.7749  1848567.5700
02 36948812         69   36644059828     390000000      62400000   37096459828    0    0    0  000    0    0    0   15/03/2021 11:09:57 a.m.   PR           000           000             0            25           USD  1848567.5700      200.3400
