01 36948308  GQ669  M  ATENOLOL ELTER 50X30                        2 322140000 322140000       000 644280000       000    0    0    0    0    0         1  7703763090341        2637082       20965900   511587510001  N  0                       3257273 01/11/2022       USD        1.7330        3.4661  1858754.1000
01 36948308  GQ909  M  ATORVASTATINA ELTER 40X14                   4 716664000 895830000 7166640002866656000       000    0    0   20    0    0         1  7703763200887        2637082       20965900   511587510001  N  0                       3261958 01/02/2023       USD        3.8556       15.4224  1858754.1000
01 36948308  14068  M  AZITROMICINA  200MGX15ML                    3 970973132 970973132       0002912919396       000    0    0    0    0    0         1  7706569022776        2637083       20965895   511587510001  N  0                        20E336 01/07/2023       USD        5.2237       15.6713  1858754.1000
01 36948308  VO310  M  AZITROMICINA GENCER 500 X5                  6 666250000 666250000       0003997500000       000    0    0    0    0    0         1  7591020007597        2637083       20965895   511587510001  N  0                            63 01/01/2026       USD        3.5843       21.5063  1858754.1000
01 36948308  PA275  M  BETAGEN SOLSPEN 1ML.1AMP.                   6 737332317 737332317       0004423993902       000    0    0    0    0    0         1  7591243804409        2637083       20965895   511587510001  N  0                       9225702 01/04/2022       USD        3.9668       23.8008  1858754.1000
01 36948308  12381  M  CARBAMAZEPINA 200MG X20TA                   6 572390000 572390000       0003434340000       000    0    0    0    0    0         1  7598176000106        2637083       20965895   511587510001  N  0                       TEMH242 01/07/2022       USD        3.0794       18.4765  1858754.1000
01 36948308  12025  M  CEFADROXILO DAC500 X10TA                   12 583050000 583050000       0006996600000       000    0    0    0    0    0         1  8906121690033        2637083       20965895   511587510001  N  0                          V118 01/06/2022       USD        3.1367       37.6413  1858754.1000
01 36948308  12927  M  CLOTRIMAZOL AL200MG X3OVU                   6 344179958 394249665 3004182422065079748       000    0    3   10    0    0         1  7597758000657        2637082       20965900   511587510001  N  0                      K1AAL001 01/05/2023       USD        1.8516       11.1100  1858754.1000
01 36948308  12928  M  CLOTRIMAZOL AL500MG X1OVU                   6 357947154 410019650 3124349762147682924       000    0    3   10    0    0         1  7597758000664        2637082       20965900   511587510001  N  0                      K1AHK002 01/05/2023       USD        1.9257       11.5544  1858754.1000
01 36948308  DP380  M  CLOTRIMAZOL DP1% CR.20GR.                   3 410364664 410364664       0001231093992       000    0    0    0    0    0         1  7592616110011        2637082       20965900   511587510001  N  0                         10196 01/01/2023       USD        2.2077        6.6232  1858754.1000
01 36948308  13975  M  DEFLAZACORT 30MGX10 TAB                     1 615160000 615160000       000 615160000       000    0    0    0    0    0         1  7591519000306        2637083       20965895   511587510001  N  0                         31539 01/10/2023       USD        3.3095        3.3095  1858754.1000
01 36948308  MK579  M  DOL PLUS TAB. X10                           2 289575000 289575000       000 579150000       000    0    0    0    0    0         1  7591519005134        2637083       20965895   511587510001  N  0                         31468 01/09/2023       USD        1.5578        3.1157  1858754.1000
01 36948308  PD109  M  FERGANIC FOLIC TM X20                       610530000001170000000 7020000006318000000       000    0    0   10    0    0         1  7591955002797        2637082       20965900   511587510001  N  0                          0280 01/10/2021       USD        5.6650       33.9905  1858754.1000
01 36948308  KN280  M  FERGANIC FOLIC TM X30                       216250000001625000000       0003250000000       000    0    0    0    0    0         1  7591955003053        2637082       20965900   511587510001  N  0                          0289 01/09/2022       USD        8.7424       17.4848  1858754.1000
01 36948308  11423  M  HIDROCLOROTI GN12,5 X30CO                   6 400114000 400114000       0002400684000       000    0    0    0    0    0         1  7591585172686        2637082       20965900   511587510001  N  0                           017 01/02/2023       USD        2.1525       12.9155  1858754.1000
01 36948308  LC170  M  MONOSULPA GOTAS 15 CC.                      2 335335000 335335000       000 670670000       000    0    0    0    0    0         1  7591585110923        2637083       20965895   511587510001  N  0                           193 01/10/2022       USD        1.8040        3.6081  1858754.1000
01 36948308  12080  M  TIOCOLCHICOSIDO AL4MG.X2A                   2 512039334 568932593 1137865181024078668       000    0    0   10    0    0         1       75971359        2637083       20965895   511587510001  N  0                        DG1937 01/05/2022       USD        2.7547        5.5094  1858754.1000
01 36948308  VY024  C  VENDA DE YESO GYPSONA 4X3                   6 318605479 318605479       0001911632874 305861260    0    0    0    0    0         1  7594001560036        2637082       20965900   511587510001  N  0                          7740 01/07/2024       USD        1.7140       10.2844  1858754.1000
01 36948308  MK339  M  VIAJESAN 50MG. X10TA                        3 239200000 239200000       000 717600000       000    0    0    0    0    0         1   769229220612        2637083       20965895   511587510001  N  0                       1100920 01/09/2022       USD        1.2868        3.8606  1858754.1000
01 36948308  LO370  M  VOLTEN 0,1% SOL.OFT. 5ML.                   3 422500000 422500000       0001267500000       000    0    0    0    0    0         1  7591196000538        2637083       20965895   511587510001  N  0                        080102 01/08/2022       USD        2.2730        6.8190  1858754.1000
01 36948308  LT028  M  BIOTALOL 2,5MG. X30CO                       2 723580000 723580000       0001447160000       000    0    0    0    0    0         2  7591585217172        2637083       20965895   511587510002  N  0                           055 01/11/2022       USD        3.8928        7.7856  1858754.1000
01 36948308  14215  M  DECOBEL 0.5MG X30TA                         3 444600000 468000000  702000001333800000       000    0    5    0    0    0         2  7592806133110        2637084       20965896   511587510002  N  0                        011127 01/11/2022       USD        2.3919        7.1757  1858754.1000
01 36948308  LO514  M  MOVIMEX 15MG. X10TA                         4 401375000 422500000  845000001605500000       000    0    0    5    0    0         2  7591196004093        2637082       20965900   511587510002  N  0                       I110043 01/11/2022       USD        2.1593        8.6375  1858754.1000
01 36948308  LO009  M  SALBUTAMOL LO S.INH.15ML.                   3 422500000 422500000       0001267500000       000    0    0    0    0    0         2  7591196002303        2637082       20965900   511587510002  N  0                        110298 01/01/2024       USD        2.2730        6.8190  1858754.1000
01 36948308  LO235  M  SOLTIN SOL.OFT. 15CC.                       4 365625000 365625000       0001462500000       000    0    0    0    0    0         2  7591196000460        2637082       20965900   511587510002  N  0                        070824 01/01/2022       USD        1.9670        7.8681  1858754.1000
02 36948308        103   54679448630    1911632874     305861260   56896942764    0    0    0  000    0    0    0   12/03/2021 02:46:37 p.m.   PR           000           000             0            25           USD  1858754.1000      304.4600
