01 36952740  13490  M  BISOPROLOL 10MGX30 TAB                      2 692250000 692250000       0001384500000       000    0    0    0    0    0         1  7598176000205        2637101       20969983   511630790001  N  0                       TEMH212 01/07/2022       USD        3.7987        7.5974  1822320.2800
01 36952740  GQ224  M  CETIRIZINA ELTER JBE. 60CC.                12 346710000 346710000       0004160520000       000    0    0    0    0    0         1  7592454138239        2637101       20969983   511630790001  N  0                       3262100 01/02/2024       USD        1.9025       22.8308  1822320.2800
01 36952740  14234  M  CLONEDEX 1+0.50+0.04 X20G                  12 388700000 388700000       0004664400000       000    0    0    0    0    0         1  8906121690262        2637101       20969938   511630790001  N  0                            21 01/06/2022       USD        2.1329       25.5959  1822320.2800
01 36952740  14234  M  CLONEDEX 1+0.50+0.04 X20G                   2 388700000 388700000       000 777400000       000    0    0    0    0    0         1  8906121690262        2637100       20969938   511630790001  N  0                            21 01/06/2022       USD        2.1329        4.2659  1822320.2800
01 36952740  MK579  M  DOL PLUS TAB. X10                           3 289575000 289575000       000 868725000       000    0    0    0    0    0         1  7591519005134        2637099       20969861   511630790001  N  0                         31529 01/10/2023       USD        1.5890        4.7671  1822320.2800
01 36952740  11419  M  LETISAN SOL.ORAL 90ML.                      2 379278900 379278900       000 758557800       000    0    0    0    0    0         1  7591585614889        2637099       20969861   511630790001  N  0                           494 01/10/2023       USD        2.0812        4.1625  1822320.2800
01 36952740  CO185  M  MIOVIT GRAGEAS X10                          2 375227366 375227366       000 750454732       000    0    0    0    0    0         1  7591818118030        2637099       20969861   511630790001  N  0                         10020 01/02/2024       USD        2.0590        4.1181  1822320.2800
01 36952740  CO105  M  MIOVIT GRAGEAS X30                          1 990600628 990600628       000 990600628       000    0    0    0    0    0         1  7591818118047        2637099       20969861   511630790001  N  0                         00435 01/10/2023       USD        5.4359        5.4359  1822320.2800
01 36952740  LT043  M  PEGYT 75MG. X20CA                           2 896824500 896824500       0001793649000       000    0    0    0    0    0         1  7591585317018        2637100       20969938   511630790001  N  0                          0442 01/10/2023       USD        4.9213        9.8426  1822320.2800
01 36952740  EL555  M  TANTUM NEBULIZADOR 45 CC.                   2 829030930 829030930       0001658061860       000    0    0    0    0    0         1  7591062011613        2637100       20969938   511630790001  N  0                        21004A 01/02/2025       USD        4.5493        9.0986  1822320.2800
01 36952740  LT249  M  XYLON COMPR. 5/6,25 X30                     110656360001065636000       0001065636000       000    0    0    0    0    0         1  7591585113313        2637099       20969861   511630790001  N  0                           084 01/09/2022       USD        5.8476        5.8476  1822320.2800
02 36952740         41   18872505020           000           000   18872505020    0    0    0  000    0    0    0   17/03/2021 03:24:06 p.m.   PR           000           000             0            10           USD  1822320.2800      103.5600
