01 36955261  GN088  M  AMLODIPINA GN 10MG. X30CO                   2 496210000 496210000       000 992420000       000    0    0    0    0    0         1  7591585278173        2637117       20972268   511658240001  N  0                           185 01/09/2023       USD        2.7498        5.4997  1804479.6600
01 36955261  13479  M  AMLODIPINO 5 MG X 30 TAB                    3 453375000 487500000 1023750001360125000       000    0    0    7    0    0         1  7706569021571        2637117       20972268   511658240001  N  0                        20A532 01/02/2022       USD        2.5124        7.5374  1804479.6600
01 36955261  NP003  M  CALCIBON D 1500/200 X30                     213780000001378000000       0002756000000       000    0    0    0    0    0         1  7591821101029        2637117       20972268   511658240001  N  0                       2009832 01/06/2023       USD        7.6365       15.2731  1804479.6600
01 36955261  12373  M  CLOPIDOGREL 75MG X30TA                      3 858000000 858000000       0002574000000       000    0    0    0    0    0         1  7598176000014        2637118       20972302   511658240001  N  0                       TEMG175 01/06/2022       USD        4.7548       14.2644  1804479.6600
01 36955261  MK103  M  DIOSMINA +MK 600MG. X14TA                   115368600001536860000       0001536860000       000    0    0    0    0    0         1  7591519051193        2637118       20972302   511658240001  N  0                         31681 01/01/2024       USD        8.5169        8.5169  1804479.6600
01 36955261  13549  M  DIVAL FORTE 100MG X20TA                     2 208779067 208779067       000 417558134       000    0    0    0    0    0         1  7591020080965        2637117       20972268   511658240001  N  0                            02 01/10/2022       USD        1.1570        2.3140  1804479.6600
01 36955261  VC003  M  GENCIVOL COMPUESTO SOL.15ML                 2 438750000 438750000       000 877500000       000    0    0    0    0    0         1  7592782000529        2637118       20972302   511658240001  N  0                       20A0007 01/10/2022       USD        2.4314        4.8628  1804479.6600
01 36955261  RZ340  M  LORADEX TAB. 10MG. X10                      6 181296960 181296960       0001087781760       000    0    0    0    0    0         1  7594001101383        2637117       20972268   511658240001  N  0                          5755 01/11/2025       USD        1.0047        6.0282  1804479.6600
01 36955261  GQ769  M  LOSARTAN H ETR 50/12,5X15                   3 332592000 415740000 249444000 997776000       000    0    0   20    0    0         1  7703763190270        2637117       20972268   511658240001  N  0                       3257365 01/11/2022       USD        1.8431        5.5294  1804479.6600
01 36955261  12895  M  METFORM ACI 500MG X30TA                     6 455000000 455000000       0002730000000       000    0    0    0    0    0         1  7598055000166        2637117       20972268   511658240001  N  0                         KK178 01/01/2022       USD        2.5215       15.1290  1804479.6600
01 36955261  12883  M  ODICA 75MG X28CO                            211171875001117187500       0002234375000       000    0    0    0    0    0         1  7401078920376        2637118       20972302   511658240001  N  0                         07196 01/07/2022       USD        6.1911       12.3823  1804479.6600
01 36955261  LT043  M  PEGYT 75MG. X20CA                           3 896824500 896824500       0002690473500       000    0    0    0    0    0         1  7591585317018        2637118       20972268   511658240001  N  0                          0442 01/10/2023       USD        4.9699       14.9099  1804479.6600
01 36955261  LT043  M  PEGYT 75MG. X20CA                           2 896824500 896824500       0001793649000       000    0    0    0    0    0         1  7591585317018        2637117       20972268   511658240001  N  0                          0442 01/10/2023       USD        4.9699        9.9399  1804479.6600
01 36955261  VC004  M  SOLUNOVAR COMP.SOL. 30ML.                   2 414375000 414375000       000 828750000       000    0    0    0    0    0         1  7592782000598        2637118       20972302   511658240001  N  0                       20A0001 01/10/2022       USD        2.2963        4.5927  1804479.6600
01 36955261  11271  M  STAMYL FORTE X10TA                          2 780000000 780000000       0001560000000       000    0    0    0    0    0         1  7591821802827        2637118       20972302   511658240001  N  0                       2010950 01/11/2022       USD        4.3225        8.6451  1804479.6600
01 36955261  PA096  M  TIOCOLCHICOSIDO 4MGX12 BT                   2 877510388 877510388       0001755020776       000    0    0    0    0    0         1  7591243850758        2637118       20972302   511658240001  N  0                       9233903 01/10/2023       USD        4.8629        9.7259  1804479.6600
01 36955261  11565  M  TIOCOLFEN 600-4 X10TA                       2 876411900 973791000 1947582001752823800       000    0    0   10    0    0         1  7592454891288        2637118       20972302   511658240001  N  0                       3262029 01/02/2023       USD        4.8568        9.7137  1804479.6600
02 36955261         45   27945112970           000           000   27945112970    0    0    0  000    0    0    0   19/03/2021 01:49:36 p.m.   PR           000           000             0            16           USD  1804479.6600      154.8700
