01 36971824  GM850  M  AC FOLICO MY GOTAS 15ML.                    3     385496262     385496262       000    1156488786       000    0    0    0    0    0         1  7592601300779        2637185       20987939   511826730001  N  0                        154201 01/02/2023       USD        1.8615        5.5845  2070854.9700
01 36971824  LO104  M  AIRON 5MG. X10TAB.MAST.                     4     325000000     325000000       000    1300000000       000    0    0    0    0    0         1  7591196002549        2637180       20987673   511826730001  N  0                       I030862 01/04/2022       USD        1.5694        6.2776  2070854.9700
01 36971824  11732  M  ANTAAR HCT 5-6,25 X30TA                     2    1006200000    1006200000       000    2012400000       000    0    0    0    0    0         1  7591519317343        2637186       20988128   511826730001  N  0                         31380 01/07/2023       USD        4.8588        9.7177  2070854.9700
01 36971824  11808  M  APIRET 180SOL.ORAL 60ML.                    6     197027757     197027757       000    1182166542       000    0    0    0    0    0         1  7591196007155        2637180       20987673   511826730001  N  0                       I110036 01/11/2022       USD        0.9514        5.7085  2070854.9700
01 36971824  GT119  M  ASAPROL 81MG. X100CO                        6    1144000000    1144000000       000    6864000000       000    0    0    0    0    0         1  7591585261236        2637180       20987673   511826730001  N  0                           147 01/12/2022       USD        5.5242       33.1457  2070854.9700
01 36971824  GQ909  M  ATORVASTATINA ELTER 40X14                   2     936130000     985400000  98540000    1872260000       000    0    0    5    0    0         1  7703763200887        2637186       20988128   511826730001  N  0                       3261958 01/02/2023       USD        4.5205        9.0410  2070854.9700
01 36971824  VO109  M  ATORVASTATINA GENCER 20 X20                 2     746200000     746200000       000    1492400000       000    0    0    0    0    0         1  7591020080453        2637182       20987855   511826730001  N  0                            50 01/02/2023       USD        3.6033        7.2066  2070854.9700
01 36971824  12502  M  BLOCAX 8MG X150TA                           1    5671134222    5671134222       000    5671134222       000    0    0    0    0    0         1  7591243805345        2637186       20988128   511826730001  N  0                       9265101 01/11/2022       USD       27.3854       27.3854  2070854.9700
01 36971824  11898  M  BUCOXOLGAR FRU.RO X10TM                     2     277160000     277160000       000     554320000       000    0    0    0    0    0         1  7592454891363        2637184       20987906   511826730001  N  0                       3261467 01/02/2023       USD        1.3383        2.6767  2070854.9700
01 36971824  11899  M  BUCOXOLGAR MI-LIM X10TM                     2     277160000     277160000       000     554320000       000    0    0    0    0    0         1  7592454891387        2637184       20987906   511826730001  N  0                       3261033 01/01/2023       USD        1.3383        2.6767  2070854.9700
01 36971824  12920  M  CITALAM 10MG X30TA                          2     559000000     559000000       000    1118000000       000    0    0    0    0    0         1  7598055000296        2637180       20987673   511826730001  N  0                         TA123 01/12/2021       USD        2.6993        5.3987  2070854.9700
01 36971824  12373  M  CLOPIDOGREL 75MG X30TA                      3     858000000     858000000       000    2574000000       000    0    0    0    0    0         1  7598176000014        2637182       20987855   511826730001  N  0                       TEMG175 01/06/2022       USD        4.1432       12.4296  2070854.9700
01 36971824  KN350  M  CURPINOL 12,5MG. X30CO                      3     676000000     845000000 507000000    2028000000       000    0    0   20    0    0         1  7591955558232        2637182       20987855   511826730001  N  0                          0029 01/11/2023       USD        3.2643        9.7930  2070854.9700
01 36971824  13975  M  DEFLAZACORT 30MGX10 TAB                     1     722124000     722124000       000     722124000       000    0    0    0    0    0         1  7591519000306        2637180       20987673   511826730001  N  0                         31539 01/10/2023       USD        3.4870        3.4870  2070854.9700
01 36971824  PA050  M  ERILON 0,05% CREMA 15GR.                    2     693849270     693849270       000    1387698540       000    0    0    0    0    0         1  7591243815757        2637186       20988128   511826730001  N  0                       9233102 01/11/2022       USD        3.3505        6.7010  2070854.9700
01 36971824  LO003  M  IPORET SUSP.PED. 60ML.                      2     438750000     438750000       000     877500000       000    0    0    0    0    0         1  7591196004253        2637180       20987673   511826730001  N  0                       I060947 01/07/2022       USD        2.1186        4.2373  2070854.9700
01 36971824  RZ340  M  LORADEX TAB. 10MG. X10                     12     181296960     181296960       000    2175563520       000    0    0    0    0    0         1  7594001101383        2637182       20987855   511826730001  N  0                          5755 01/11/2025       USD        0.8754       10.5056  2070854.9700
01 36971824  13761  M  METFORM. 850MGX10BLISX10T                   1    1314144000    1314144000       000    1314144000       000    0    0    0    0    0         1  7753820001117        2637184       20987906   511826730001  N  0                     433190901 01/08/2022       USD        6.3459        6.3459  2070854.9700
01 36971824  PB032  C  OVERSKIN 10% CR. 50GR.                      1     349830000     349830000       000     349830000  55972800    0    0    0    0    0         1  7591309900274        2637181       20987771   511826730001  N  0                      A2009333 01/09/2023       USD        1.6893        1.6893  2070854.9700
01 36971824  PA226  M  YONAL 15MG. JBE. 120ML.                     2     603313218     603313218       000    1206626436       000    0    0    0    0    0         1  7591243856705        2637182       20987855   511826730001  N  0                       9245703 01/02/2024       USD        2.9133        5.8267  2070854.9700
02 36971824         59   36063146046     349830000      55972800   36468948846    0    0    0  000    0    0    0   06/04/2021 10:40:05 a.m.   PR           000           000             0            20           USD  2070854.9700      175.8400
