01 36970578  MK635  M  ALBENDAZOL +MK T.FRU.200 X2                 6     175500000     175500000       000    1053000000       000    0    0    0    0    0         1  7591519007022        2637176       20985081   511809480001  N  0                         31452 01/09/2022       USD        0.8831        5.2989  1987184.7500
01 36970578  KV004  M  ANTILAX 2MG. X10TA                          2     283400000     283400000       000     566800000       000    0    0    0    0    0         1  7591821102095        2637176       20985081   511809480001  N  0                       2009018 01/09/2022       USD        1.4261        2.8522  1987184.7500
01 36970578  VO111  M  ATORVASTATINA GENCER 40 X20                 2    1066000000    1066000000       000    2132000000       000    0    0    0    0    0         1  7591020008884        2637176       20985081   511809480001  N  0                            77 01/02/2026       USD        5.3643       10.7287  1987184.7500
01 36970578  GF109  M  AZITROMICINA GF PPSO15ML.                   1     698581000     821860000 123279000     698581000       000    0    0   15    0    0         1  7702605100538        2637176       20985081   511809480001  N  0                      0GC1707A 01/02/2022       USD        3.5154        3.5154  1987184.7500
01 36970578  13490  M  BISOPROLOL 10MGX30 TAB                      2     692250000     692250000       000    1384500000       000    0    0    0    0    0         1  7598176000205        2637179       20985248   511809480001  N  0                       TEMH212 01/07/2022       USD        3.4835        6.9671  1987184.7500
01 36970578  EL524  M  BRUGESICFORTE SUSP.200 60ML                 2     400346050     400346050       000     800692100       000    0    0    0    0    0         1  7591062013082        2637176       20985081   511809480001  N  0                        20051A 01/05/2022       USD        2.0146        4.0292  1987184.7500
01 36970578  12466  M  DEKORT 4MG. X20TA                           1    1525810000    1525810000       000    1525810000       000    0    0    0    0    0         1  8699525019752        2637179       20985248   511809480001  N  0                       A088151 01/08/2022       USD        7.6782        7.6782  1987184.7500
01 36970578  MG604  M  FULGRAM SUSP. 600/42,9 60CC                 2    1079000000    1079000000       000    2158000000       000    0    0    0    0    0         1  7591585113139        2637178       20985166   511809480001  N  0                           322 01/07/2022       USD        5.4297       10.8595  1987184.7500
01 36970578  KL400  M  HELAL 200MG. X2CO                           6     247000000     260000000  78000000    1482000000       000    0    0    5    0    0         1  7591619102016        2637176       20985081   511809480001  N  0                          0022 01/01/2022       USD        1.2429        7.4577  1987184.7500
01 36970578  LO003  M  IPORET SUSP.PED. 60ML.                      2     438750000     438750000       000     877500000       000    0    0    0    0    0         1  7591196004253        2637177       20985156   511809480001  N  0                       I060947 01/07/2022       USD        2.2078        4.4157  1987184.7500
01 36970578  LC140  M  LETISAN SOL.GOTAS 20ML.                     2     337350000     337350000       000     674700000       000    0    0    0    0    0         1  7591585114884        2637176       20985081   511809480001  N  0                           490 01/06/2023       USD        1.6976        3.3952  1987184.7500
01 36970578  13761  M  METFORM. 850MGX10BLISX10T                   1    1314144000    1314144000       000    1314144000       000    0    0    0    0    0         1  7753820001117        2637179       20985248   511809480001  N  0                     433190901 01/08/2022       USD        6.6130        6.6130  1987184.7500
01 36970578  LO514  M  MOVIMEX 15MG. X10TA                         3     464750000     464750000       000    1394250000       000    0    0    0    0    0         1  7591196004093        2637176       20985081   511809480001  N  0                       I110043 01/11/2022       USD        2.3387        7.0162  1987184.7500
01 36970578  11526  M  NONAFOL 10MG. GOTAS 15ML.                   2     399001485     420001563  42000156     798002970       000    0    0    5    0    0         1  7592601303114        2637176       20985081   511809480001  N  0                        954208 01/11/2021       USD        2.0078        4.0157  1987184.7500
01 36970578  13488  M  PREDNISOLONA 5MGX30TAB                      6     581750000     581750000       000    3490500000       000    0    0    0    0    0         1  7598176000175        2637179       20985248   511809480001  N  0                       TEMH214 01/07/2023       USD        2.9275       17.5650  1987184.7500
01 36970578  11828  M  PREDNISONA CCM 5MG.X20TA                    3     389064000     389064000       000    1167192000       000    0    0    0    0    0         1  7501384546816       20986328       20986328   511809480001  N  0                       0720705 01/07/2022       USD        1.9578        5.8735  1987184.7500
01 36970578  VO130  M  PREDNISONA GENCER50 X10TA                   2     692900000     692900000       000    1385800000       000    0    0    0    0    0         1  7591020007474       20986328       20986328   511809480001  N  0                            30 01/02/2026       USD        3.4868        6.9736  1987184.7500
01 36970578  13954  M  PREDNISONA ZAKI 5MGX10TA                    3     104650000     104650000       000     313950000       000    0    0    0    0    0         1  7597533001718       20986328       20986328   511809480001  N  0                        200518 01/05/2023       USD        0.5266        1.5798  1987184.7500
01 36970578  12364  M  QUANOX 0,6% SO.OR 5ML                       1     395200000     416000000  20800000     395200000       000    0    0    5    0    0         1  7707355054995        2637176       20985081   511809480001  N  0                      12040820 01/08/2022       USD        1.9887        1.9887  1987184.7500
01 36970578  11271  M  STAMYL FORTE X10TA                          1     780000000     780000000       000     780000000       000    0    0    0    0    0         1  7591821802827        2637176       20985081   511809480001  N  0                       2010950 01/11/2022       USD        3.9251        3.9251  1987184.7500
02 36970578         50   24392622070           000           000   24392622070    0    0    0  000    0    0    0   05/04/2021 04:49:46 p.m.   PR           000           000             0            20           USD  1987184.7500      122.7500
