01 36977648  11795  M  AFLAMAX 50MG. X10TA                         3 286000000 286000000       000 858000000       000    0    0    0    0    0         1  7591196007186       20992654       20992654   511882570001  N  0                       I011069 01/01/2023       USD           133           400     214251441
01 36977648  LO539  M  AFLAMAX 50MG. X20TA                         3 533000000 533000000       0001599000000       000    0    0    0    0    0         1  7591196004451       20992654       20992654   511882570001  N  0                       I011071 01/02/2023       USD           249           746     214251441
01 36977648  XM003  M  ANAPIR IBUPROFENO 200X10                    4 278525000 278525000       0001114100000       000    0    0    0    0    0         1  7593090000157       20992654       20992654   511882570001  N  0                        200166 01/08/2023       USD           130           520     214251441
01 36977648  VO109  M  ATORVASTATINA GENCER 20 X20                 4 746200000 746200000       0002984800000       000    0    0    0    0    0         1  7591020080453       20992654       20992654   511882570001  N  0                            50 01/02/2023       USD           348          1393     214251441
01 36977648  EL920  M  BRUGESIC 400MG CO X 10                      6 384794540 384794540       0002308767240       000    0    0    0    0    0         1  7591062902546       20992654       20992654   511882570001  N  0                        20112B 01/09/2022       USD           180          1078     214251441
01 36977648  CO003  M  CELAY SOL.ORAL. 100ML.                      2 370515440 463144300 185257720 741030880       000    0    0   20    0    0         1  7591818215050       20992654       20992654   511882570001  N  0                         00225 01/05/2022       USD           173           346     214251441
01 36977648  RZ130  M  DICLODEX 50MG. X10TA                       12 187739890 187739890       0002252878680       000    0    0    0    0    0         1  7594001101406       20992654       20992654   511882570001  N  0                          5759 01/11/2022       USD           088          1052     214251441
01 36977648  LT073  M  DICLOFENAC P. GN 50 X30CO                   4 507000000 507000000       0002028000000       000    0    0    0    0    0         1  7591585379245       20992654       20992654   511882570001  N  0                           751 01/10/2023       USD           237           947     214251441
01 36977648  LT046  M  GENLET 200MG. X20CO                         213650000001365000000       0002730000000       000    0    0    0    0    0         1  7591585110183       20992654       20992654   511882570001  N  0                           049 01/10/2022       USD           637          1274     214251441
01 36977648  11900  M  GLIMERID 4MG. X10TA                         3 400400000 400400000       0001201200000       000    0    0    0    0    0         1  7592454891202       20992654       20992654   511882570001  N  0                       3261484 01/02/2024       USD           187           561     214251441
01 36977648  SR870  M  PLAQUINOL 200MG. X20TA                      126639600002663960000       0002663960000       000    0    0    0    0    0         1  7706263003835       20992654       20992654   511882570001  N  0                       ACL3704 01/08/2023       USD          1243          1243     214251441
01 36977648  11571  M  RAMIPRES 5MG. X30CO                         110790000001079000000       0001079000000       000    0    0    0    0    0         1  7591619520537       20992654       20992654   511882570001  N  0                          0008 01/11/2023       USD           504           504     214251441
01 36977648  13725  M  SALRES 100MCG AERO 200DOS                   3 751562500 751562500       0002254687500       000    0    0    0    0    0         1  8699525528148       20992729       20992729   511882570001  N  0                       A079946 01/09/2021       USD           351          1052     214251441
01 36977648  LO169  M  TODENAC SOL.OFT. 5ML.                       3 471250000 471250000       0001413750000       000    0    0    0    0    0         1  7591196002761       20992654       20992654   511882570001  N  0                        090997 01/09/2022       USD           220           660     214251441
01 36977648  LT284  M  ANTUX SOL.ORAL 180ML.                       210933000001093300000       0002186600000       000    0    0    0    0    0         2  7591585214706       20992729       20992729   511882570002  N  0                           276 01/11/2022       USD           510          1021     214251441
01 36977648  CO520  M  KATIVIL SOL.ORAL 120ML.                     4 708397504 885496880 7083975042833590016       000    0    0   20    0    0         2  7591818111147       20992729       20992729   511882570002  N  0                         00272 01/07/2023       USD           331          1323     214251441
02 36977648         57   30249364316           000           000   30249364316    0    0    0  000    0    0    0   09/04/2021 02:49:37 p.m.   PR           000           000             0            16           USD     214251441         14119
