01 36974269  GT119  M  ASAPROL 81MG. X100CO                       12    1144000000    1144000000       000           000       000    0    0    0    0    0         1  7591585261236       20990378       20990378   511853020001  N  0                           147 01/12/2022       USD        5.5033       66.0406  2078720.5700
01 36974269  ED105  M  CINAREN 25MG. X50CO                         2    1105000000    1105000000       000    2210000000       000    0    0    0    0    0         1  7592803000101       20990378       20990378   511853020001  N  0                       2101473 01/01/2025       USD        5.3157       10.6315  2078720.5700
01 36974269  MK979  M  CINNARIZINA +MK 75MGX10                     2     465426000     465426000       000     930852000       000    0    0    0    0    0         1  7591519007060       20990378       20990378   511853020001  N  0                         31779 01/03/2024       USD        2.2390        4.4780  2078720.5700
01 36974269  PM115  M  CLODOXIN 10MG. X20CO                        6     256588800     256588800       000    1539532800       000    0    0    0    0    0         1  7594001100584       20990378       20990378   511853020001  N  0                          5795 01/02/2023       USD        1.2343        7.4061  2078720.5700
01 36974269  QM340  M  LEPRIT 25MG. X30TA                          2     768196000     768196000       000    1536392000       000    0    0    0    0    0         1  7703763363063       20990378       20990378   511853020001  N  0                       3257499 01/11/2022       USD        3.6955        7.3910  2078720.5700
01 36974269  AP350  M  METREN 125MG.SUSP. 120ML.                   6     417918223     417918223       000    2507509338       000    0    0    0    0    0         1  7592601200291       20990378       20990378   511853020001  N  0                        025201 01/02/2022       USD        2.0104       12.0627  2078720.5700
01 36974269  AP370  M  METREN 500MG.CAPS.VAG.X10                   6     680485290     680485290       000    4082911740       000    0    0    0    0    0         1  7592601200314       20990378       20990378   511853020001  N  0                        126701 01/07/2023       USD        3.2735       19.6414  2078720.5700
01 36974269  12752  M  NACUA 40MG X12CO                            6     660660000     660660000       000    3963960000       000    0    0    0    0    0         1  7592806133295       20990378       20990378   511853020001  N  0                        012148 01/12/2025       USD        3.1782       19.0692  2078720.5700
01 36974269  12632  M  OLANZAPINA PSICO 10MX14TA                   1    1378494000    1378494000       000    1378494000       000    0    0    0    0    0         1  7501384546502       20990378       20990378   511853020001  N  0                       6350820 01/08/2022       USD        6.6314        6.6314  2078720.5700
01 36974269  PA949  M  TONUM 10MG. X30TA                           2     727043909     727043909       000    1454087818       000    0    0    0    0    0         1  7591243851106       20990378       20990378   511853020001  N  0                       9228702 01/11/2023       USD        3.4975        6.9951  2078720.5700
02 36974269         45   33331739696           000           000   33331739696    0    0    0  000    0    0    0   07/04/2021 04:05:12 p.m.   PR           000           000             0            10           USD  2078720.5700      160.3500
