01 36988362  XM003  M  ANAPIR IBUPROFENO 200X10                    3 364182000 364182000       0001092546000       000    0    0    0    0    0         1  7593090000157       21003453       21003453   511984630001  N  0                        200166 01/08/2023       USD           148           443     246746070
01 36988362  13135  M  ANTAAR +MK 5MG X10TA                        6 539240000 539240000       0003235440000       000    0    0    0    0    0         1  7591519317725       21002885       21002885   511984630001  N  0                         31738 01/02/2024       USD           219          1311     246746070
01 36988362  11246  M  BROXOL GRIP GOTAS PED.30                    2 324187500 341250000  34125000 648375000       000    0    0    5    0    0         1  7592454889629       21002885       21002885   511984630001  N  0                       3244158 01/03/2022       USD           131           263     246746070
01 36988362  LN335  M  COMPLEJO B LN COMP.AMP. X1                  7 335156253 335156253       0002346093771       000    0    0    0    0    0         1  7592348205009       21003261       21003261   511984630001  N  0                            30 01/10/2023       USD           136           951     246746070
01 36988362  PB442  M  DENCOFEN 1,16% GEL 40GR.                    2 596994216 596994216       0001193988432       000    0    0    0    0    0         1  7591309002756       21003261       21003261   511984630001  N  0                       2011017 01/11/2023       USD           242           484     246746070
01 36988362  QM490  M  DICIGEL SUSP. 240ML.                        212594400001259440000       0002518880000       000    0    0    0    0    0         1  7592454889216       21003114       21003114   511984630001  N  0                       3263310 01/02/2023       USD           510          1021     246746070
01 36988362  12926  M  DICLOFENAC S. 100MGX10SUP                   2 8888690031045728239 3137184721777738006       000    0    0   15    0    0         1  7597758000633       21003114       21003221   511984630001  N  0                      K1ABG010 01/05/2023       USD           360           720     246746070
01 36988362  14447  M  DUROVAL 50MG. X2TA                         18 173225000 173225000       0003118050000       000    0    0    0    0    0         1  7591020003230       21003453       21003453   511984630001  N  0                           620 01/11/2025       USD           070          1264     246746070
01 36988362  MK076  M  ENALAPRIL +MK 20MG.X30TA                    6 424125000 424125000       0002544750000       000    0    0    0    0    0         1  7591519051643       21003114       21003221   511984630001  N  0                         31813 01/03/2023       USD           172          1031     246746070
01 36988362  EL035  M  GENURIN 200MG. X10CO                        214140295001414029500       0002828059000       000    0    0    0    0    0         1  7591062901198       21003261       21003261   511984630001  N  0                        21018A 01/03/2023       USD           573          1146     246746070
01 36988362  KL400  M  HELAL 200MG. X2CO                           6 274560000 343200000 4118400001647360000       000    0    0   20    0    0         1  7591619102016       21003114       21003221   511984630001  N  0                          0022 01/01/2022       USD           111           668     246746070
01 36988362  NP069  N  KID CAL T.FRUTTI 180CC.                     2 975000000 975000000       0001950000000 312000000    0    0    0    0    0         1  7591821102026       21003114       21003221   511984630001  N  0                      2011118B 01/11/2022       USD           395           790     246746070
01 36988362  14699  M  METOCLOPRAMIDA KM10 X10A                    1 707200000 707200000       000 707200000       000    0    0    0    0    0         1  6921875009186       21002885       21002885   511984630001  N  0                       2004441 01/04/2023       USD           287           287     246746070
01 36988362  12157  M  METRONIDAZOL BM500 X100TA                   120248800002024880000       0002024880000       000    0    0    0    0    0         1  6930169708247       21002885       21002885   511984630001  N  0                        190554 01/04/2022       USD           821           821     246746070
01 36988362  CO185  M  MIOVIT GRAGEAS X10                          3 454025112 454025112       0001362075336       000    0    0    0    0    0         1  7591818118030       21003261       21003261   511984630001  N  0                         10020 01/02/2024       USD           184           552     246746070
01 36988362  PO450  M  SARIFAN COMP X20TA                          114560000001456000000       0001456000000       000    0    0    0    0    0         1  7592806134032       21003114       21003221   511984630001  N  0                        010121 01/10/2022       USD           590           590     246746070
01 36988362  PA033  M  SAX SOL. VAGINAL 135 CC.                    1 663950076 663950076       000 663950076       000    0    0    0    0    0         1  7591241846609       21003261       21003261   511984630001  N  0                       9223502 01/09/2023       USD           269           269     246746070
01 36988362  PA034  M  SAXACID SOL. VAG. 135 CC.                   1 655574598 655574598       000 655574598       000    0    0    0    0    0         1  7591241846647       21003261       21003261   511984630001  N  0                       9220201 01/03/2023       USD           266           266     246746070
01 36988362  12394  M  THYRONA 100MCG X100TA                       410173735001017373500       0004069494000       000    0    0    0    0    0         1  8904307700866       21003261       21003261   511984630001  N  0                      TT730006 01/07/2022       USD           412          1649     246746070
01 36988362  12395  M  THYRONA BP 50MCG 100TA                      4 878640750 878640750       0003514563000       000    0    0    0    0    0         1  8904307700859       21003261       21003261   511984630001  N  0                      TT720004 01/07/2022       USD           356          1424     246746070
02 36988362         74   39355017219           000     312000000   39667017219    0    0    0  000    0    0    0   21/04/2021 01:10:02 p.m.   PR           000           000             0            20           USD     246746070         15950
