01 36984008  MK106  M  AMLODIPINA +MK10MG. X30TA                   3 468503425 493161500  739742251405510275       000    0    0    5    0    0         1  7591519001648       20998549       20999296   511946210001  N  0                         31619 01/01/2023       USD           197           590     238179365
01 36984008  GN790  M  AMLODIPINA GN 5MG. X30CO                    4 637000000 637000000       0002548000000       000    0    0    0    0    0         1  7591585278166       20998325       20999294   511946210001  N  0                           384 01/02/2024       USD           267          1070     238179365
01 36984008  12024  M  AZITROMICINA DAC500 X3TA                    6 478400000 478400000       0002870400000       000    0    0    0    0    0         1  7598578000049       20998549       20999296   511946210001  N  0                          V168 01/09/2023       USD           201          1205     238179365
01 36984008  GQ045  M  DAKSOL 500MG. X4TA                          6 395330000 395330000       0002371980000       000    0    0    0    0    0         1  7592454138857       20998325       20999294   511946210001  N  0                       3234329 01/10/2022       USD           166           996     238179365
01 36984008  PD754  M  FERGANIC 40MG. X14CA                        6 655200000 728000000 4368000003931200000       000    0    0   10    0    0         1  7591955002421       20998549       20999296   511946210001  N  0                          0133 01/05/2022       USD           275          1651     238179365
01 36984008  VA551  M  KETAZOL 20MG. CREMA 15GR.                   3 665711326 665711326       0001997133978       000    0    0    0    0    0         1  7592349429787       20998405       20999295   511946210001  N  0                       2008532 01/08/2025       USD           280           838     238179365
01 36984008  11782  M  LETISAN 500MG. X10CA                        3 331500000 331500000       000 994500000       000    0    0    0    0    0         1  7591585314864       20998405       20999295   511946210001  N  0                           423 01/10/2023       USD           139           418     238179365
01 36984008  11502  M  LOPERAM 2MG. X10TA                          2 407477258 582110368 349266220 814954516       000    0    0   30    0    0         1  7592349723571       20998325       20999294   511946210001  N  0                       2007443 01/07/2025       USD           171           342     238179365
01 36984008  FA239  M  NOTOLAC 30MG. X4TA.SUBL.                    3 532350000 532350000       0001597050000       000    0    0    0    0    0         1  7591821210134       20998549       20999296   511946210001  N  0                       2008742 01/09/2022       USD           224           671     238179365
01 36984008  LO009  M  SALBUTAMOL LO S.INH.15ML.                   2 557700000 557700000       0001115400000       000    0    0    0    0    0         1  7591196002303       20998549       20999296   511946210001  N  0                        110298 01/01/2024       USD           234           468     238179365
01 36984008  EH210  M  SECNIDAZOL VP 1GR. X2TA                     6 382909092 382909092       0002297454552       000    0    0    0    0    0         1  7703153019914       20998325       20999294   511946210001  N  0                       1336221 01/02/2024       USD           161           965     238179365
01 36984008  PD880  M  TIALIN 50MG. X30CO                          117940000001794000000       0001794000000       000    0    0    0    0    0         1  7591955000854       20998549       20999296   511946210001  N  0                          0056 01/10/2023       USD           753           753     238179365
01 36984008  12086  M  VIT E VP 400MG. X15CA.BLA                   3 588207371 653563746 1960691251764622113       000    0   10    0    0    0         1  7592432901428       20998774       20999297   511946210001  N  0                        200222 01/08/2023       USD           247           741     238179365
01 36984008  VP400  M  VIT E VP 400MG. X30CA.BLA                   211941886221194188622       0002388377244       000    0    0    0    0    0         1  7592432005478       20998774       20999297   511946210001  N  0                        200274 01/09/2023       USD           501          1003     238179365
01 36984008  VT135  C  CALAMINOL FRESH LOC. 180ML.                 2 987056070 987056070       0001974112140 315857942    0    0    0    0    0         2  7591808000031       20998774       20999297   511946210002  N  0                       2010501 01/10/2023       USD           414           829     238179365
01 36984008  LC580  N  ALLIXON NARANJA 240 CC.                     1 488800000 488800000       000 488800000  78208000    0    0    0    0    0         3  7591585112439       20998405       20999295   511946210003  N  0                           344 01/12/2022       USD           205           205     238179365
01 36984008  PD990  M  FERGANIC FOLIC JBE. 120CC.                  115600000001560000000       0001560000000       000    0    0    0    0    0         3  7591955002803       20998549       20999296   511946210003  N  0                          0103 01/01/2024       USD           655           655     238179365
02 36984008         54   29939382678    1974112140     394065942   32307560760    0    0    0  000    0    0    0   16/04/2021 08:55:09 a.m.   PR           000           000             0            17           USD     238179365         13399
