01 36992226  HH410  M  ALVONIDE INH.200MCG.300D.                   128346500002834650000       0002834650000       000    0    0    0    0    0         1  8904091110179       21005833       21005833   512019770001  N  0                      12200658 01/10/2022       USD          1131          1131     250632991
01 36992226  MK106  M  AMLODIPINA +MK10MG. X30TA                   6 527904000 527904000       0003167424000       000    0    0    0    0    0         1  7591519001648       21006031       21006031   512019770001  N  0                         31619 01/01/2023       USD           211          1264     250632991
01 36992226  GQ309  M  AMLODIPINA ELTER 10 X10TA                   6 252330000 252330000       0001513980000       000    0    0    0    0    0         1  7592454886994       21006031       21006031   512019770001  N  0                       3241662 01/02/2022       USD           101           604     250632991
01 36992226  13420  M  APLACAL SAB.FRA750MG X10T                   1 571691120 571691120       000 571691120       000    0    0    0    0    0         1  7592601303145       21006031       21006031   512019770001  N  0                        039601 01/07/2022       USD           228           228     250632991
01 36992226  GT119  M  ASAPROL 81MG. X100CO                       1216510000001651000000       000       000       000    0    0    0    0    0         1  7591585261236       21005833       21005833   512019770001  N  0                           154 01/03/2023       USD           659          7905     250632991
01 36992226  12889  M  CAB 5 5MG 30TA                              6 386750000 386750000       0002320500000       000    0    0    0    0    0         1  7598055000258       21006031       21006031   512019770001  N  0                         TA018 01/12/2022       USD           154           926     250632991
01 36992226  12191  M  CARBAMAZEPINA AL200MG30TA                   6 745081370 784296179 2352888544470488220       000    0    0    5    0    0         1  7597758000503       21006031       21006031   512019770001  N  0                         DL070 01/07/2022       USD           297          1784     250632991
01 36992226  VP610  M  CETIRIVAX 10MG. X10CA.BL.                  12 278016386 308907095 3706885083336196632       000    0   10    0    0    0         1  7592432001654       21006031       21006031   512019770001  N  0                        200312 01/09/2023       USD           111          1331     250632991
01 36992226  12585  M  DICLOFENAC S 75/3MLX10AMP                   3 707200000 707200000       0002121600000       000    0    0    0    0    0         1  6921875010090       21006031       21006031   512019770001  N  0                       2004438 01/04/2023       USD           282           846     250632991
01 36992226  14433  M  FULBARYL 160/4.5MCGX60CAP                   154340000005434000000       0005434000000       000    0    0    0    0    0         1  7591585117182       21006031       21006031   512019770001  N  0                       LC57201 01/09/2022       USD          2168          2168     250632991
01 36992226  MG604  M  FULGRAM SUSP. 600/42,9 60CC                 315860000001586000000       0004758000000       000    0    0    0    0    0         1  7591585113139       21006031       21006031   512019770001  N  0                           325 01/11/2022       USD           633          1898     250632991
01 36992226  GQ014  N  HEDRALIV JBE. 120ML.                        3 645970000 645970000       0001937910000       000    0    0    0    0    0         1  7592454002301       21006031       21006031   512019770001  N  0                       3261054 01/02/2023       USD           258           773     250632991
01 36992226  FA003  M  HIDROTEN 12,5MG. X30TA                      3 659455810 659455810       0001978367430       000    0    0    0    0    0         1  7591821903791       21006031       21006031   512019770001  N  0                       2010028 01/11/2022       USD           263           789     250632991
01 36992226  HI240  M  MANITOL SOL. 18%N38 500CC.                  2 929446331 929446331       0001858892662       000    0    0    0    0    0         1  7592637001190       21006031       21006031   512019770001  N  0                       2000169 01/12/2023       USD           371           742     250632991
01 36992226  AP370  M  METREN 500MG.CAPS.VAG.X10                   4 971596898 971596898       0003886387592       000    0    0    0    0    0         1  7592601200314       21005833       21005833   512019770001  N  0                        126701 01/07/2023       USD           388          1551     250632991
01 36992226  LX102  M  MIGREN 650-50-1 X20CO                       2 702000000 702000000       0001404000000       000    0    0    0    0    0         1  7591585415738       21006031       21006031   512019770001  N  0                           516 01/10/2022       USD           280           560     250632991
01 36992226  ED470  M  NEMODINE 30MG. X20CO                        210660000001066000000       0002132000000       000    0    0    0    0    0         1  7592803000798       21005833       21005833   512019770001  N  0                       2102482 01/03/2024       USD           425           851     250632991
01 36992226  14577  M  NIFEDIPINA LAND10 X100TA                    2 800800000 800800000       0001601600000       000    0    0    0    0    0         1  7598008000571       21005833       21005833   512019770001  N  0                         T9085 01/09/2023       USD           320           639     250632991
01 36992226  ZP007  M  REFLUXYL SUSP.ORAL 120ML.                   116729276021672927602       0001672927602       000    0    0    0    0    0         2  7591651722937       21006031       21006031   512019770002  N  0                       2011087 01/11/2022       USD           667           667     250632991
02 36992226         76   66812615258           000           000   66812615258    0    0    0  000    0    0    0   23/04/2021 03:50:20 p.m.   PR           000           000             0            19           USD     250632991         26658
