01 36993038  LO539  M  AFLAMAX 50MG. X20TA                         7 533000000 533000000       0003731000000       000    0    0    0    0    0         1  7591196004451       21007693       21007693   512039310001  N  0                       I011071 01/02/2023       USD           201          1409     264785166
01 36993038  LO104  M  AIRON 5MG. X10TAB.MAST.                     6 373750000 373750000       0002242500000       000    0    0    0    0    0         1  7591196002549       21007796       21007796   512039310001  N  0                       I050902 01/05/2022       USD           141           847     264785166
01 36993038  LO139  M  ALERGOT SOL.OFT. 5CC.                       2 507000000 507000000       0001014000000       000    0    0    0    0    0         1  7591196002693       21007834       21007834   512039310001  N  0                        100283 01/11/2022       USD           191           383     264785166
01 36993038  14111  M  AMOXICILINA 500MG X 8 CAP                  24 273000000 273000000       0006552000000       000    0    0    0    0    0         1  7592236002024       21007203       21007203   512039310001  N  0                      BCA23002 01/02/2022       USD           103          2474     264785166
01 36993038  12134  M  AMPICILINA BM500 X100CA                     229575000002957500000       0005915000000       000    0    0    0    0    0         1  6930169708278       21007892       21007892   512039310001  N  0                        190457 01/03/2022       USD          1117          2234     264785166
01 36993038  10827  M  ANTAAR 5MG. X30TA                           212701000001270100000       0002540200000       000    0    0    0    0    0         1  7591519051896       21007796       21007796   512039310001  N  0                         31738 01/02/2024       USD           480           959     264785166
01 36993038  GT119  M  ASAPROL 81MG. X100CO                       1216510000001651000000       000       000       000    0    0    0    0    0         1  7591585261236       21007834       21007834   512039310001  N  0                           154 01/03/2023       USD           624          7482     264785166
01 36993038  GN629  M  AZITROMICINA GN 500 X 5                     6 702000000 702000000       0004212000000       000    0    0    0    0    0         1  7591585279460       21007796       21007796   512039310001  N  0                           317 01/11/2022       USD           265          1591     264785166
01 36993038  12025  M  CEFADROXILO DAC500 X10TA                   12 784875000 784875000       0009418500000       000    0    0    0    0    0         1  8906121690033       21007834       21007834   512039310001  N  0                          V117 01/06/2022       USD           296          3557     264785166
01 36993038  KN330  M  CURPINOL 25MG. X30CO                        313754000001375400000       0004126200000       000    0    0    0    0    0         1  7591955558225       21007892       21007892   512039310001  N  0                          0021 01/09/2023       USD           519          1558     264785166
01 36993038  PA874  M  DI EUDRIN 12,5MG. X24TA                    12 593125000 593125000       0007117500000       000    0    0    0    0    0         1  7591243812374       21007892       21007892   512039310001  N  0                       9199002 01/10/2023       USD           224          2688     264785166
01 36993038  MK076  M  ENALAPRIL +MK 20MG.X30TA                    6 453375000 453375000       0002720250000       000    0    0    0    0    0         1  7591519051643       21007796       21007796   512039310001  N  0                         31814 01/03/2023       USD           171          1027     264785166
01 36993038  GQ990  M  ENALAPRIL ELTER 20 X20TA                    6 292630000 292630000       0001755780000       000    0    0    0    0    0         1  7592454141000       21007796       21007796   512039310001  N  0                       3256509 01/11/2023       USD           111           663     264785166
01 36993038  GM169  M  ESPIRONOLACTONA MY 100X10                   312796116671279611667       0003838835001       000    0    0    0    0    0         1  7592601301127       21007892       21007892   512039310001  N  0                        158101 01/02/2023       USD           483          1450     264785166
01 36993038  13400  M  GLICAZET 500/2,5 MG X40TA                   211832109971183210997       0002366421994       000    0    0    0    0    0         1  7406076125303       21007796       21007796   512039310001  N  0                        J20038 01/10/2023       USD           447           894     264785166
01 36993038  QM340  M  LEPRIT 25MG. X30TA                          4 846950000 846950000       0003387800000       000    0    0    0    0    0         1  7703763363063       21007796       21007796   512039310001  N  0                       3263833 01/03/2023       USD           320          1279     264785166
01 36993038  MG399  M  LISILETIC 20/12,5 X30CO                     117290000001729000000       0001729000000       000    0    0    0    0    0         1  7591585114389       21007796       21007796   512039310001  N  0                           103 01/11/2022       USD           653           653     264785166
01 36993038  11502  M  LOPERAM 2MG. X10TA                          2 430836149 615480213 369288128 861672298       000    0    0   30    0    0         1  7592349723571       21007834       21007834   512039310001  N  0                       2007443 01/07/2025       USD           163           325     264785166
01 36993038  GN869  M  METFORMINA GN 500MG.X30CO                   6 780000000 780000000       0004680000000       000    0    0    0    0    0         1  7591585174680       21007796       21007796   512039310001  N  0                           118 01/12/2022       USD           295          1767     264785166
01 36993038  11536  M  OLMECAR 20MG. X30CO                         213000000001300000000       0002600000000       000    0    0    0    0    0         1  7591585318794       21007834       21007834   512039310001  N  0                          0391 01/11/2022       USD           491           982     264785166
02 36993038        120   90620659293           000           000   90620659293    0    0    0  000    0    0    0   26/04/2021 01:02:47 p.m.   PR           000           000             0            20           USD     264785166         34224
