01 36996826  14111  M  AMOXICILINA 500MG X 8 CAP                  24 273000000 273000000       0006552000000       000    0    0    0    0    0         1  7592236002024       21011121       21011121   512075270001  N  0                      BCA23002 01/02/2022       USD           102          2437     268883039
01 36996826  11740  M  BRASARTAN 80MG. X30CA                       221450000002145000000       0004290000000       000    0    0    0    0    0         1  7591821210486       21011121       21011121   512075270001  N  0                       2007107 01/08/2022       USD           798          1595     268883039
01 36996826  13581  M  CEFIXIMA 100MG SUSP.60ML                    118948326051894832605       0001894832605       000    0    0    0    0    0         1  7598252101017       21011121       21011121   512075270001  N  0                        200572 01/05/2023       USD           705           705     268883039
01 36996826  12085  M  CEVAX 500MG. X15CA.BLA                      3 482804178 596054541 3397510891448412534       000    0   10   10    0    0         1  7592432901381       21011121       21011121   512075270001  N  0                        200282 01/10/2022       USD           180           539     268883039
01 36996826  12085  M  CEVAX 500MG. X15CA.BLA                      1 482804178 596054541 113250363 482804178       000    0   10   10    0    0         1  7592432901381       21011121       21011121   512075270001  N  0                        200282 01/10/2022       USD           180           180     268883039
01 36996826  10298  M  CLAVOXILIN 250-62,5PPS120                   216848000001684800000       0003369600000       000    0    0    0    0    0         1  5600360011637       21011121       21011121   512075270001  N  0                     H0011139H 01/12/2021       USD           627          1253     268883039
01 36996826  GT004  M  COVENTROL 12,5MG. X30CO                     310335000001033500000       0003100500000       000    0    0    0    0    0         1  7591585365644       21011121       21011121   512075270001  N  0                           121 01/10/2022       USD           384          1153     268883039
01 36996826  CO245  M  EUSILEN 4MG. 2ML. X1KIT                     2 506478272 506478272       0001012956544       000    0    0    0    0    0         1  7591818113028       21011121       21011121   512075270001  N  0                         00328 01/08/2023       USD           188           377     268883039
01 36996826  FA019  M  FITEX  5MG. X30TA                           310582000001058200000       0003174600000       000    0    0    0    0    0         1  7591821904316       21011121       21011121   512075270001  N  0                       2006365 01/10/2022       USD           394          1181     268883039
01 36996826  FA017  M  FITEX 20MG. X2TA                            6 282892220 282892220       0001697353320       000    0    0    0    0    0         1  7591821904309       21011121       21011121   512075270001  N  0                       1908512 01/09/2021       USD           105           631     268883039
01 36996826  MK101  M  GABAPENTINA +MK 300MG. X20                  1 722670000 722670000       000 722670000       000    0    0    0    0    0         1  7591519008562       21011121       21011121   512075270001  N  0                         31831 01/03/2024       USD           269           269     268883039
01 36996826  13041  M  LETALOP 25MG X30CO                          311257036711125703671       0003377111013       000    0    0    0    0    0         1  7595368004195       21011121       21011121   512075270001  N  0                         12386 01/10/2022       USD           419          1256     268883039
01 36996826  MG365  M  LISILET 20MG. X30COMPR.                     116510000001651000000       0001651000000       000    0    0    0    0    0         1  7591585214379       21011121       21011121   512075270001  N  0                           135 01/11/2023       USD           614           614     268883039
01 36996826  CO185  M  MIOVIT GRAGEAS X10                          4 499427624 499427624       0001997710496       000    0    0    0    0    0         1  7591818118030       21011121       21011121   512075270001  N  0                         10020 01/02/2024       USD           186           743     268883039
01 36996826  MK036  M  PREDNISONA +MK5MG. X30TA                    3 870480000 870480000       0002611440000       000    0    0    0    0    0         1  7591519050806       21011121       21011121   512075270001  N  0                         31587 01/11/2025       USD           324           971     268883039
01 36996826  11893  M  TALYSTO 20MG. X1TA.MAST.                    6 103220000 103220000       000 619320000       000    0    0    0    0    0         1  7592454891400       21011121       21011121   512075270001  N  0                       3242997 01/03/2022       USD           038           230     268883039
01 36996826  KV199  M  TERAGRIP FORTE NOC X6 SOB.                  310188750001018875000       0003056625000       000    0    0    0    0    0         1  7591821801882       21011121       21011121   512075270001  N  0                       2009158 01/10/2022       USD           379          1137     268883039
01 36996826  12136  M  TONERVOL 5MG. X10TA                         1 513743303 611599170  97855867 513743303       000    0    0   16    0    0         1  7591821210431       21011121       21011121   512075270001  N  0                       1909074 01/11/2021       USD           191           191     268883039
01 36996826  12143  M  TONERVOL 5MG. X30TA                         117213625001721362500       0001721362500       000    0    0    0    0    0         1  7591821210547       21011121       21011121   512075270001  N  0                       1910203 01/01/2022       USD           640           640     268883039
01 36996826  MK339  M  VIAJESAN 50MG. X10TA                        2 443300000 443300000       000 886600000       000    0    0    0    0    0         1   769229220612       21011121       21011121   512075270001  N  0                       1100920 01/09/2022       USD           165           330     268883039
01 36996826  ED379  M  VIZERUL 150MG. JBE.120ML.                   1 676000000 676000000       000 676000000       000    0    0    0    0    0         1  7592803002389       21011121       21011121   512075270001  N  0                       2102489 01/02/2023       USD           251           251     268883039
01 36996826  12581  M  CEFIXIMA KMPLUS 400MGX10C                   234086000003408600000       0006817200000       000    0    0    0    0    0         2  6921875010809       21011121       21011121   512075270002  N  0                       2009465 01/09/2023       USD          1268          2535     268883039
01 36996826  14234  M  CLONEDEX 1+0.50+0.04 X20G                   6 523250000 523250000       0003139500000       000    0    0    0    0    0         2  8906121690262       21011121       21011121   512075270002  N  0                            22 01/06/2022       USD           195          1168     268883039
01 36996826  12059  M  OFAFLAN 12,5MG. X6 SUPOS.                   112609320101260932010       0001260932010       000    0    0    0    0    0         2  7591062016458       21011121       21011121   512075270002  N  0                        20087A 01/09/2022       USD           469           469     268883039
01 36996826  KV204  M  TERAGRIP FORTE GRAN.X6SOB.                  610188750001018875000       0006113250000       000    0    0    0    0    0         2  7591821802490       21011121       21011121   512075270002  N  0                       2009088 01/10/2022       USD           379          2274     268883039
02 36996826         88   62187523503           000           000   62187523503    0    0    0  000    0    0    0   28/04/2021 03:21:22 p.m.   PR           000           000             0            25           USD     268883039         23128
