01 36994752  MK005  M  AMLODIPINA +MK 5MG. X10TA                   9 187200000 187200000       0001684800000       000    0    0    0    0    0         1  7591519001334       21009196       21009196   512054100001  N  0                         31067 01/01/2024       USD           069           619     272132612
01 36994752  GN790  M  AMLODIPINA GN 5MG. X30CO                    6 637000000 637000000       0003822000000       000    0    0    0    0    0         1  7591585278166       21009114       21009114   512054100001  N  0                           384 01/02/2024       USD           234          1404     272132612
01 36994752  12137  M  ATENOLOL BM100MG. X100TA                    115210000001521000000       0001521000000       000    0    0    0    0    0         1  6930169708063       21009114       21009114   512054100001  N  0                        190446 01/03/2022       USD           559           559     272132612
01 36994752  LN335  M  COMPLEJO B LN COMP.AMP. X1                 12 357500000 357500000       0004290000000       000    0    0    0    0    0         1  7592348205009       21009114       21009114   512054100001  N  0                            30 01/10/2023       USD           131          1576     272132612
01 36994752  VC380  M  DIARONA 200MG. X10TA                        112553125001255312500       0001255312500       000    0    0    0    0    0         1  7592782000116       21009114       21009114   512054100001  N  0                       20A0009 01/11/2024       USD           461           461     272132612
01 36994752  14433  M  FULBARYL 160/4.5MCGX60CAP                   154340000005434000000       0005434000000       000    0    0    0    0    0         1  7591585117182       21009114       21009114   512054100001  N  0                       LC57201 01/09/2022       USD          1997          1997     272132612
01 36994752  12328  M  GENTAPLUS 0.3% 10ML                         4 370500000 370500000       0001482000000       000    0    0    0    0    0         1  8904030802042       21009114       21009114   512054100001  N  0                        190710 01/07/2022       USD           136           545     272132612
01 36994752  14384  M  KETOPROFENO TIAR100 10AMP                   129016000002901600000       0002901600000       000    0    0    0    0    0         1  8904187861770       21009114       21009114   512054100001  N  0                        N15662 01/03/2023       USD          1066          1066     272132612
01 36994752  13041  M  LETALOP 25MG X30CO                          311257036711125703671       0003377111013       000    0    0    0    0    0         1  7595368004195       21009196       21009196   512054100001  N  0                         12386 01/10/2022       USD           414          1241     272132612
01 36994752  LN165  M  MADECASSOL 2% POLVO 5GR.                    210481250001048125000       0002096250000       000    0    0    0    0    0         1  7592348218108       21009114       21009114   512054100001  N  0                       2102027 01/02/2026       USD           385           770     272132612
01 36994752  11794  M  MEZHITIN 10MG. X50CO                        220949773552094977355       0004189954710       000    0    0    0    0    0         1  7595368000050       21009114       21009114   512054100001  N  0                         12383 01/10/2022       USD           770          1540     272132612
01 36994752  KL419  M  MIGRADORIXINA 125-1 X10CO                   2 8840000001105000000 4420000001768000000       000    0    0   20    0    0         1  7591619518688       21009114       21009114   512054100001  N  0                          0005 01/07/2023       USD           325           650     272132612
01 36994752  13914  M  OLMESARTAN 20MGX30 TAB                      2 9609535001011530000 1011530001921907000       000    0    0    5    0    0         1  7592454003285       21009114       21009114   512054100001  N  0                       3255632 01/10/2022       USD           353           706     272132612
01 36994752  14222  M  OLMESARTAN 40MG X30                         213556595001427010000 1427010002711319000       000    0    0    5    0    0         1  7592454003278       21009114       21009114   512054100001  N  0                       3255634 01/10/2022       USD           498           996     272132612
01 36994752  12938  M  PIPERAZINA H. 500/5X120ML                   4 434687500 434687500       0001738750000       000    0    0    0    0    0         1  7594000850084       21009114       21009114   512054100001  N  0                        210208 01/02/2023       USD           160           639     272132612
01 36994752  LO235  M  SOLTIN SOL.OFT. 15CC.                       5 462515625 462515625       0002312578125       000    0    0    0    0    0         1  7591196000460       21009114       21009114   512054100001  N  0                        070824 01/01/2022       USD           170           850     272132612
01 36994752  PA053  M  TAMOA COMPR.MAST. 250MG. X6                 3 971651678 971651678       0002914955034       000    0    0    0    0    0         1  7591243849622       21009196       21009196   512054100001  N  0                       9213603 01/11/2022       USD           357          1071     272132612
01 36994752  LO215  M  TOBRASOL SOL.OFT. 5ML.                      6 394680000 493350000 5920200002368080000       000    0    0   20    0    0         1  7591196000491       21009114       21009114   512054100001  N  0                       I030881 01/04/2022       USD           145           870     272132612
01 36994752  VY024  C  VENDA DE YESO GYPSONA 4X3                   6 479385274 479385274       0002876311644 460209863    0    0    0    0    0         1  7594001560036       21009114       21009114   512054100001  N  0                          7740 01/07/2024       USD           176          1057     272132612
02 36994752         72   47789617382    2876311644     460209863   51126138889    0    0    0  000    0    0    0   27/04/2021 11:00:55 a.m.   PR           000           000             0            19           USD     272132612         18618
