01 36990817  PO115  M  ALGOREN 10MG. X20TA                         2 618800000 618800000       0001237600000       000    0    0    0    0    0         1  7592806133011       21005833       21005833   512017130001  N  0                        008083 01/08/2025       USD           246           491     251833148
01 36990817  14111  M  AMOXICILINA 500MG X 8 CAP                  12 247000000 247000000       0002964000000       000    0    0    0    0    0         1  7592236002024       21005833       21005833   512017130001  N  0                      BCA23002 01/02/2022       USD           098          1177     251833148
01 36990817  12024  M  AZITROMICINA DAC500 X3TA                   12 478400000 478400000       0005740800000       000    0    0    0    0    0         1  7598578000049       21005833       21005833   512017130001  N  0                          V168 01/09/2023       USD           190          2280     251833148
01 36990817  GN629  M  AZITROMICINA GN 500 X 5                    12 702000000 702000000       0008424000000       000    0    0    0    0    0         1  7591585279460       21005833       21005833   512017130001  N  0                           317 01/11/2022       USD           279          3345     251833148
01 36990817  GN091  M  CAPTOPRIL GN 25MG.X30CO                     4 487500000 487500000       0001950000000       000    0    0    0    0    0         1  7591585370167       21005833       21005833   512017130001  N  0                           118 01/12/2024       USD           194           774     251833148
01 36990817  12085  M  CEVAX 500MG. X15CA.BLA                      3 442728000 491920000 1475760001328184000       000    0   10    0    0    0         1  7592432901381       21005833       21005833   512017130001  N  0                        200278 01/10/2022       USD           176           527     251833148
01 36990817  13084  M  DAYZOL 600MG-4MG X20CO                      312090000001209000000       0003627000000       000    0    0    0    0    0         1  7591585117632       21005833       21005833   512017130001  N  0                           005 01/02/2023       USD           480          1440     251833148
01 36990817  12466  M  DEKORT 4MG. X20TA                           119482450001948245000       0001948245000       000    0    0    0    0    0         1  8699525019752       21005833       21005833   512017130001  N  0                       A088151 01/08/2022       USD           774           774     251833148
01 36990817  AH295  M  LASIX 20MG. X24CO                           3 603200000 603200000       0001809600000       000    0    0    0    0    0         1  7592205000037       21005833       21005833   512017130001  N  0                         31606 01/11/2023       USD           240           719     251833148
01 36990817  13089  M  OXITETRACICLINA OFTX6GR                     2 933366009 933366009       0001866732018       000    0    0    0    0    0         1  7597446000044       21005833       21005833   512017130001  N  0                         21210 01/12/2023       USD           371           741     251833148
01 36990817  GQ269  M  SILDENAFIL ELTER50MG.X1TA                  12  97500000  97500000       0001170000000       000    0    0    0    0    0         1  7592454173971       21005833       21005833   512017130001  N  0                       3242992 01/03/2022       USD           039           465     251833148
01 36990817  MK959  M  TIOCOLCHICOSIDO +MK 4MG.X12                 410688600001068860000       0004275440000       000    0    0    0    0    0         1  7591519007749       21005833       21005833   512017130001  N  0                         31608 01/12/2023       USD           424          1698     251833148
02 36990817         70   36341601018           000           000   36341601018    0    0    0  000    0    0    0   22/04/2021 02:40:17 p.m.   PR           000           000             0            12           USD     251833148         14431
