01 36991801  KV004  M  ANTILAX 2MG. X10TA                          3 325000000 325000000       000 975000000       000    0    0    0    0    0         1  7591821102095       21006916       21006916   512029880001  N  0                       2009018 01/09/2022       USD           130           389     250632991
01 36991801  FA424  M  ARANDA 5MG-100MG. X30CA                     222767795962710451900 8673446084553559192       000    0    0   16    0    0         1  7591821904378       21006916       21006916   512029880001  N  0                       2010070 01/10/2022       USD           908          1817     250632991
01 36991801  RZ220  M  AZITRODEX 500MG. X3TA                      12 620028240 620028240       0007440338880       000    0    0    0    0    0         1  7594001101352       21006916       21006916   512029880001  N  0                          5670 01/10/2022       USD           247          2969     250632991
01 36991801  MK103  M  DIOSMINA +MK 600MG. X14TA                   219377800001937780000       0003875560000       000    0    0    0    0    0         1  7591519051193       21006916       21006916   512029880001  N  0                         31753 01/02/2024       USD           773          1546     250632991
01 36991801  11499  M  FULGRAM 875MG-125MG X16CO                   222880000002288000000       0004576000000       000    0    0    0    0    0         1  7591585213198       21006916       21006916   512029880001  N  0                           599 01/11/2022       USD           913          1826     250632991
01 36991801  11351  M  MADECASSOL 1% UNG. 10GR.                    1 764504719 764504719       000 764504719       000    0    0    0    0    0         1  7592348413824       21006916       21006916   512029880001  N  0                       1910021 01/10/2024       USD           305           305     250632991
01 36991801  PG110  M  NINAZO GOTAS AD. 15ML.                      6 308750000 325000000  975000001852500000       000    0    5    0    0    0         1  7591821802957       21006916       21006916   512029880001  N  0                       2009012 01/03/2022       USD           123           739     250632991
01 36991801  LT017  M  TENSOMAX 30MG. LP X40CA                     222295000002229500000       0004459000000       000    0    0    0    0    0         1  7591585418432       21006916       21006916   512029880001  N  0                           162 01/12/2022       USD           890          1779     250632991
01 36991801  KL854  M  ZUDENINA 0,1%CR.TOP. 30GR                   114300000001430000000       0001430000000       000    0    0    0    0    0         1  7591619517797       21006916       21006916   512029880001  N  0                          0002 01/10/2023       USD           571           571     250632991
01 36991801  KL639  M  ZUDENINA 0,1%GEL TOP.30GR                   115158000001515800000       0001515800000       000    0    0    0    0    0         1  7591619517810       21006916       21006916   512029880001  N  0                          0001 01/02/2023       USD           605           605     250632991
01 36991801  LT284  M  ANTUX SOL.ORAL 180ML.                       113910000001391000000       0001391000000       000    0    0    0    0    0         2  7591585214706       21006916       21006916   512029880002  N  0                           276 01/11/2022       USD           555           555     250632991
01 36991801  BQ320  M  BROMEXINA BQ 4MG.120ML.                     6 491156250 491156250       0002946937500       000    0    0    0    0    0         2  7594000850985       21006916       21006916   512029880002  N  0                        201009 01/10/2022       USD           196          1176     250632991
02 36991801         39   35780200291           000           000   35780200291    0    0    0  000    0    0    0   23/04/2021 01:53:31 p.m.   PR           000           000             0            12           USD     250632991         14276
