01 37009142  14225  M  ACETAMI. GDG PHAR 500 X10                  48 148200000 148200000       0007113600000       000    0    0    0    0    0         1  7598307000098       21022658       21022658   512199860001  N  0                         SM011 01/07/2023       USD          052         2508    283656964
01 37009142  LO139  M  ALERGOT SOL.OFT. 5CC.                       1 699660000 699660000       000 699660000       000    0    0    0    0    0         1  7591196002693       21022389       21022389   512199860001  N  0                        021696 01/02/2023       USD          247          247    283656964
01 37009142  PO120  M  ALGOREN 40MG. X20TA                         210530000001053000000       0002106000000       000    0    0    0    0    0         1  7592806133028       21022389       21022389   512199860001  N  0                        009101 01/09/2025       USD          371          742    283656964
01 37009142  12640  M  AMOXICILINA DAC 500X10TA                   12 497087500 523250000 3139500005965050000       000    0    0    5    0    0         1  7598578000025       21022658       21022658   512199860001  N  0                          V164 01/09/2022       USD          175         2103    283656964
01 37009142  DP550  M  ATENOLOL DP 50MG. X30TA                     4 540221592 540221592       0002160886368       000    0    0    0    0    0         1  7592616011028       21022389       21022389   512199860001  N  0                         10192 01/01/2023       USD          190          762    283656964
01 37009142  LO484  M  CLARIX SOL.NASAL AD.15ML.                   2 557700000 557700000       0001115400000       000    0    0    0    0    0         1  7591196003171       21022698       21022698   512199860001  N  0                        041913 01/04/2026       USD          197          393    283656964
01 37009142  LO001  M  CLARIX SOL.NASAL PED.15ML                   2 557700000 557700000       0001115400000       000    0    0    0    0    0         1  7591196000101       21022698       21022698   512199860001  N  0                        021297 01/02/2026       USD          197          393    283656964
01 37009142  13927  M  CLAVUTAN 1000/125 X10TA                     215600000001560000000       0003120000000       000    0    0    0    0    0         1  8903489001747       21022698       21022698   512199860001  N  0                     ALT102001 01/09/2022       USD          550         1100    283656964
01 37009142  14770  M  DIGOXINA LAT0.25MG. X30TA                   4 910000000 910000000       0003640000000       000    0    0    0    0    0         1   720524031051       21022698       21022698   512199860001  N  0                       DGN4502 01/10/2023       USD          321         1283    283656964
01 37009142  GN146  M  ENALAPRIL GN 20MG. X30CO                    6 520000000 520000000       0003120000000       000    0    0    0    0    0         1  7591585378538       21022389       21022389   512199860001  N  0                           418 01/01/2023       USD          183         1100    283656964
01 37009142  FA019  M  FITEX  5MG. X30TA                           311544000001154400000       0003463200000       000    0    0    0    0    0         1  7591821904316       21022389       21022389   512199860001  N  0                       2006365 01/10/2022       USD          407         1221    283656964
01 37009142  FA017  M  FITEX 20MG. X2TA                            6 334327240 334327240       0002005963440       000    0    0    0    0    0         1  7591821904309       21022389       21022389   512199860001  N  0                       1908512 01/09/2021       USD          118          707    283656964
01 37009142  11499  M  FULGRAM 875MG-125MG X16CO                   226150800002615080000       0005230160000       000    0    0    0    0    0         1  7591585213198       21022698       21022698   512199860001  N  0                           591 01/11/2022       USD          922         1844    283656964
01 37009142  TQ530  M  GLIDAN 80MG. X20TA                          3 845000000 845000000       0002535000000       000    0    0    0    0    0         1  7591955002469       21022658       21022658   512199860001  N  0                          0026 01/11/2023       USD          298          894    283656964
01 37009142  LC409  M  MIGREN 650-50-1 X10CO                       4 442000000 442000000       0001768000000       000    0    0    0    0    0         1  7591585115737       21022389       21022389   512199860001  N  0                           509 01/09/2022       USD          156          623    283656964
01 37009142  GP480  M  NAFINA CREMA 1% 15GR.                       1 741000000 741000000       000 741000000       000    0    0    0    0    0         1  7594000491164       21022389       21022389   512199860001  N  0                          0023 01/07/2022       USD          261          261    283656964
01 37009142  PA045  M  PROPRANOLOL 40MG. X20TA                     210237500001023750000       0002047500000       000    0    0    0    0    0         1  7591243843101       21022389       21022389   512199860001  N  0                       9201301 01/11/2023       USD          361          722    283656964
01 37009142  PA051  M  PROPRANOLOL PA 10MG.X20TA                   2 650000000 650000000       0001300000000       000    0    0    0    0    0         1  7591243843064       21022389       21022389   512199860001  N  0                       9200701 01/09/2023       USD          229          458    283656964
01 37009142  12394  M  THYRONA 100MCG X100TA                       313564980001356498000       0004069494000       000    0    0    0    0    0         1  8904307700866       21022389       21022389   512199860001  N  0                      TT730006 01/07/2022       USD          478         1435    283656964
01 37009142  12395  M  THYRONA BP 50MCG 100TA                      611715210001171521000       0007029126000       000    0    0    0    0    0         1  8904307700859       21022389       21022389   512199860001  N  0                      TT720004 01/07/2022       USD          413         2478    283656964
01 37009142  LO514  M  MOVIMEX 15MG. X10TA                         4 641355000 641355000       0002565420000       000    0    0    0    0    0         2  7591196004093       21022389       21022389   512199860002  N  0                       I110043 01/11/2022       USD          226          904    283656964
02 37009142        119   62910859808           000           000   62910859808    0    0    0  000    0    0    0   11/05/2021 02:03:40 p.m.   PR           000           000             0            21           USD    283656964        22179
