01 37005903  NP003  M  CALCIBON D 1500/200 X30                     320670000002067000000       0006201000000       000    0    0    0    0    0         1  7591821101029       21018928       21018928   512166330001  N  0                       2009843 01/06/2023       USD          721         2163    286632452
01 37005903  LP640  M  FERGANIC 40MG. X24CA                        214560000001456000000       0002912000000       000    0    0    0    0    0         1  7591955001257       21018928       21018928   512166330001  N  0                          0145 01/03/2024       USD          508         1016    286632452
01 37005903  PD109  M  FERGANIC FOLIC TM X20                       315444000001544400000       0004633200000       000    0    0    0    0    0         1  7591955002797       21018928       21018928   512166330001  N  0                          0294 01/11/2024       USD          539         1616    286632452
01 37005903  KN280  M  FERGANIC FOLIC TM X30                       221450000002145000000       0004290000000       000    0    0    0    0    0         1  7591955003053       21018928       21018928   512166330001  N  0                          0296 01/02/2025       USD          748         1497    286632452
01 37005903  13402  M  HATIAL 100 MG X30TAB                        225535728302553572830       0005107145660       000    0    0    0    0    0         1  7406076125228       21018928       21018928   512166330001  N  0                         20006 01/12/2022       USD          891         1782    286632452
01 37005903  GQ164  M  MELOXICAM ELTE15MG. X10TA                   6 625300000 625300000       0003751800000       000    0    0    0    0    0         1  7592454162050       21018928       21018928   512166330001  N  0                       3263005 01/02/2024       USD          218         1309    286632452
01 37005903  CO185  M  MIOVIT GRAGEAS X10                          3 494433347 549370385 1648111141483300041       000    0    0   10    0    0         1  7591818118030       21018928       21018928   512166330001  N  0                         10020 01/02/2024       USD          172          517    286632452
01 37005903  PD104  M  POLI-OTICO GOTAS 5 CC.                      3 718900000 910000000 5733000002156700000       000    0    0   21    0    0         1  7591955002278       21018928       21018928   512166330001  N  0                          0094 01/07/2022       USD          251          752    286632452
01 37005903  LQ210  N  PROSTALIFE CAPS. X30                        123124843502312484350       0002312484350       000    0    0    0    0    0         1  7592307001451       21018928       21018928   512166330001  N  0                      04261020 01/10/2022       USD          807          807    286632452
01 37005903  FA001  M  REGULIP 10MG. X30TA                         224960000002496000000       0004992000000       000    0    0    0    0    0         1  7591821903739       21018928       21018928   512166330001  N  0                       2008652 01/08/2022       USD          871         1742    286632452
01 37005903  PO100  M  ACETOBEN JBE. 120ML.                        1 807857180 807857180       000 807857180       000    0    0    0    0    0         2  7592806121018       21018928       21018928   512166330002  N  0                        908062 01/08/2021       USD          282          282    286632452
02 37005903         28   38647487231           000           000   38647487231    0    0    0  000    0    0    0   06/05/2021 04:25:09 p.m.   PR           000           000             0            11           USD    286632452        13483
