01 37006503  HH410  M  ALVONIDE INH.200MCG.300D.                   131586100003158610000       0003158610000       000    0    0    0    0    0         1  8904091110179       21020903       21020903   512184990001  N  0                      12200658 01/10/2022       USD         1109         1109    284760943
01 37006503  MY105  M  ARBIXIL 7,5-5 JBE.PED.120                   115521122841552112284       0001552112284       000    0    0    0    0    0         1  7592601100638       21020903       21020903   512184990001  N  0                        024301 01/05/2023       USD          545          545    284760943
01 37006503  13673  C  CEP DENT C.CLEAN MX12 ICE                   110296000001029600000       0001029600000 164736000    0    0    0    0    0         1 27597297000495       21020721       21020721   512184990001  N  0                           10X 01/01/2030       USD          362          362    284760943
01 37006503  13675  C  CEP DENT WAVE MX12 ICEBER                   1 748800000 748800000       000 748800000 119808000    0    0    0    0    0         1 27597297000501       21020721       21020721   512184990001  N  0                           10X 01/01/2030       USD          263          263    284760943
01 37006503  LN335  M  COMPLEJO B LN COMP.AMP. X1                  6 483437501 483437501       0002900625006       000    0    0    0    0    0         1  7592348205009       21020903       21020903   512184990001  N  0                            30 01/10/2023       USD          170         1019    284760943
01 37006503  QM490  M  DICIGEL SUSP. 240ML.                        117504500001750450000       0001750450000       000    0    0    0    0    0         1  7592454889216       21020272       21020272   512184990001  N  0                       3258317 01/11/2022       USD          615          615    284760943
01 37006503  10881  M  DIDEROT AMP X1ML 50MG 5MG                   136517000003651700000       0003651700000       000    0    0    0    0    0         1  7502214984983       21019997       21019997   512184990001  N  0                         90540 01/07/2022       USD         1282         1282    284760943
01 37006503  PA050  M  ERILON 0,05% CREMA 15GR.                    1 933757345 933757345       000 933757345       000    0    0    0    0    0         1  7591243815757       21020721       21020721   512184990001  N  0                       9233102 01/11/2022       USD          328          328    284760943
01 37006503  14118  M  FANASAL PED. X15ML GTAS                     6 234000000 234000000       0001404000000       000    0    0    0    0    0         1  7592236002222       21020903       21020903   512184990001  N  0                          3941 01/04/2023       USD          082          493    284760943
01 37006503  KN400  M  FERGANIC FOLIC GOTAS 30ML.                  313000000001300000000       0003900000000       000    0    0    0    0    0         1  7591955003077       21019781       21019781   512184990001  N  0                          0070 01/07/2022       USD          457         1370    284760943
01 37006503  12220  M  HATIAL 50MG X30TA                           118192340301819234030       0001819234030       000    0    0    0    0    0         1  7406076125211       21019781       21019781   512184990001  N  0                         20005 01/12/2022       USD          639          639    284760943
01 37006503  14298  M  HYPERSOL B SPRAY 100X100D                   220592000002059200000       0004118400000       000    0    0    0    0    0         1  7795373011700       21020903       21020903   512184990001  N  0                           208 01/07/2022       USD          723         1446    284760943
01 37006503  MY255  M  IMAZOL 1% SOL.TOP.  20ML.                   2 808897375 808897375       0001617794750       000    0    0    0    0    0         1  7592601100461       21020687       21020687   512184990001  N  0                        909501 01/09/2022       USD          284          568    284760943
01 37006503  MY005  M  IMAZOL SOL.SPRAY 1% 25ML.                   116873599251687359925       0001687359925       000    0    0    0    0    0         1  7592601100447       21020687       21020687   512184990001  N  0                        927902 01/11/2022       USD          593          593    284760943
01 37006503  ED300  M  LOREX COMPR. 10MG. X10                     12 427050000 427050000       0005124600000       000    0    0    0    0    0         1  7592803000729       21020272       21020272   512184990001  N  0                       2101474 01/02/2024       USD          150         1800    284760943
01 37006503  12578  M  PENICILINA KMP 1.200.000U                   6 231833333 231833333       0001390999998       000    0    0    0    0    0         1  6921875010762       21020687       21020687   512184990001  N  0                       2009460 01/09/2023       USD          081          488    284760943
01 37006503  CO125  M  PINVEX SOL.TOP.BUCAL 10ML                   2 587677306 587677306       0001175354612       000    0    0    0    0    0         1  7591818111055       21020687       21020687   512184990001  N  0                         00457 01/10/2025       USD          206          413    284760943
01 37006503  12394  M  THYRONA 100MCG X100TA                       613564980001356498000       0008138988000       000    0    0    0    0    0         1  8904307700866       21019997       21019997   512184990001  N  0                      TT730006 01/07/2022       USD          476         2858    284760943
01 37006503  14240  M  VALSARTAN.H 160/12,5MGX14                   111115000001111500000       0001111500000       000    0    0    0    0    0         1  7598307000135       21019781       21019781   512184990001  N  0                         SM007 01/07/2023       USD          390          390    284760943
01 37006503  PA226  M  YONAL 15MG. JBE. 120ML.                     3 822007982 822007982       0002466023946       000    0    0    0    0    0         1  7591243856705       21020802       21020802   512184990001  N  0                       9245902 01/03/2024       USD          289          866    284760943
02 37006503         58   47901509896    1778400000     284544000   49964453896    0    0    0  000    0    0    0   10/05/2021 09:37:12 a.m.   PR           000           000             0            20           USD    284760943        17446
