01 37002835  GQ035  M  ALBENDAZOL LS 200MG. X2TA                  12 214500000 214500000       0002574000000       000    0    0    0    0    0         1  7592454003261       21016166       21016166   512136990001  N  0                       3253211 01/09/2023       USD          077          920    279686881
01 37002835  GQ909  M  ATORVASTATINA ELTER 40X14                   611824800001182480000       0007094880000       000    0    0    0    0    0         1  7703763200887       21016166       21016166   512136990001  N  0                       3261958 01/02/2023       USD          423         2537    279686881
01 37002835  DP026  M  CLOTRIMAZOL DP10%CR.V.7GR                   3 714628415 714628415       0002143885245       000    0    0    0    0    0         1  7592616584157       21016166       21016166   512136990001  N  0                         10199 01/02/2024       USD          256          767    279686881
01 37002835  VC450  M  FUGOLIN CR.VAG. 50GR.                       314993465051499346505       0004498039515       000    0    0    0    0    0         1  7592782000307       21016166       21016166   512136990001  N  0                       2120006 01/03/2023       USD          536         1608    279686881
01 37002835  LT046  M  GENLET 200MG. X20CO                         213650000001365000000       0002730000000       000    0    0    0    0    0         1  7591585110183       21016166       21016166   512136990001  N  0                           050 01/11/2022       USD          488          976    279686881
01 37002835  AP270  M  IBUTAN 100MG. SUSP.60ML.                    2 661010827 661010827       0001322021654       000    0    0    0    0    0         1  7592601200192       21016166       21016166   512136990001  N  0                        922501 01/08/2023       USD          236          473    279686881
01 37002835  PA089  M  LESTECOL TAB. 40MG. X30                     321623196572162319657       0006486958971       000    0    0    0    0    0         1  7591243830088       21016166       21016166   512136990001  N  0                       9234602 01/02/2023       USD          773         2319    279686881
01 37002835  LX320  M  LETISAN 500MG. X30CA                        611440000001144000000       0006864000000       000    0    0    0    0    0         1  7591585414861       21016166       21016166   512136990001  N  0                           424 01/10/2023       USD          409         2454    279686881
01 37002835  LN185  N  MADECASSOL 10MG. X30TA                      121037242532103724253       0002103724253       000    0    0    0    0    0         1  7592348413848       21016166       21016166   512136990001  N  0                       2008002 01/08/2025       USD          752          752    279686881
01 37002835  LO550  M  QUINOTIC 0,30%S.OTICA 5ML                   6 601737500 601737500       0003610425000       000    0    0    0    0    0         1  7591196000620       21016166       21016166   512136990001  N  0                        110155 01/11/2022       USD          215         1291    279686881
01 37002835  GQ304  M  SERTRALINA ELTER 50 X 10                    6 536380000 536380000       0003218280000       000    0    0    0    0    0         1  7703763190164       21016166       21016166   512136990001  N  0                       3256022 01/10/2022       USD          192         1151    279686881
01 37002835  EH460  M  SERTRALINA VP 50MG. X10TA                  12 563420000 563420000       0006761040000       000    0    0    0    0    0         1  7703153018757       21016166       21016166   512136990001  N  0                       1262975 01/09/2021       USD          201         2417    279686881
01 37002835  CO520  M  KATIVIL SOL.ORAL 120ML.                     211668103851296455983 2592911962333620770       000    0    0   10    0    0         2  7591818111147       21016166       21016166   512136990002  N  0                         00272 01/07/2023       USD          417          834    279686881
01 37002835  13424  M  KATIVIL SOL.ORAL S/A 120M                   211668103851296455983 2592911962333620770       000    0    0   10    0    0         2  7591818716694       21016166       21016166   512136990002  N  0                         00316 01/08/2023       USD          417          834    279686881
02 37002835         66   54074496178           000           000   54074496178    0    0    0  000    0    0    0   04/05/2021 01:06:18 p.m.   PR           000           000             0            14           USD    279686881        19334
