01 37019645  12673  M  DIOSMINA DAC 600MG X10TA                    319229004342065414000 4275406985768701302       000    0    0    5    0    2         1  8906121690064       21030039       21030039   512283890001  N  0                          V165 01/09/2023       USD          656         1968    293194940
01 37019645  13492  M  DOMPERIDONA 10MGX30 TAB                     1 649740000 663000000  13260000 649740000       000    0    0    0    0    2         1  7598176000212       21030039       21030039   512283890001  N  0                       TEM1266 01/08/2023       USD          222          222    293194940
01 37019645  LC289  N  FEMADONNA 40MG. X20CO                       2 840840000 858000000  343200001681680000       000    0    0    0    0    2         1  7591585212214       21030049       21030049   512283890001  N  0                           049 01/11/2022       USD          287          574    293194940
01 37019645  12908  M  GLAMOR SOL. OF 0.2% 10ML                    2 428064000 436800000  17472000 856128000       000    0    0    0    0    2         1  7598055000210       21030049       21030049   512283890001  N  0                           240 01/02/2022       USD          146          292    293194940
01 37019645  13526  N  MAGALEX 100MG X60CA                         120992335002142075000  428415002099233500 335877360    0    0    0    0    2         1  7591821210622       21029381       21029381   512283890001  N  0                       2010026 01/10/2022       USD          716          716    293194940
01 37019645  SA520  M  MESIGYNA INSTAYECT 1ML.                     324560172002506140000 1503684007368051600       000    0    0    0    0    2         1  7501303443318       21030049       21030049   512283890001  N  0                       XB30LG4 01/05/2022       USD          838         2513    293194940
01 37019645  EH210  M  SECNIDAZOL VP 1GR. X2TA                     6 430931937 439726466  527671742585591622       000    0    0    0    0    2         1  7703153019914       21029495       21029495   512283890001  N  0                       1336222 01/02/2024       USD          147          882    293194940
01 37019645  11600  C  BARR DER.BIOS P.GRASA 90                   12 291847920 323700000 7644499203502175040 560348006    0    0    8    0    2         2  7595481000234       21030039       21029084   512283890002  N  0                        210201 01/02/2025       USD          100         1194    293194940
01 37019645  11600  C  BARR DER.BIOS P.GRASA 90                   12 291847920 323700000 7644499203502175040 560348006    0    0    8    0    2         2  7595481000234       21029084       21029084   512283890002  N  0                        210201 01/02/2025       USD          100         1194    293194940
01 37019645  11601  C  BARR DER.BIOS P.SECA 90                    12 291847920 323700000 7644499203502175040 560348006    0    0    8    0    2         2  7595481000241       21030039       21029084   512283890002  N  0                        201001 01/10/2024       USD          100         1194    293194940
01 37019645  11601  C  BARR DER.BIOS P.SECA 90                    12 291847920 323700000 7644499203502175040 560348006    0    0    8    0    2         2  7595481000241       21029084       21029084   512283890002  N  0                        201001 01/10/2024       USD          100         1194    293194940
01 37019645  GI720  C  GILLETTE D.BOL. C.W 60GR.                   6 359600247 366939028  440326862157601482 345216237    0    0    0    0    2         2       75045555       21030049       21030049   512283890002  N  0                    10812033L1 01/01/2030       USD          123          736    293194940
01 37019645  SQ170  C  LUBRIX GEL FRESA 60CC.                      2 462343518 471779100  18871164 924687036 147949926    0    0    0    0    2         2  7592904000444       21030049       21030049   512283890002  N  0                           105 01/02/2024       USD          158          315    293194940
01 37019645  SQ190  C  LUBRIX GEL MENTA 60CC.                      2 462343518 471779100  18871164 924687036 147949926    0    0    0    0    2         2  7592904000451       21030049       21030049   512283890002  N  0                           030 01/12/2023       USD          158          315    293194940
01 37019645  PB089  C  OVERSKIN 40% CR. 50GR.                      2 733300266 748265578  299306241466600532 234656085    0    0    0    0    2         2  7591309000622       21029381       21029381   512283890002  N  0                      A2103019 01/03/2024       USD          250          500    293194940
01 37019645  ZK011  C  PILA PK LITIO CR2025 3VX5                   2 497497000 507650000  20306000 994994000 159199040    0    0    0    0    2         2  6949917429990       21030059       21030059   512283890002  N  0                           10X 01/01/2030       USD          170          339    293194940
01 37019645  14109  M  ACETAMINOFEN JBE X120ML                    48 442205400 451230000 649771200       000       000    0    0    0    0    2         3  7592236001980       21029605       21029084   512283890003  N  0                          2431 01/03/2023       USD          151         7240    293194940
01 37019645  14109  M  ACETAMINOFEN JBE X120ML                    24 442205400 451230000 649771200       000       000    0    0    0    0    2         3  7592236001980       21029084       21029084   512283890003  N  0                          2431 01/03/2023       USD          151         3620    293194940
01 37019645  GQ474  M  CEFADROXILO ELTER250 60ML                   1 9920638001012310000  20246200 992063800       000    0    0    0    0    2         3  7703763180318        2637234       21028299   512283890003  N  0                       3237479 01/01/2022       USD          338          338    293194940
01 37019645  AP230  M  FERROCE B12 JBE. 120ML.                     113016877181328252773  265650551301687718       000    0    0    0    0    2         3  7592601200147       21029381       21029381   512283890003  N  0                        003301 01/08/2021       USD          444          444    293194940
01 37019645  CO011  M  MIOVIT JARABE 180ML.                        212674973771437071856 3391489582534994754       000    0    0   10    0    2         3  7591818251393        2637236       21030544   512283890003  N  0                         10072 01/03/2023       USD          432          865    293194940
01 37019645  GQ107  M  ACETAMINOFEN ELTER JBE120                  12 454690600 463970000 3340584005456287200       000    0    0    0    0    2         4  7592454003100       21030039       21029084   512283890004  N  0                       3266303 01/04/2024       USD          155         1861    293194940
01 37019645  GQ107  M  ACETAMINOFEN ELTER JBE120                  24 454690600 463970000 334058400       000       000    0    0    0    0    2         4  7592454003100       21029084       21029084   512283890004  N  0                       3266303 01/04/2024       USD          155         3722    293194940
01 37019645  NP007  M  BETADINE 10% SO.TOP.120ML                   316147950001647750000  988650004844385000       000    0    0    0    0    2         4  7591821102231       21030039       21030039   512283890004  N  0                       2009823 01/11/2022       USD          551         1652    293194940
01 37019645  QO540  M  BROXOL ALERG S.ORAL 100ML                   311941202001218490000  731094003582360600       000    0    0    0    0    2         4  7592454889513       21029084       21029084   512283890004  N  0                       3265283 01/04/2023       USD          407         1222    293194940
01 37019645  AP230  M  FERROCE B12 JBE. 120ML.                     113016877181328252773  265650551301687718       000    0    0    0    0    2         4  7592601200147       21029381       21029381   512283890004  N  0                        003301 01/08/2021       USD          444          444    293194940
01 37019645  RN110  C  GERDEX SOL. SPRAY 240CC.                    2 445136263 454220677  18168828 890272526 142443604    0    0    0    0    2         4  7591838000117       21030049       21030049   512283890004  N  0                       3240036 01/04/2024       USD          152          304    293194940
01 37019645  AP440  M  PLEXAMIN JBE. 120ML.                        612469476601272395571 1526874667481685960       000    0    0    0    0    2         4  7592601200413       21030059       21030059   512283890004  N  0                        116601 01/10/2022       USD          425         2552    293194940
01 37019645  FS018  N  SOLUCION NEBULI 0,9%120ML                   6 248430000 253500000  304200001490580000       000    0    0    0    0    2         4  7592368003319       21030059       21030059   512283890004  N  0                       0920063 01/03/2022       USD          085          508    293194940
02 37019645        213   92746221974   21367542772    3754684204  117868448950    0    0    0  000    0    0    0   18/05/2021 01:07:58 p.m.   PR           000           000             0            25           USD    293194940        38921
