01 37018917  12696  C  DETERGENTE L A&H JA 1,47L                   213580840001385800000  554320002716168000 434586880    0    0    0    0    2         1   033200099949       21030039       21030039   512283830001  N  0                        YYO207 01/01/2030       USD          458          916    296667896
01 37018917  12697  C  DETERGENTE EX.LI T 1.50LT                   211759020001199900000  479960002351804000 376288640    0    0    0    0    2         2   094514424049       21030039       21030039   512283830002  N  0                        YYO182 01/01/2030       USD          396          793    296667896
01 37018917  12704  C  RECOLECTOR O. HMD X100UND                   256756700005791500000 231660000       0001816214400    0    0    0    0    2         3  7595651000071       21030059       21030059   512283830003  N  0                           10X 01/01/2030       USD         1913         3826    296667896
01 37018917  13710  C  GEL ANTB. 70% 1LT                           313663650001394250000  836550004099095000 655855200    0    0    0    0    2         4  7595651000415       21030049       21030049   512283830004  N  0                       BGAL003 01/10/2022       USD          461         1382    296667896
01 37018917  14063  C  BENZADEX CLIN SPRAY 120CC                   2 435708000 468000000  64584000 871416000 139426560    0    0    5    0    2         5  7596055000025       21030039       21030039   512283830005  N  0                      BC210302 01/03/2024       USD          147          294    296667896
01 37018917  14168  C  ACE DET. MAX. LIMP. 500GR                   6 405718519 413998489  496798202434311114 389489778    0    0    0    0    2         6  7501007445557       21030039       21030039   512283830006  N  0                    020143576B 01/01/2030       USD          137          821    296667896
01 37018917  14169  C  ACE DET. MAX. LIMP. 800GR                   6 618237743 630854840  757025823709426458 593508233    0    0    0    0    2         7  7500435138758       21030039       21030039   512283830007  N  0                    018943572E 01/01/2030       USD          208         1250    296667896
01 37018917  13260  A  ACEITE MAZEITE 1LT                         12 964418000 984100000 236184000       000       000    0    0    0    0    2         8  7591002000745       21030039       21030039   512283830008  N  0                        379395 01/04/2022       USD          325         3901    296667896
01 37018917  BQ131  M  ACETAMINOFEN BQ120MG100ML                  12 467796875 477343750 1145625005613562500       000    0    0    0    0    2         9  7594000850855       21029605       21029605   512283830009  N  0                        210307 01/03/2023       USD          158         1892    296667896
01 37018917  BQ131  M  ACETAMINOFEN BQ120MG100ML                  12 467796875 477343750 1145625005613562500       000    0    0    0    0    2        10  7594000850855       21029605       21029605   512283830010  N  0                        210307 01/03/2023       USD          158         1892    296667896
01 37018917  BQ131  M  ACETAMINOFEN BQ120MG100ML                  12 467796875 477343750 1145625005613562500       000    0    0    0    0    2        11  7594000850855       21029605       21029605   512283830011  N  0                        210307 01/03/2023       USD          158         1892    296667896
01 37018917  BQ131  M  ACETAMINOFEN BQ120MG100ML                  12 467796875 477343750 1145625005613562500       000    0    0    0    0    2        12  7594000850855       21029605       21029605   512283830012  N  0                        210307 01/03/2023       USD          158         1892    296667896
02 37018917         83   34027266000   27533560572    4405369692   65966196264    0    0    0  000    0    0    0   17/05/2021 09:27:38 p.m.   PR           000           000             0            12           USD    296667896        20751
