01 37023184  VP529  M  ALBISEC CAPS. X12                           111611600001161160000       0001161160000       000    0    0    0    0    0         1  7703153037512        2637252       21033806   512352600001  N  0                       1325178 01/11/2023       USD          384          384    302692927
01 37023184  14342  C  AMY GEL AB 100CC.                          12 109828393 109828393       0001317940716 210870515    0    0    0    0    0         1  7591061400210        2637251       21033364   512352600001  N  0                      20704091 01/07/2022       USD          036          435    302692927
01 37023184  11801  M  ANTAAR HCT 2,5-6,25 X30TA                   219240000001924000000       0003848000000       000    0    0    0    0    0         1  7591519317367        2637252       21033806   512352600001  N  0                         31378 01/07/2023       USD          636         1271    302692927
01 37023184  KF200  M  DERMAZOL 0,05% UNG.30GR.                    115730000001573000000       0001573000000       000    0    0    0    0    0         1  7591619519043        2637251       21033364   512352600001  N  0                          0048 01/03/2023       USD          520          520    302692927
01 37023184  AO140  M  DOL PLUS TAB. X20                           2 678600000 678600000       0001357200000       000    0    0    0    0    0         1  7591519005141        2637252       21033806   512352600001  N  0                         31835 01/03/2024       USD          224          448    302692927
01 37023184  VM017  M  ESQUIDONE 1MG. X30TA                        3 900900000 900900000       0002702700000       000    0    0    0    0    0         1  7591020080538        2637251       21033364   512352600001  N  0                            26 01/03/2023       USD          298          893    302692927
01 37023184  VM018  M  ESQUIDONE 2MG. X30TA                        613013000001301300000       0007807800000       000    0    0    0    0    0         1  7591020080590        2637251       21033364   512352600001  N  0                            22 01/03/2023       USD          430         2579    302692927
01 37023184  13114  M  FINASTERIDE +MK 5MG X10TA                   3 812500000 812500000       0002437500000       000    0    0    0    0    0         1  7591519317794        2637252       21033806   512352600001  N  0                         31723 01/02/2024       USD          268          805    302692927
01 37023184  VC450  M  FUGOLIN CR.VAG. 50GR.                       215025997391502599739       0003005199478       000    0    0    0    0    0         1  7592782000307        2637252       21033806   512352600001  N  0                       2120006 01/03/2023       USD          496          993    302692927
01 37023184  10876  C  GUANTE QUIRU ONEUP 8.0                      6 336960000 336960000       0002021760000 323481600    0    0    0    0    0         1  7596370000199        2637251       21033364   512352600001  N  0                 203038197SLZA 01/02/2022       USD          111          668    302692927
01 37023184  GQ014  N  HEDRALIV JBE. 120ML.                        2 953030000 953030000       0001906060000       000    0    0    0    0    0         1  7592454002301        2637252       21033806   512352600001  N  0                       3265317 01/04/2023       USD          315          630    302692927
01 37023184  11782  M  LETISAN 500MG. X10CA                        3 397800000 397800000       0001193400000       000    0    0    0    0    0         1  7591585314864        2637252       21033806   512352600001  N  0                           427 01/11/2023       USD          131          394    302692927
01 37023184  11418  M  LODESTAR HCT 50-12,5 30TA                   613813800001381380000       0008288280000       000    0    0    0    0    0         1  7591020080972        2637252       21033806   512352600001  N  0                            11 01/03/2023       USD          456         2738    302692927
01 37023184  GQ164  M  MELOXICAM ELTE15MG. X10TA                   3 689130000 689130000       0002067390000       000    0    0    0    0    0         1  7592454162050        2637252       21033806   512352600001  N  0                       3263005 01/02/2024       USD          228          683    302692927
01 37023184  NP024  M  NOTOLAC 20MG. X10TA                         2 845663650 845663650       0001691327300       000    0    0    0    0    0         1  7591821902022        2637252       21033806   512352600001  N  0                       2101002 01/03/2024       USD          279          559    302692927
01 37023184  12579  M  PENICILINA KMP 2.400.00UI                   6 305364583 305364583       0001832187498       000    0    0    0    0    0         1  6921875010779        2637251       21033364   512352600001  N  0                       2009461 01/09/2023       USD          101          605    302692927
01 37023184  12008  M  PERTEN 1%GEL TOPICO 20GR.                   1 854195628 854195628       000 854195628       000    0    0    0    0    0         1  7592601301820        2637252       21033806   512352600001  N  0                        036902 01/10/2022       USD          282          282    302692927
01 37023184  11249  M  REGULIP 10MG. X10TA                         2 929500000 929500000       0001859000000       000    0    0    0    0    0         1  7591821210271        2637252       21033806   512352600001  N  0                       2008652 01/08/2022       USD          307          614    302692927
01 37023184  KN104  M  RIDAL 1MG. SOL.ORAL 20ML.                   210400000001040000000       0002080000000       000    0    0    0    0    0         1  7594000491799        2637251       21033364   512352600001  N  0                          0032 01/01/2024       USD          344          687    302692927
01 37023184  KN380  M  ROWELUK 5MG. X30TA.MAST.                    212870000001287000000       0002574000000       000    0    0    0    0    0         1  7591619517278        2637251       21033364   512352600001  N  0                          0006 01/11/2023       USD          425          850    302692927
01 37023184  GN091  M  CAPTOPRIL GN 25MG.X30CO                     3 513500000 513500000       0001540500000       000    0    0    0    0    0         2  7591585370167        2637252       21033806   512352600002  N  0                           118 01/12/2024       USD          170          509    302692927
01 37023184  LT038  M  COVENTROL 6,25MG. X30CO                     6 741000000 741000000       0004446000000       000    0    0    0    0    0         2  7591585265630        2637251       21033364   512352600002  N  0                           122 01/10/2022       USD          245         1469    302692927
02 37023184         76   54224899904    3339700716     534352115   58098952735    0    0    0  000    0    0    0   20/05/2021 10:38:35 a.m.   PR           000           000             0            22           USD    302692927        19017
