01 37022622  VM780  M  AMOXIVAL 250MG.PPSO 90ML.                   210190625001019062500       0002038125000       000    0    0    0    0    0         1  7591020000758        2637242       21031374   512322090001  N  0                           413 01/10/2022       USD          345          690    295484436
01 37022622  13134  M  ANTAAR +MK 2,5MG X10TA                      2 474500000 474500000       000 949000000       000    0    0    0    0    0         1  7591519317718        2637244       21031376   512322090001  N  0                         31715 01/02/2024       USD          161          321    295484436
01 37022622  MY105  M  ARBIXIL 7,5-5 JBE.PED.120                   215521122841552112284       0003104224568       000    0    0    0    0    0         1  7592601100638        2637243       21031375   512322090001  N  0                        024301 01/05/2023       USD          525         1051    295484436
01 37022622  DP550  M  ATENOLOL DP 50MG. X30TA                     4 560849644 560849644       0002243398576       000    0    0    0    0    0         1  7592616011028        2637247       21031376   512322090001  N  0                         10192 01/01/2023       USD          190          759    295484436
01 37022622  DP550  M  ATENOLOL DP 50MG. X30TA                     3 560849644 560849644       0001682548932       000    0    0    0    0    0         1  7592616011028        2637244       21031376   512322090001  N  0                         10192 01/01/2023       USD          190          569    295484436
01 37022622  PO170  M  ATROBEL 10MG X15ML GTA                      2 975000000 975000000       0001950000000       000    0    0    0    0    0         1  7592806123012        2637239       21031371   512322090001  N  0                        012149 01/12/2022       USD          330          660    295484436
01 37022622  PO180  M  BACTRON SUSP. 100ML.                        2 858000000 858000000       0001716000000       000    0    0    0    0    0         1  7592806122015        2637248       21032420   512322090001  N  0                        102024 01/02/2026       USD          290          581    295484436
01 37022622  PA275  M  BETAGEN SOLSPEN 1ML.1AMP.                   312360501241236050124       0003708150372       000    0    0    0    0    0         1  7591243804409        2637248       21032420   512322090001  N  0                         92322 01/09/2022       USD          418         1255    295484436
01 37022622  EL524  M  BRUGESICFORTE SUSP.200 60ML                 1 736740160 736740160       000 736740160       000    0    0    0    0    0         1  7591062013082        2637239       21031371   512322090001  N  0                        20140A 01/11/2022       USD          249          249    295484436
01 37022622  EL524  M  BRUGESICFORTE SUSP.200 60ML                 1 669763900 669763900       000 669763900       000    0    0    0    0    0         1  7591062013082        2637239       21031371   512322090001  N  0                        20051A 01/05/2022       USD          227          227    295484436
01 37022622  11897  M  BUCOXOLGAR MENTA X10TM                      2 591890000 591890000       0001183780000       000    0    0    0    0    0         1  7592454891370        2637248       21032420   512322090001  N  0                      32644684 01/03/2023       USD          200          401    295484436
01 37022622  VC430  M  BUTROPINA SOL.GOTAS 20ML.                   1 914062500 914062500       000 914062500       000    0    0    0    0    0         1  7592782000338        2637242       21031374   512322090001  N  0                       2130002 01/03/2023       USD          309          309    295484436
01 37022622  MY039  M  CETRAL SOL.ORAL 60ML.                       3 598295881 598295881       0001794887643       000    0    0    0    0    0         1  7592601100928        2637240       21031372   512322090001  N  0                        131201 01/01/2023       USD          202          607    295484436
01 37022622  14381  M  CLOTRIMAZ TIAR100 X6T.VAG                   4 520000000 520000000       0002080000000       000    0    0    0    0    0         1  8904187829503        2637248       21032420   512322090001  N  0                         T8610 01/04/2023       USD          176          704    295484436
01 37022622  PA934  M  DIAGESIC 75MG. 3ML. X2A                     215654710241565471024       0003130942048       000    0    0    0    0    0         1  7591243811704        2637239       21031371   512322090001  N  0                       9212501 01/03/2023       USD          530         1060    295484436
01 37022622  13549  M  DIVAL FORTE 100MG X20TA                     2 601360052 601360052       0001202720104       000    0    0    0    0    0         1  7591020080965        2637245       21031377   512322090001  N  0                            02 01/10/2022       USD          204          407    295484436
01 37022622  14771  M  ESOMEPRAZOL LAT40 X14TA                     2 910000000 910000000       0001820000000       000    0    0    0    0    0         1   720524031075        2637245       21031377   512322090001  N  0                       EPL1502 01/02/2023       USD          308          616    295484436
01 37022622  EH116  M  ESOMEPRAZOL VP40MG. X20TA                   213552500001355250000       0002710500000       000    0    0    0    0    0         1  7703153027421        2637245       21031377   512322090001  N  0                       1330528 01/12/2022       USD          459          917    295484436
01 37022622  13401  M  GLICAZET 500/5 MG X40TA                     222076667822207666782       0004415333564       000    0    0    0    0    0         1  7406076101000        2637244       21031376   512322090001  N  0                        J20042 01/10/2023       USD          747         1494    295484436
01 37022622  10372  M  GYNOMET 15%-4%CR.VAG.40GR                   216224000001622400000       0003244800000       000    0    0    0    0    0         1  7591585119131        2637240       21031372   512322090001  N  0                           053 01/02/2023       USD          549         1098    295484436
01 37022622  QM560  M  MOMEQ 0,1% CREMA 15GR.                      210253100001025310000       0002050620000       000    0    0    0    0    0         1  7592454889667        2637240       21031372   512322090001  N  0                       3249301 01/07/2022       USD          347          694    295484436
01 37022622  VC008  M  PAPAVERYL GOTAS 30ML.                       211131250001113125000       0002226250000       000    0    0    0    0    0         1  7592782000611        2637242       21031374   512322090001  N  0                       2120012 01/03/2023       USD          377          753    295484436
02 37022622         48   45571847367           000           000   45571847367    0    0    0  000    0    0    0   19/05/2021 03:44:47 p.m.   PR           000           000             0            21           USD    295484436        15423
