01 37035041  LO104  M  AIRON 5MG. X10TAB.MAST.                     6 444015000 493350000 2960100002664090000       000    0    0   10    0    0         1  7591196002549        2637309       21044413   512496720001  N  0                       I050902 01/05/2022       USD          145          869    306670603
01 37035041  GQ754  M  ATORVASTATINA ELTER 20X14                   6 840970000 840970000       0005045820000       000    0    0    0    0    0         1  7703763200900        2637309       21044413   512496720001  N  0                       3261956 01/02/2023       USD          274         1645    306670603
01 37035041  13961  M  BABILINKID 100/0,42 20ML.                   2 617500000 617500000       0001235000000       000    0    0    0    0    0         1  7591585217660        2637310       21044529   512496720001  N  0                           001 01/10/2022       USD          201          403    306670603
01 37035041  PO180  M  BACTRON SUSP. 100ML.                        2 858000000 858000000       0001716000000       000    0    0    0    0    0         1  7592806122015        2637310       21044529   512496720001  N  0                        102024 01/02/2026       USD          280          560    306670603
01 37035041  MY060  N  EQUALIV TAB. X30                            115707900001570790000       0001570790000       000    0    0    0    0    0         1  7592601100805        2637310       21044529   512496720001  N  0                        160101 01/02/2023       USD          512          512    306670603
01 37035041  13400  M  GLICAZET 500/2,5 MG X40TA                   313564624031356462403       0004069387209       000    0    0    0    0    0         1  7406076125303        2637309       21044413   512496720001  N  0                        J20038 01/10/2023       USD          442         1327    306670603
01 37035041  GQ379  M  GLIMEPIRIDE ELTER 4MG. X16                  6 998530000 998530000       0005991180000       000    0    0    0    0    0         1  7703763165063        2637309       21044413   512496720001  N  0                       3261484 01/02/2024       USD          326         1954    306670603
01 37035041  GQ364  M  GLIMEPIRIDE ELTER2MG. X16                   6 749580000 749580000       0004497480000       000    0    0    0    0    0         1  7703763165056        2637309       21044413   512496720001  N  0                       3259276 01/11/2022       USD          244         1467    306670603
01 37035041  11536  M  OLMECAR 20MG. X30CO                         214950000001495000000       0002990000000       000    0    0    0    0    0         1  7591585318794        2637309       21044413   512496720001  N  0                          0391 01/11/2022       USD          487          975    306670603
01 37035041  12080  M  TIOCOLCHICOSIDO AL4MG.X2A                   3 9133328951003662522 2709888812739998685       000    0    0    9    0    0         1       75971359        2637309       21044413   512496720001  N  0                       2220147 01/08/2023       USD          298          893    306670603
02 37035041         37   32519745894           000           000   32519745894    0    0    0  000    0    0    0   28/05/2021 02:50:30 p.m.   PR           000           000             0            10           USD    306670603        10604
