01 37039175  11352  M  ANAPIR 400MG. X10CA,BLAN                   12 696150000 696150000       0008353800000       000    0    0    0    0    0         1  7593090001024        2637320       21048018   512536190001  N  0                        200173 01/08/2023       USD          223         2681    311576653
01 37039175  PA325  M  BETAGEN 4MG. 1ML. X1AMP.                    610765968951076596895       0006459581370       000    0    0    0    0    0         1  7591243804287        2637320       21048018   512536190001  N  0                       9225601 01/11/2022       USD          346         2073    311576653
01 37039175  13896  M  CLAVUTRIM 500/125MG X10TA                   223166000002316600000       0004633200000       000    0    0    0    0    0         1  7750215026632        2637320       21048018   512536190001  N  0                       2027611 01/02/2023       USD          744         1487    311576653
01 37039175  GQ899  M  CLOPIDOGREL ELTER 75 X14                    6 829140000 829140000       0004974840000       000    0    0    0    0    0         1  7703763324019        2637320       21048018   512536190001  N  0                       3263300 01/03/2023       USD          266         1597    311576653
01 37039175  14433  M  FULBARYL 160/4.5MCGX60CAP                   162790000006279000000       0006279000000       000    0    0    0    0    0         1  7591585117182        2637320       21048018   512536190001  N  0                       LC57201 01/09/2022       USD         2015         2015    311576653
01 37039175  12353  M  NEFROTAL 50MG-5MG X30CO                     117680000002210000000 4420000001768000000       000    0    0   20    0    0         1  7591619520834        2637320       21048018   512536190001  N  0                          0001 01/10/2021       USD          567          567    311576653
01 37039175  KN430  M  NEFROTAL H 100/12,5 X30CO                   119240000001924000000       0001924000000       000    0    0    0    0    0         1  7591955558287        2637320       21048018   512536190001  N  0                          0024 01/02/2024       USD          618          618    311576653
01 37039175  KN105  M  NEFROTAL H 100/25 X30CO                     115808000001976000000 3952000001580800000       000    0    0   20    0    0         1  7591955558263        2637320       21048018   512536190001  N  0                          0019 01/03/2024       USD          507          507    311576653
01 37039175  LQ210  N  PROSTALIFE CAPS. X30                        125694270552569427055       0002569427055       000    0    0    0    0    0         1  7592307001451        2637320       21048018   512536190001  N  0                      04261020 01/10/2022       USD          825          825    311576653
02 37039175         31   38542648425           000           000   38542648425    0    0    0  000    0    0    0   01/06/2021 02:12:44 p.m.   PR           000           000             0             9           USD    311576653        12370
