01 37035223  13134  M  ANTAAR +MK 2,5MG X10TA                      6 530400000 530400000       0003182400000       000    0    0    0    0    0         1  7591519317718        2637308       21044281   512493750001  N  0                         31715 01/02/2024       USD          173         1038    306670603
01 37035223  10727  M  ANTAAR 2,5MG. X30TA                         212649000001264900000       0002529800000       000    0    0    0    0    0         1  7591519051872        2637308       21044281   512493750001  N  0                         31816 01/03/2024       USD          412          825    306670603
01 37035223  PO175  M  BACITRACINA PO UNG. 15GR.                   2 604500000 604500000       0001209000000       000    0    0    0    0    0         1  7592806141016        2637306       21044228   512493750001  N  0                        101009 01/01/2024       USD          197          394    306670603
01 37035223  GQ954  M  BETAHISTINA ELTER16MG.X20                   415590900001559090000       0006236360000       000    0    0    0    0    0         1  7592454002400        2637308       21044281   512493750001  N  0                       3265752 01/04/2023       USD          508         2034    306670603
01 37035223  LT038  M  COVENTROL 6,25MG. X30CO                     6 819000000 819000000       0004914000000       000    0    0    0    0    0         1  7591585265630        2637306       21044228   512493750001  N  0                           122 01/10/2022       USD          267         1602    306670603
01 37035223  LO509  M  DESLORAT 0,5MG. JBE.60ML.                   3 682112438 682112438       0002046337314       000    0    0    0    0    0         1  7591196004161        2637306       21044228   512493750001  N  0                       I011066 01/01/2023       USD          222          667    306670603
01 37035223  VM209  M  DUROVAL 50MG. X3TA                         12 500500000 500500000       0006006000000       000    0    0    0    0    0         1  7591020005029        2637308       21044281   512493750001  N  0                           626 01/03/2026       USD          163         1958    306670603
01 37035223  VC215  M  FUGOLIN CR. 20 GR.                          2 860437500 860437500       0001720875000       000    0    0    0    0    0         1  7592782000130        2637307       21044229   512493750001  N  0                       2110004 01/02/2023       USD          281          561    306670603
01 37035223  LN630  M  MADECASSOL 1% UNG. 20GR.                    118388165781838816578       0001838816578       000    0    0    0    0    0         1  7592348218221        2637306       21044228   512493750001  N  0                       2102022 01/02/2026       USD          600          600    306670603
01 37035223  LN165  M  MADECASSOL 2% POLVO 5GR.                    211340146301134014630       0002268029260       000    0    0    0    0    0         1  7592348218108        2637306       21044228   512493750001  N  0                       2102027 01/02/2026       USD          370          740    306670603
01 37035223  OJ029  N  PROSTAPLANT HP CAPS. X60                    221450000002145000000       0004290000000       000    0    0    0    0    0         1  7592710000805        2637308       21044281   512493750001  N  0                       0472801 01/01/2024       USD          699         1399    306670603
01 37035223  LO009  M  SALBUTAMOL LO S.INH.15ML.                   3 736164000 736164000       0002208492000       000    0    0    0    0    0         1  7591196002303        2637306       21044228   512493750001  N  0                        041584 01/04/2024       USD          240          720    306670603
01 37035223  DP720  M  SULFADIAZINA P.DP CR.30GR                   210335837731033583773       0002067167546       000    0    0    0    0    0         1  7592616480015        2637306       21044228   512493750001  N  0                         10197 01/02/2023       USD          337          674    306670603
01 37035223  EL775  M  TALZIC SOL.GOTAS 20ML.                      2 617176430 617176430       0001234352860       000    0    0    0    0    0         1  7591062016670        2637306       21044228   512493750001  N  0                        20061A 01/06/2022       USD          201          402    306670603
01 37035223  14584  M  TAMSULOSINA LAND0.4 X100                    149822500004982250000       0004982250000       000    0    0    0    0    0         1  7598008000625        2637306       21044228   512493750001  N  0                         T9088 01/09/2023       USD         1625         1625    306670603
01 37035223  LP255  M  TOLNAFTAN CR. 30 GR.                        212090000001209000000       0002418000000       000    0    0    0    0    0         1  7591955001639        2637306       21044228   512493750001  N  0                          0042 01/01/2025       USD          394          788    306670603
01 37035223  LP250  M  TOLNAFTAN SOL. 15 CC.                       110530000001053000000       0001053000000       000    0    0    0    0    0         1  7591955001622        2637306       21044228   512493750001  N  0                          0030 01/07/2023       USD          343          343    306670603
01 37035223  MK339  M  VIAJESAN 50MG. X10TA                        3 543400000 543400000       0001630200000       000    0    0    0    0    0         1   769229220612        2637306       21044228   512493750001  N  0                       1100920 01/09/2022       USD          177          532    306670603
01 37035223  14436  C  BRUCETIN KIDS BODY LO.200                   213428073101342807310       0002685614620 429698339    0    0    0    0    0         2  7592090001546        2637307       21044229   512493750002  N  0                        200915 01/09/2023       USD          438          876    306670603
01 37035223  PD990  M  FERGANIC FOLIC JBE.120CC.                   122100000002210000000       0002210000000       000    0    0    0    0    0         3  7591955002803        2637307       21044229   512493750003  N  0                          0104 01/01/2024       USD          721          721    306670603
01 37035223  10855  M  HEXANT 30MG/5MI 120ML                       211440000001144000000       0002288000000       000    0    0    0    0    0         3  7591619519166        2637308       21044281   512493750003  N  0                          0006 01/11/2022       USD          373          746    306670603
02 37035223         61   56333080558    2685614620     429698339   59448393517    0    0    0  000    0    0    0   28/05/2021 03:33:54 p.m.   PR           000           000             0            21           USD    306670603        19245
