01 37031521  11795  M  AFLAMAX 50MG. X10TA                        12 361790000 361790000       0004341480000       000    0    0    0    0    0         1  7591196007186        2637291       21041430   512459530001  N  0                       I021150 01/02/2023       USD          118         1421    305555000
01 37031521  14781  M  DICLOFENAC P. DAC50 X20TA                  48 351851500 370370000 888888000       000       000    0    0    5    0    0         1  7598578000230        2637292       21041522   512459530001  N  0                          V170 01/09/2023       USD          115         5527    305555000
01 37031521  LT073  M  DICLOFENAC P. GN 50 X30CO                   6 567450000 567450000       0003404700000       000    0    0    0    0    0         1  7591585379245        2637292       21041522   512459530001  N  0                           749 01/10/2023       USD          186         1114    305555000
01 37031521  14433  M  FULBARYL 160/4.5MCGX60CAP                   162790000006279000000       0006279000000       000    0    0    0    0    0         1  7591585117182        2637292       21041522   512459530001  N  0                       LC57201 01/09/2022       USD         2055         2055    305555000
01 37031521  LT067  M  LETISAN 500MG. X10TM                        6 353600000 353600000       0002121600000       000    0    0    0    0    0         1  7591585514875        2637291       21041430   512459530001  N  0                           039 01/04/2023       USD          116          694    305555000
01 37031521  12802  M  METRONIDAZOL 500MG X100TA                   218850000001885000000       0003770000000       000    0    0    0    0    0         1  7702184010181        2637291       21041430   512459530001  N  0                       2009382 01/09/2022       USD          617         1234    305555000
01 37031521  PD210  M  PRAXONA 150MG. X10CO                        2 767000000 767000000       0001534000000       000    0    0    0    0    0         1  7591955000663        2637291       21041430   512459530001  N  0                          0053 01/02/2023       USD          251          502    305555000
01 37031521  12086  M  VIT E VP 400MG. X15CA.BLA                   3 796387720 983194716 5604209882389163160       000    0   10   10    0    0         1  7592432901428        2637291       21041430   512459530001  N  0                        200275 01/10/2023       USD          261          782    305555000
01 37031521  JN110  N  JENGIMIEL JBE.PED. 120ML.                   210075000001007500000       0002015000000       000    0    0    0    0    0         2  7592520000026        2637291       21041430   512459530002  N  0                        021120 01/11/2022       USD          330          659    305555000
02 37031521         82   42743815160           000           000   42743815160    0    0    0  000    0    0    0   26/05/2021 02:24:44 p.m.   PR           000           000             0             9           USD    305555000        13989
