01 37044114  VM419  M  AMOXIVAL 750MG.PPSO 70ML.                   216759131181675913118       0003351826236       000    0    0    0    0    0         1  7591020008082        2637343       21053136   512591030001  N  0                           151 01/03/2022       USD          540         1081    310119401
01 37044114  LT028  M  BIOTALOL 2,5MG. X30CO                       214950000001495000000       0002990000000       000    0    0    0    0    0         1  7591585217172        2637343       21053136   512591030001  N  0                           058 01/04/2023       USD          482          964    310119401
01 37044114  LT031  M  BIOTALOL 5MG. X30CO                         119760000001976000000       0001976000000       000    0    0    0    0    0         1  7591585217165        2637343       21053136   512591030001  N  0                           116 01/02/2023       USD          637          637    310119401
01 37044114  11320  M  CRISOMET 50-850 X10TA                       118467621901846762190       0001846762190       000    0    0    0    0    0         1  7591821210349        2637343       21053136   512591030001  N  0                       2104091 01/03/2023       USD          596          596    310119401
01 37044114  VP299  M  CUTICLIN 10MG. X30CA                        130716712073071671207       0003071671207       000    0    0    0    0    0         1  7592432005508        2637343       21053136   512591030001  N  0                        200315 01/10/2023       USD          990          990    310119401
01 37044114  MG604  M  FULGRAM 600/42,9SUSP.60CC                   121840000002184000000       0002184000000       000    0    0    0    0    0         1  7591585113139        2637343       21053136   512591030001  N  0                           327 01/03/2023       USD          704          704    310119401
01 37044114  11499  M  FULGRAM 875MG-125MG X16CO                   231941000003194100000       0006388200000       000    0    0    0    0    0         1  7591585213198        2637343       21053136   512591030001  N  0                           600 01/11/2022       USD         1030         2060    310119401
01 37044114  11764  N  GLUCOSAMINA-CHON HP X60CA                   223390250002339025000       0004678050000       000    0    0    0    0    0         1  7592710000881        2637343       21053136   512591030001  N  0                       0551405 01/05/2024       USD          754         1508    310119401
01 37044114  14389  M  IVERMECTINA VM 6MG. X4TA                   24 397741500 397741500       0009545796000       000    0    0    0    0    0         1  7591020009041        2637343       21053136   512591030001  N  0                            04 01/04/2023       USD          128         3078    310119401
01 37044114  CO018  M  KETOPROFENO CO100MG.X10TA                   6 527127621 527127621       0003162765726       000    0    0    0    0    0         1  7591818136058        2637343       21053136   512591030001  N  0                         10104 01/03/2025       USD          170         1020    310119401
01 37044114  11418  M  LODESTAR HCT 50-12,5 30TA                   614397804251439780425       0008638682550       000    0    0    0    0    0         1  7591020080972        2637343       21053136   512591030001  N  0                            11 01/03/2023       USD          464         2786    310119401
01 37044114  PA053  M  TAMOA 250MG. X6CO.MAST.                     212586116961258611696       0002517223392       000    0    0    0    0    0         1  7591243849622        2637343       21053136   512591030001  N  0                       9213603 01/11/2022       USD          406          812    310119401
01 37044114  12086  M  VIT E VP 400MG. X15CA.BLA                   2 984223327 984223327       0001968446654       000    0    0    0    0    0         1  7592432901428        2637343       21053136   512591030001  N  0                        200291 01/10/2023       USD          317          635    310119401
02 37044114         52   52319423955           000           000   52319423955    0    0    0  000    0    0    0   04/06/2021 03:18:54 p.m.   PR           000           000             0            13           USD    310119401        16871
