01 37042750  AL120  C  ALGODON ALVE 10 GR.                         6 124763340 124763340       000 748580040 119772806    0    0    0    0    0         1  7591442000046        2637325       21049749   512558480001  N  0                        042021 01/04/2026       USD          040          242    309732675
01 37042750  AL125  C  ALGODON ALVE 25 GR.                         4 237050320 237050320       000 948201280 151712205    0    0    0    0    0         1  7591442000053        2637325       21049749   512558480001  N  0                        042021 01/04/2026       USD          077          306    309732675
01 37042750  14797  C  HIDROALCOHOL FELPA 120ML.                  12 233220000 233220000       0002798640000       000    0    0    0    0    0         1   385784595257        2637325       21049749   512558480001  N  0                           001 01/03/2026       USD          075          904    309732675
01 37042750  14798  C  HIDROALCOHOL FELPA 240ML.                  12 345345000 345345000       0004144140000       000    0    0    0    0    0         1    38578459524        2637325       21049749   512558480001  N  0                           001 01/03/2026       USD          111         1338    309732675
01 37042750  12680  M  SOLUCION ISOTO 0,9% 500ML                  12 429000000 429000000       0005148000000       000    0    0    0    0    0         1  7597767000068        2637325       21049749   512558480001  N  0                      19082619 01/08/2022       USD          138         1662    309732675
01 37042750  AP110  M  BUCLEN 5MCG. JBE. 80ML.                     113236600001323660000       0001323660000       000    0    0    0    0    0         2  7592601200017        2637325       21049749   512558480002  N  0                        020601 01/05/2023       USD          427          427    309732675
01 37042750  PO460  M  FOLIFER B12 TAB. X30                        410530000001053000000       0004212000000       000    0    0    0    0    0         2  7592806133639        2637326       21049834   512558480002  N  0                        105067 01/05/2024       USD          340         1360    309732675
01 37042750  13470  M  GESTAGENO 100MGX30 CAP                      153462500005346250000       0005346250000       000    0    0    0    0    0         2  7401078900156        2637326       21049834   512558480002  N  0                      LF20580C 01/05/2022       USD         1726         1726    309732675
01 37042750  14855  M  GLIBENCLAMIDA JL5MG.X10TA                  12 260000000 260000000       0003120000000       000    0    0    0    0    0         2  7598650000318        2637327       21050127   512558480002  N  0                         T8849 01/07/2023       USD          084         1007    309732675
01 37042750  KL071  M  TIALIN 100MG. X10CO                         212870000001287000000       0002574000000       000    0    0    0    0    0         2  7591619519104        2637327       21050127   512558480002  N  0                          0009 01/10/2022       USD          416          831    309732675
02 37042750         66   21723910000    8639561320     271485011   30634956331    0    0    0  000    0    0    0   03/06/2021 03:03:26 p.m.   PR           000           000             0            10           USD    309732675         9803
