01 37043464  PO115  M  ALGOREN 10MG. X20TA                         2 663000000 663000000       0001326000000       000    0    0    0    0    0         1  7592806133011        2637333       21051313   512575610001  N  0                        008094 01/08/2025       USD          214          428    310119401
01 37043464  PO500  M  BACTRON FORTE TAB. X10                      2 975000000 975000000       0001950000000       000    0    0    0    0    0         1  7592806133530        2637333       21051313   512575610001  N  0                        101018 01/01/2024       USD          314          629    310119401
01 37043464  VP990  M  CEVAX 500MG. X30CA.BLA                      311553360001255800000 3013920003466008000       000    0    8    0    0    0         1  7592432007649        2637336       21051762   512575610001  N  0                        210094 01/04/2023       USD          373         1118    310119401
01 37043464  14382  M  CLOTRIMAZ TIAR500 X1T.VAG                   6 520000000 520000000       0003120000000       000    0    0    0    0    0         1  8904187830677        2637333       21051313   512575610001  N  0                         T8618 01/04/2023       USD          168         1006    310119401
01 37043464  LT038  M  COVENTROL 6,25MG. X30CO                     4 819000000 819000000       0003276000000       000    0    0    0    0    0         1  7591585265630        2637333       21051313   512575610001  N  0                           122 01/10/2022       USD          264         1056    310119401
01 37043464  12466  M  DEKORT 4MG. X20TA                           122824100002282410000       0002282410000       000    0    0    0    0    0         1  8699525019752        2637333       21051313   512575610001  N  0                       A088151 01/08/2022       USD          736          736    310119401
01 37043464  14772  M  ETORICOXIB LAT90MG. X7TA                    2 546000000 546000000       0001092000000       000    0    0    0    0    0         1   720524031020        2637333       21051313   512575610001  N  0                        ETR401 01/02/2023       USD          176          352    310119401
01 37043464  PD109  M  FERGANIC FOLIC TM X20                       41456000000182000000014560000005824000000       000    0    0   20    0    0         1  7591955002797        2637333       21051313   512575610001  N  0                          0294 01/11/2024       USD          469         1878    310119401
01 37043464  KN280  M  FERGANIC FOLIC TM X30                       427300000002730000000       000       000       000    0    0    0    0    0         1  7591955003053        2637333       21051313   512575610001  N  0                          0296 01/02/2025       USD          880         3521    310119401
01 37043464  MK117  M  FLAVOXATO +MK 200MG.X10TA                   410088000001008800000       0004035200000       000    0    0    0    0    0         1  7591519009330        2637334       21051498   512575610001  N  0                         31825 01/03/2023       USD          325         1301    310119401
01 37043464  LT046  M  GENLET 200MG. X20CO                         213650000001365000000       0002730000000       000    0    0    0    0    0         1  7591585110183        2637334       21051498   512575610001  N  0                           050 01/11/2022       USD          440          880    310119401
01 37043464  GQ964  M  IRBESARTAN ELTER150 X10TA                   6 899860000 899860000       0005399160000       000    0    0    0    0    0         1  7592454002547        2637333       21051313   512575610001  N  0                       3264265 01/03/2023       USD          290         1741    310119401
01 37043464  14389  M  IVERMECTINA VM 6MG. X4TA                   24 397741500 397741500       0009545796000       000    0    0    0    0    0         1  7591020009041        2637334       21051498   512575610001  N  0                            04 01/04/2023       USD          128         3078    310119401
01 37043464  LC840  M  LETISAN SOL.ORAL 120ML.                     2 689000000 689000000       0001378000000       000    0    0    0    0    0         1  7591585214881        2637336       21051762   512575610001  N  0                           496 01/03/2024       USD          222          444    310119401
01 37043464  GN694  M  MELOXICAM GN 15MG. X10CO                    6 559000000 559000000       0003354000000       000    0    0    0    0    0         1  7591585178022        2637334       21051498   512575610001  N  0                           073 01/02/2023       USD          180         1082    310119401
01 37043464  LX102  M  MIGREN 650-50-1 X20CO                       2 806000000 806000000       0001612000000       000    0    0    0    0    0         1  7591585415738        2637334       21051498   512575610001  N  0                           519 01/04/2023       USD          260          520    310119401
01 37043464  MY134  M  MUPROBAN 2% UNG. 15GR.                      210592400001059240000       0002118480000       000    0    0    0    0    0         1  7592601101093        2637334       21051498   512575610001  N  0                        132802 01/04/2023       USD          342          683    310119401
01 37043464  11526  M  NONAFOL 10MG. GOTAS 15ML.                   3 835120000 835120000       0002505360000       000    0    0    0    0    0         1  7592601303114        2637333       21051313   512575610001  N  0                        054205 01/09/2022       USD          269          808    310119401
01 37043464  MK959  M  TIOCOLCHICOSIDO +MK4 X12                    214001000001400100000       0002800200000       000    0    0    0    0    0         1  7591519007749        2637333       21051313   512575610001  N  0                         31745 01/02/2024       USD          451          903    310119401
01 37043464  QO540  M  BROXOL ALERG S.ORAL 100ML                   212184900001218490000       0002436980000       000    0    0    0    0    0         2  7592454889513        2637336       21051762   512575610002  N  0                       3265284 01/04/2023       USD          393          786    310119401
01 37043464  LX103  M  CARNISIN 1G.S.ORAL S/A180                   220410000002041000000       0004082000000       000    0    0    0    0    0         2  7591585112323        2637334       21051498   512575610002  N  0                           052 01/01/2023       USD          658         1316    310119401
01 37043464  FS006  N  CLORURO MAGNE FSI33,3GX12                   162421666666242166666       0006242166666       000    0    0    0    0    0         2  7592368003432        2637336       21051762   512575610002  N  0                       0521044 01/11/2023       USD         2013         2013    310119401
02 37043464         86   81495760666           000           000   81495760666    0    0    0  000    0    0    0   04/06/2021 11:27:13 a.m.   PR           000           000             0            22           USD    310119401        26279
