01 37044094  GM850  M  AC FOLICO MY GOTAS 15ML.                    2 766480000 766480000       0001532960000       000    0    0    0    0    0         1  7592601300779        2637339       21052620   512587320001  N  0                        154203 01/03/2023       USD          247          494    310119401
01 37044094  13666  C  ADHESIVO TRA1.25X9.1 X12U                   132947200003294720000       0003294720000 527155200    0    0    0    0    0         1 27597297000327        2637340       21052780   512587320001  N  0                           10X 01/01/2030       USD         1062         1062    310119401
01 37044094  14111  M  AMOXICILINA 500MG X 8 CAP                  24 322400000 322400000       0007737600000       000    0    0    0    0    0         1  7592236002024        2637339       21052620   512587320001  N  0                      BCA23003 01/05/2022       USD          104         2495    310119401
01 37044094  XM003  M  ANAPIR IBUPROFENO 200X10                    4 404950000 404950000       0001619800000       000    0    0    0    0    0         1  7593090000157        2637339       21052620   512587320001  N  0                        200166 01/08/2023       USD          131          522    310119401
01 37044094  10728  M  BIOCOR 20MG. X30TA                          216601000001660100000       0003320200000       000    0    0    0    0    0         1  7591519000146        2637340       21052780   512587320001  N  0                         31819 01/03/2024       USD          535         1071    310119401
01 37044094  11894  M  BUCOXOLGAR STO MTA120                       2 639730000 639730000       0001279460000       000    0    0    0    0    0         1  7592454891349        2637340       21052780   512587320001  N  0                       3241451 01/02/2022       USD          206          413    310119401
01 37044094  14381  M  CLOTRIMAZ TIAR100 X6T.VAG                   6 520000000 520000000       0003120000000       000    0    0    0    0    0         1  8904187829503        2637339       21052620   512587320001  N  0                         T8610 01/04/2023       USD          168         1006    310119401
01 37044094  14926  M  DAYZOL 400MG-4MG. X30CO                     316900000001690000000       0005070000000       000    0    0    0    0    0         1  7591585117670        2637338       21052543   512587320001  N  0                           003 01/01/2023       USD          545         1635    310119401
01 37044094  PB442  M  DENCOFEN 1,16% GEL 40GR.                    210112644051011264405       0002022528810       000    0    0    0    0    0         1  7591309002756        2637340       21052780   512587320001  N  0                       2101001 01/01/2024       USD          326          652    310119401
01 37044094  PB120  M  DENCORUB CREM 40 GR                         2 423566243 423566243       000 847132486       000    0    0    0    0    0         1  7591309010409        2637340       21052780   512587320001  N  0                       2105005 01/05/2023       USD          137          273    310119401
01 37044094  PB245  M  DENCORUB GEL 40 GR.                         2 630054786 630054786       0001260109572       000    0    0    0    0    0         1  7591309010416        2637340       21052780   512587320001  N  0                       2105007 01/05/2023       USD          203          406    310119401
01 37044094  PB015  C  DENCORUB ICE GEL 40GR.                      2 358402205 358402205       000 716804410 114688706    0    0    0    0    0         1  7591309001049        2637340       21052780   512587320001  N  0                      A2105127 01/05/2024       USD          116          231    310119401
01 37044094  ED790  M  DOLAK SL 10MG. X10CO                        2 702000000 702000000       0001404000000       000    0    0    0    0    0         1  7592803001320        2637340       21052780   512587320001  N  0                       2008415 01/09/2022       USD          226          453    310119401
01 37044094  14433  M  FULBARYL 160/4.5MCGX60CAP                   362790000006279000000       000       000       000    0    0    0    0    0         1  7591585117182        2637340       21052780   512587320001  N  0                       LC57201 01/09/2022       USD         2025         6074    310119401
01 37044094  FA409  M  NIFELAN LP 30MG. X30TA                      116954760301695476030       0001695476030       000    0    0    0    0    0         1  7591821903104        2637340       21052780   512587320001  N  0                       2010045 01/06/2023       USD          547          547    310119401
01 37044094  JV100  M  OXIDREN 150MG. X1CO                         2 936000000 936000000       0001872000000       000    0    0    0    0    0         1  7591585112552        2637339       21052620   512587320001  N  0                           030 01/04/2023       USD          302          604    310119401
01 37044094  11448  M  SINUTIL DIA/NOCHE 500X9CA                   6 505050000 505050000       0003030300000       000    0    0    0    0    0         1  7593090000713        2637340       21052780   512587320001  N  0                        210039 01/02/2023       USD          163          977    310119401
01 37044094  LT885  M  TENSOPIN 10MG. X20CO.DISP                   1 728000000 728000000       000 728000000       000    0    0    0    0    0         1  7591585111784        2637339       21052620   512587320001  N  0                           164 01/06/2023       USD          235          235    310119401
01 37044094  12136  M  TONERVOL 5MG. X10TA                         1 722799090 722799090       000 722799090       000    0    0    0    0    0         1  7591821210431        2637339       21052620   512587320001  N  0                       1909074 01/11/2021       USD          233          233    310119401
01 37044094  12143  M  TONERVOL 5MG. X30TA                         120343375002034337500       0002034337500       000    0    0    0    0    0         1  7591821210547        2637339       21052620   512587320001  N  0                       1910203 01/01/2022       USD          656          656    310119401
02 37044094         69   58133703488    4011524410     641843906   62787071804    0    0    0  000    0    0    0   04/06/2021 03:07:16 p.m.   PR           000           000             0            20           USD    310119401        20039
