01 37050562  GN088  M  AMLODIPINA GN 10MG. X30CO                   3 754000000 754000000       0002262000000       000    0    0    0    0    0         1  7591585278173        2637378       21059087   512651500001  N  0                           187 01/01/2024       USD          241          723    312770061
01 37050562  GQ909  M  ATORVASTATINA ELTER 40X14                   213244400001324440000       0002648880000       000    0    0    0    0    0         1  7703763200887        2637377       21059072   512651500001  N  0                       3263309 01/03/2023       USD          423          847    312770061
01 37050562  VP041  M  ATOVAROL 40MG. X30CA                        227803590792780359079       0005560718158       000    0    0    0    0    0         1  7592432900155        2637377       21059072   512651500001  N  0                        210050 01/03/2023       USD          889         1778    312770061
01 37050562  EL009  M  BRUGESIC 200MG. X10CO                      12 446367090 446367090       0005356405080       000    0    0    0    0    0         1  7591062902379        2637370       21058706   512651500001  N  0                        20066A 01/07/2022       USD          143         1713    312770061
01 37050562  12373  M  CLOPIDOGREL 75MG X30TA                      313728000001372800000       0004118400000       000    0    0    0    0    0         1  7598176000014        2637373       21058954   512651500001  N  0                       TEMG175 01/06/2022       USD          439         1317    312770061
01 37050562  GQ899  M  CLOPIDOGREL ELTER 75 X14                    3 829140000 829140000       0002487420000       000    0    0    0    0    0         1  7703763324019        2637373       21058954   512651500001  N  0                       3263300 01/03/2023       USD          265          795    312770061
01 37050562  13114  M  FINASTERIDE +MK 5MG X10TA                   2 908700000 908700000       0001817400000       000    0    0    0    0    0         1  7591519317794        2637371       21058733   512651500001  N  0                         31847 01/04/2024       USD          291          581    312770061
01 37050562  MK694  M  FINASTERIDE +MK 5MG. X30                    123712000002371200000       0002371200000       000    0    0    0    0    0         1  7591519050820        2637371       21058733   512651500001  N  0                         31723 01/02/2024       USD          758          758    312770061
01 37050562  VA551  M  KETAZOL 20MG. CREMA 15GR.                   3 870856745 870856745       0002612570235       000    0    0    0    0    0         1  7592349429787        2637378       21059087   512651500001  N  0                       2009534 01/09/2025       USD          278          835    312770061
01 37050562  AH295  M  LASIX 20MG. X24CO                           1 987999987 987999987       000 987999987       000    0    0    0    0    0         1  7592205000037        2637380       21059136   512651500001  N  0                         31606 01/11/2023       USD          316          316    312770061
01 37050562  LT037  M  LISILET 10MG. X30CO                         213910000001391000000       0002782000000       000    0    0    0    0    0         1  7591585314369        2637380       21059136   512651500001  N  0                           132 01/03/2024       USD          445          889    312770061
01 37050562  LO280  M  QUINOFTAL 0,3%SO.OFT.5ML.                   3 574464515 574464515       0001723393545       000    0    0    0    0    0         1  7591196000439        2637371       21058733   512651500001  N  0                        030883 01/07/2022       USD          184          551    312770061
01 37050562  LX103  M  CARNISIN 1G.S.ORAL S/A180                   220410000002041000000       0004082000000       000    0    0    0    0    0         2  7591585112323        2637382       21059345   512651500002  N  0                           052 01/01/2023       USD          653         1305    312770061
01 37050562  PD760  M  CLENBUXOL GOTAS 20 CC.                      1 884000000 884000000       000 884000000       000    0    0    0    0    0         2  7591955000175        2637372       21058908   512651500002  N  0                          0051 01/03/2023       USD          283          283    312770061
01 37050562  PD390  M  FLEMICAINE SOL.TOP. 5ML.                    1 936000000 936000000       000 936000000       000    0    0    0    0    0         2  7591955000489        2637374       21059032   512651500002  N  0                          0026 01/09/2023       USD          299          299    312770061
01 37050562  12550  M  SUEROLITO SAB COCO 400ML                    2 557700000 557700000       0001115400000       000    0    0    0    0    0         2  7597767000013        2637373       21058954   512651500002  N  0                        2011C4 01/11/2022       USD          178          357    312770061
01 37050562  12551  M  SUEROLITO SAB FRESA 400ML                   2 557700000 557700000       0001115400000       000    0    0    0    0    0         2  7597767000020        2637373       21058954   512651500002  N  0                         303F1 01/03/2023       USD          178          357    312770061
01 37050562  12552  M  SUEROLITO SAB UVA 400ML                     2 557700000 557700000       0001115400000       000    0    0    0    0    0         2  7597767000037        2637373       21058954   512651500002  N  0                        1108U1 01/08/2022       USD          178          357    312770061
02 37050562         47   43976587005           000           000   43976587005    0    0    0  000    0    0    0   09/06/2021 05:44:00 p.m.   PR           000           000             0            18           USD    312770061        14060
