01 37059853  GF109  M  AZITROMICINA GF PPSO15ML.                   213195000001319500000       0002639000000       000    0    0    0    0    0         1  7702605100538       21068128       21068128   512747880001  N  0                      0GC3898C 01/06/2022       USD          425          850    310503459
01 37059853  MO003  M  BROLAT 5-30 SO.ORAL 60ML.                   111051300001105130000       0001105130000       000    0    0    0    0    0         1  7592601301585       21066824       21066824   512747880001  N  0                        035602 01/09/2022       USD          356          356    310503459
01 37059853  MY039  M  CETRAL SOL.ORAL 60ML.                       2 706030000 706030000       0001412060000       000    0    0    0    0    0         1  7592601100928       21066987       21066987   512747880001  N  0                        131201 01/01/2023       USD          227          455    310503459
01 37059853  14382  M  CLOTRIMAZ TIAR500 X1T.VAG                   6 520000000 520000000       0003120000000       000    0    0    0    0    0         1  8904187830677       21068128       21068128   512747880001  N  0                         T8618 01/04/2023       USD          167         1005    310503459
01 37059853  KN101  M  DENUAL 150MG. X1CO                          2 9152000001144000000 4576000001830400000       000    0    0   20    0    0         1  7591619517605       21066987       21066987   512747880001  N  0                          0003 01/11/2023       USD          295          589    310503459
01 37059853  12948  M  ENALAPRIL 10MG X100TA                       213751400001375140000       0002750280000       000    0    0    0    0    0         1 07469106377394       21068128       21068128   512747880001  N  0                           EP1 01/09/2023       USD          443          886    310503459
01 37059853  EH116  M  ESOMEPRAZOL VP40MG. X20TA                   311470836001355250000 6244992003441250800       000    0    8    8    0    0         1  7703153027421       21066824       21066824   512747880001  N  0                       1317483 01/09/2022       USD          369         1108    310503459
01 37059853  EH116  M  ESOMEPRAZOL VP40MG. X20TA                   111470836001355250000 2081664001147083600       000    0    8    8    0    0         1  7703153027421       21066824       21066824   512747880001  N  0                       1317483 01/09/2022       USD          369          369    310503459
01 37059853  VC450  M  FUGOLIN CR.VAG. 50GR.                       218029375001802937500       0003605875000       000    0    0    0    0    0         1  7592782000307       21068128       21068128   512747880001  N  0                       2120013 01/03/2023       USD          581         1161    310503459
01 37059853  13532  A  GERIATECH X30CA                             317329000001732900000       0005198700000       000    0    0    0    0    0         1  7597189000066       21066987       21066987   512747880001  N  0                        103018 01/03/2023       USD          558         1674    310503459
01 37059853  LT067  M  LETISAN 500MG. X10TM                       10 370175000 370175000       0003701750000       000    0    0    0    0    0         1  7591585514875       21068128       21067555   512747880001  N  0                           041 01/05/2023       USD          119         1192    310503459
01 37059853  LT067  M  LETISAN 500MG. X10TM                       48 370175000 370175000       000       000       000    0    0    0    0    0         1  7591585514875       21067555       21067555   512747880001  N  0                           041 01/05/2023       USD          119         5722    310503459
01 37059853  PO550  M  MILAX POLVO 120GR.                          217550000001755000000       0003510000000       000    0    0    0    0    0         1  7592806132038       21068292       21068292   512747880001  N  0                         05069 01/05/2024       USD          565         1130    310503459
01 37059853  CO560  M  MIOVIT GOTAS 20CC.                          2 517977321 575530357 1151060721035954642       000    0    0   10    0    0         1  7591818251331       21068128       21068128   512747880001  N  0                         10119 01/04/2023       USD          167          334    310503459
01 37059853  VC005  M  SINUTIL GOTAS PED. 30ML.                    2 507812500 507812500       0001015625000       000    0    0    0    0    0         1  7592782000659       21066987       21066987   512747880001  N  0                       2060009 01/06/2022       USD          164          327    310503459
01 37059853  VC006  M  SINUTIL JARABE 90ML.                        3 597187500 597187500       0001791562500       000    0    0    0    0    0         1  7592782000604       21066987       21066987   512747880001  N  0                       2130005 01/04/2023       USD          192          577    310503459
01 37059853  LT930  M  VIASEK COMPR. 50MG. X2                     12 365478750 365478750       0004385745000       000    0    0    0    0    0         1  7591585111005       21066824       21066824   512747880001  N  0                           094 01/04/2024       USD          118         1412    310503459
01 37059853  12940  M  ZIMAX 200MG/ML SUSPE 50ML                   111147500001592500000 4777500001114750000       000    0    0   30    0    0         1  8941100965900       21068128       21068128   512747880001  N  0                       0A03256 01/12/2021       USD          359          359    310503459
02 37059853        104   60573566542           000           000   60573566542    0    0    0  000    0    0    0   17/06/2021 09:58:34 a.m.   PR           000           000             0            17           USD    310503459        19508
