01 37059727  PO100  M  ACETOBEN JBE. 120ML.                        2 807857180 807857180       0001615714360       000    0    0    0    0    0         1  7592806121018       21066824       21066824   512747930001  N  0                        003033 01/03/2023       USD          260          520    310503459
01 37059727  LC580  N  ALLIXON NARANJA 240 CC.                     6 572000000 572000000       0003432000000 549120000    0    0    0    0    0         1  7591585112439       21068128       21068128   512747930001  N  0                           344 01/12/2022       USD          184         1105    310503459
01 37059727  LR140  M  AMOXICILINA LF250MG.SUSP.                   6 717704000 717704000       0004306224000       000    0    0    0    0    0         1  7594000020043       21068292       21068292   512747930001  N  0                         L2104 01/04/2024       USD          231         1387    310503459
01 37059727  VM780  M  AMOXIVAL 250MG.PPSO 90ML.                   211851968561185196856       0002370393712       000    0    0    0    0    0         1  7591020000758       21068292       21068292   512747930001  N  0                           413 01/10/2022       USD          382          763    310503459
01 37059727  QO540  M  BROXOL ALERG S.ORAL 100ML                   312184900001218490000       0003655470000       000    0    0    0    0    0         1  7592454889513       21066824       21066824   512747930001  N  0                       3265284 01/04/2023       USD          392         1177    310503459
01 37059727  MG604  M  FULGRAM 600/42,9SUSP.60CC                   222945000002294500000       0004589000000       000    0    0    0    0    0         1  7591585113139       21068128       21068128   512747930001  N  0                           327 01/03/2023       USD          739         1478    310503459
01 37059727  TQ175  M  GRAUSIN JBE. 120ML.                         310140000001014000000       0003042000000       000    0    0    0    0    0         1  7591955002452       21068128       21068128   512747930001  N  0                          0028 01/11/2022       USD          327          980    310503459
01 37059727  11697  M  HEPAFOL FORTE JBE. 120ML.                   115795000001579500000       0001579500000       000    0    0    0    0    0         1  7592601301851       21066987       21066987   512747930001  N  0                        938303 01/09/2021       USD          509          509    310503459
01 37059727  CO110  M  MUCOBROL 4MG. JBE.120ML.                    410004785321000478532       0004001914128       000    0    0    0    0    0         1  7591818112021       21066824       21066824   512747930001  N  0                         00419 01/10/2022       USD          322         1289    310503459
01 37059727  LT434  M  PULMOLET SUSP. P.NEB.15CC                   2 767000000 767000000       0001534000000       000    0    0    0    0    0         1  7591585117199       21068292       21068292   512747930001  N  0                           028 01/03/2023       USD          247          494    310503459
01 37059727  MY300  M  TILODRIN 30MG.JBE. 120ML.                   6 804570000 804570000       0004827420000       000    0    0    0    0    0         1  7592601100546       21068128       21068128   512747930001  N  0                        106901 01/05/2023       USD          259         1555    310503459
02 37059727         37   34953636200           000     549120000   35502756200    0    0    0  000    0    0    0   17/06/2021 08:45:45 a.m.   PR           000           000             0            11           USD    310503459        11257
