01 37060877  12543  M  ATOVAROL 20MG X14CA                         2 9531094881035988574 1657581721906218976       000    0    0    8    0    0         1  7592432901435       21068128       21068128   512747900001  N  0                        200236 01/09/2022       USD          307          614    310503459
01 37060877  VP041  M  ATOVAROL 40MG. X30CA                        225938926762819448561 4511117705187785352       000    0    0    8    0    0         1  7592432900155       21068128       21068128   512747900001  N  0                        210078 01/04/2023       USD          835         1671    310503459
01 37060877  GN629  M  AZITROMICINA GN 500 X 5                    12 860600000 860600000       000       000       000    0    0    0    0    0         1  7591585279460       21068128       21068128   512747900001  N  0                           319 01/05/2023       USD          277         3326    310503459
01 37060877  PO185  M  BACTRON TAB. X20                            2 897000000 897000000       0001794000000       000    0    0    0    0    0         1  7592806133073       21068128       21068128   512747900001  N  0                        104059 01/04/2026       USD          289          578    310503459
01 37060877  PA054  M  BETADERM PLUS CREMA 15GR.                   212348811741234881174       0002469762348       000    0    0    0    0    0         1  7591243804164       21068128       21068128   512747900001  N  0                       9230702 01/03/2023       USD          398          795    310503459
01 37060877  VP990  M  CEVAX 500MG. X30CA.BLA                      61062909120125580000011573452806377454720       000    0    8    8    0    0         1  7592432007649       21066987       21066987   512747900001  N  0                        210097 01/04/2023       USD          342         2054    310503459
01 37060877  14114  M  CIPROFLOXACINA 500MGX10TA                  24 356200000 356200000       0008548800000       000    0    0    0    0    0         1  7592236002062       21066987       21066987   512747900001  N  0                     TC1220003 01/05/2022       USD          115         2753    310503459
01 37060877  GQ719  M  CLOTRI-NEO-DEXA ELTER20GR                   215373800001537380000       0003074760000       000    0    0    0    0    0         1  7703763300051       21068128       21068128   512747900001  N  0                       3263319 01/03/2024       USD          495          990    310503459
01 37060877  KF200  M  DERMAZOL 0,05% UNG.30GR.                    115730000001573000000       0001573000000       000    0    0    0    0    0         1  7591619519043       21068128       21068128   512747900001  N  0                          0048 01/03/2023       USD          507          507    310503459
01 37060877  11557  M  DESLER M 5MG/10MG. X10TA                    213404300001340430000       0002680860000       000    0    0    0    0    0         1  7592454891257       21068128       21068128   512747900001  N  0                       3267347 01/05/2023       USD          432          863    310503459
01 37060877  MK103  M  DIOSMINA +MK 600MG. X14TA                   225389000002538900000       0005077800000       000    0    0    0    0    0         1  7591519051193       21068128       21068128   512747900001  N  0                         32014 01/05/2024       USD          818         1635    310503459
01 37060877  14433  M  FULBARYL 160/4.5MCGX60CAP                   262790000006279000000       000       000       000    0    0    0    0    0         1  7591585117182       21066605       21066605   512747900001  N  0                       LC57201 01/09/2022       USD         2022         4044    310503459
01 37060877  11782  M  LETISAN 500MG. X10CA                        6 469300000 469300000       0002815800000       000    0    0    0    0    0         1  7591585314864       21068128       21067555   512747900001  N  0                           435 01/04/2024       USD          151          907    310503459
01 37060877  RZ340  M  LORADEX TAB. 10MG. X10                     12 316143100 316143100       0003793717200       000    0    0    0    0    0         1  7594001101383       21068128       21068128   512747900001  N  0                          5912 01/05/2026       USD          102         1222    310503459
01 37060877  GN694  M  MELOXICAM GN 15MG. X10CO                    6 559000000 559000000       0003354000000       000    0    0    0    0    0         1  7591585178022       21066824       21066824   512747900001  N  0                           074 01/04/2023       USD          180         1080    310503459
01 37060877  MY134  M  MUPROBAN 2% UNG. 15GR.                      210592400001059240000       0002118480000       000    0    0    0    0    0         1  7592601101093       21068128       21068128   512747900001  N  0                        132802 01/04/2023       USD          341          682    310503459
01 37060877  ED730  M  NEMODINE 40MG. X20CO                        118681000001868100000       0001868100000       000    0    0    0    0    0         1  7592803001221       21066605       21066605   512747900001  N  0                       2103502 01/04/2024       USD          602          602    310503459
01 37060877  PG110  M  NINAZO GOTAS AD. 15ML.                      6 422500000 422500000       0002535000000       000    0    0    0    0    0         1  7591821802957       21068128       21068128   512747900001  N  0                      2009014C 01/04/2022       USD          136          816    310503459
01 37060877  11448  M  SINUTIL DIA/NOCHE 500X9CA                   3 519480000 519480000       0001558440000       000    0    0    0    0    0         1  7593090000713       21066987       21066987   512747900001  N  0                        210039 01/02/2023       USD          167          502    310503459
01 37060877  GQ874  M  VALSARTAN H.ELT80/12,5X14                   3 770679000 856310000 2568930002312037000       000    0    0   10    0    0         1  7703763341092       21068128       21068128   512747900001  N  0                       3245508 01/04/2022       USD          248          745    310503459
02 37060877         98   81931215596           000           000   81931215596    0    0    0  000    0    0    0   17/06/2021 04:15:37 p.m.   PR           000           000             0            20           USD    310503459        26387
