01 37060632  GN092  M  ATORVASTATINA GN 20X30                      212265500001226550000       0002453100000       000    0    0    0    0    0         1  7591585373441       21066987       21066987   512747910001  N  0                           245 01/05/2023       USD          395          790    310503459
01 37060632  VP042  M  ATOVAROL 20MG. X30CA                        214983454221628636328 2605818122996690844       000    0    0    8    0    0         1  7592432900148       21068128       21068128   512747910001  N  0                        210057 01/03/2023       USD          483          965    310503459
01 37060632  LO001  M  CLARIX SOL.NASAL PED.15ML                   3 742298700 742298700       0002226896100       000    0    0    0    0    0         1  7591196000101       21068128       21068128   512747910001  N  0                        070490 01/07/2025       USD          239          717    310503459
01 37060632  KF190  M  DERMAZOL 0,05% CR.30GR.                     113780000001378000000       0001378000000       000    0    0    0    0    0         1  7591619519036       21068128       21068128   512747910001  N  0                          0061 01/03/2023       USD          444          444    310503459
01 37060632  QM470  M  DESLER M TAB. 5/10 X30                      127384500002738450000       0002738450000       000    0    0    0    0    0         1  7592454002769       21068128       21068128   512747910001  N  0                       3267309 01/05/2023       USD          882          882    310503459
01 37060632  12673  M  DIOSMINA DAC 600MG X10TA                    221019700002101970000       0004203940000       000    0    0    0    0    0         1  8906121690064       21068128       21068128   512747910001  N  0                          V165 01/09/2023       USD          677         1354    310503459
01 37060632  FA529  M  FLEBOSMIN TAB. 500MG. X30                   134822450003482245000       0003482245000       000    0    0    0    0    0         1  7592229002543       21068128       21068128   512747910001  N  0                       2012728 01/10/2023       USD         1121         1121    310503459
01 37060632  GQ114  M  FLUDIL 10MG. X20TA                          315736500001573650000       0004720950000       000    0    0    0    0    0         1  7592454345057       21068128       21068128   512747910001  N  0                       3263381 01/02/2024       USD          507         1520    310503459
01 37060632  VC215  M  FUGOLIN CR. 20 GR.                          2 860437500 860437500       0001720875000       000    0    0    0    0    0         1  7592782000130       21068128       21068128   512747910001  N  0                       2110004 01/02/2023       USD          277          554    310503459
01 37060632  13481  M  GLIMEPIRIDA 2MGX30 TAB                      2 962000000 962000000       0001924000000       000    0    0    0    0    0         1  7598176000113       21068128       21068128   512747910001  N  0                       TEMH188 01/07/2023       USD          310          620    310503459
01 37060632  LO514  M  MOVIMEX 15MG. X10TA                         6 774099452 814841528 2444524564644596712       000    0    0    5    0    0         1  7591196004093       21068128       21068128   512747910001  N  0                       I110043 01/11/2022       USD          249         1496    310503459
01 37060632  NP024  M  NOTOLAC 20MG. X10TA                         3 724854558 724854558       0002174563674       000    0    0    0    0    0         1  7591821902022       21068128       21068128   512747910001  N  0                       2101002 01/03/2024       USD          233          700    310503459
01 37060632  FA239  M  NOTOLAC 30MG. X4TA.SUBL.                    3 640594500 709800000 2076165001921783500       000    0    5    5    0    0         1  7591821210134       21066605       21066605   512747910001  N  0                       2008742 01/09/2022       USD          206          619    310503459
01 37060632  KL061  M  PLIDAN SOL.GOTAS 20ML.                      212870000001287000000       0002574000000       000    0    0    0    0    0         1  7591619517940       21068128       21068128   512747910001  N  0                          0021 01/04/2024       USD          414          829    310503459
01 37060632  KV204  M  TERAGRIP FORTE GRAN.X6SOB                   611318775001204125000 4334850006791265000       000    0    0    6    0    0         1  7591821802490       21068128       21068128   512747910001  N  0                       2104111 01/04/2023       USD          365         2187    310503459
01 37060632  PA949  M  TONUM 10MG. X30TA                           310804441041080444104       0003241332312       000    0    0    0    0    0         1  7591243851106       21068128       21068128   512747910001  N  0                       9231401 01/02/2024       USD          348         1044    310503459
01 37060632  PD124  M  TRIDETARMON CR. 15GR.                       311700000001170000000       0003510000000       000    0    0    0    0    0         1  7591955000762       21068128       21068128   512747910001  N  0                          0080 01/04/2023       USD          377         1130    310503459
02 37060632         45   52702688142           000           000   52702688142    0    0    0  000    0    0    0   17/06/2021 03:32:52 p.m.   PR           000           000             0            17           USD    310503459        16973
