01 37063618  MY014  M  ARBIXIL 7,5-5 GOTAS 15ML.                   2 807690000 807690000       0001615380000       000    0    0    0    0    0         1  7592601100683       21071763       21071763   512784330001  N  0                        928903 01/09/2022       USD          259          519    311380718
01 37063618  PA275  M  BETAGEN SOLSPEN 1ML.1AMP.                   614643672111464367211       0008786203266       000    0    0    0    0    0         1  7591243804409       21071763       21071763   512784330001  N  0                         92383 01/11/2022       USD          470         2822    311380718
01 37063618  PB442  M  DENCOFEN 1,16% GEL 40GR.                    210112644051011264405       0002022528810       000    0    0    0    0    0         1  7591309002756       21071763       21071763   512784330001  N  0                       2101001 01/01/2024       USD          325          650    311380718
01 37063618  MK087  M  DESLORATADINA +MK5MG. X10                  12 457470000 457470000       0005489640000       000    0    0    0    0    0         1  7591519008210       21071763       21071763   512784330001  N  0                         31586 01/11/2023       USD          147         1763    311380718
01 37063618  GN784  M  DESLORATADINA GN 5MG. X10                  12 383500000 383500000       0004602000000       000    0    0    0    0    0         1  7591585177469       21071763       21071763   512784330001  N  0                           088 01/03/2023       USD          123         1478    311380718
01 37063618  ZA102  M  EVIGAX 125MG. X10CA.BLA                     310099844891097809227 2634742143029953467       000    0    0    8    0    0         1  7592432900032       21071763       21071763   512784330001  N  0                        210101 01/04/2024       USD          324          973    311380718
01 37063618  VC002  M  FUGOLIN 1% SOL.TOP. 30ML.                   2 893010625 893010625       0001786021250       000    0    0    0    0    0         1  7592782000680       21071763       21071763   512784330001  N  0                       2120018 01/04/2023       USD          287          574    311380718
01 37063618  VC215  M  FUGOLIN CR. 20 GR.                          2 860437500 860437500       0001720875000       000    0    0    0    0    0         1  7592782000130       21071763       21071763   512784330001  N  0                       2110004 01/02/2023       USD          276          553    311380718
01 37063618  VC450  M  FUGOLIN CR.VAG. 50GR.                       418029375001802937500       0007211750000       000    0    0    0    0    0         1  7592782000307       21071763       21071763   512784330001  N  0                       2120013 01/03/2023       USD          579         2316    311380718
01 37063618  GB850  M  GLICERINA GC SUPOS.AD. X6                   212516034151251603415       0002503206830       000    0    0    0    0    0         1  7591136923958       21071763       21071763   512784330001  N  0                       2104162 01/04/2023       USD          402          804    311380718
01 37063618  MY005  M  IMAZOL SOL.SPRAY 1% 25ML.                   119912100001991210000       0001991210000       000    0    0    0    0    0         1  7592601100447       21071763       21071763   512784330001  N  0                        927902 01/11/2022       USD          639          639    311380718
01 37063618  CO310  M  IPALAT CREMA 20 GR.                         210442571871044257187       0002088514374       000    0    0    0    0    0         1  7591818114001       21071763       21071763   512784330001  N  0                         00460 01/11/2024       USD          335          671    311380718
01 37063618  FA409  M  NIFELAN LP 30MG. X30TA                      127773103242777310324       0002777310324       000    0    0    0    0    0         1  7591821903104       21071763       21071763   512784330001  N  0                 2010045200550 01/06/2023       USD          892          892    311380718
01 37063618  MK735  M  PREDNISONA +MK50MG. X10TA                   311947000001194700000       0003584100000       000    0    0    0    0    0         1  7591519001044       21071763       21071763   512784330001  N  0                         31768 01/03/2026       USD          384         1151    311380718
01 37063618  12940  M  ZIMAX 200MG/ML SUSPE 50ML                   211147500001592500000 9555000002229500000       000    0    0   30    0    0         1  8941100965900       21071763       21071763   512784330001  N  0                       0A03256 01/12/2021       USD          358          716    311380718
02 37063618         56   51438193321           000           000   51438193321    0    0    0  000    0    0    0   18/06/2021 06:38:10 p.m.   PR           000           000             0            15           USD    311380718        16519
