01 37068859  LO539  M  AFLAMAX 50MG. X20TA                         6 778752975 778752975       0004672517850       000    0    0    0    0    0         1  7591196004451       21075956       21075956   512837090001  N  0                       I011071 01/02/2023       USD          245         1468    318341351
01 37068859  MK635  M  ALBENDAZOL +MK200T.FRU.X2                   8 267696000 297440000 2379520002141568000       000    0    0   10    0    0         1  7591519007022       21075894       21075894   512837090001  N  0                         31452 01/09/2022       USD          084          673    318341351
01 37068859  AL130  C  ALGODON ALVE 50 GR.                         3 474100510 474100510       0001422301530 227568245    0    0    0    0    0         1  7591442000060       21075894       21075894   512837090001  N  0                        MA2020 01/05/2025       USD          149          447    318341351
01 37068859  VP290  M  BIPRIN 300MG. X10CA.BLA                     1 886427100 886427100       000 886427100       000    0    0    0    0    0         1  7592432002576       21076353       21076353   512837090001  N  0                        210077 01/04/2024       USD          278          278    318341351
01 37068859  PB245  M  DENCORUB GEL 40 GR.                         3 630054786 630054786       0001890164358       000    0    0    0    0    0         1  7591309010416       21075894       21075894   512837090001  N  0                       2105007 01/05/2023       USD          198          594    318341351
01 37068859  PB015  C  DENCORUB ICE GEL 40GR.                      3 358402205 358402205       0001075206615 172033058    0    0    0    0    0         1  7591309001049       21075894       21075894   512837090001  N  0                      A2105127 01/05/2024       USD          113          338    318341351
01 37068859  GQ379  M  GLIMEPIRIDE ELTER 4MG. X16                  3 998530000 998530000       0002995590000       000    0    0    0    0    0         1  7703763165063       21075902       21075902   512837090001  N  0                       3268572 01/05/2024       USD          314          941    318341351
01 37068859  VP784  M  ILANA 600MG.VAG. X1CA.BL                    211577950531157795053       0002315590106       000    0    0    0    0    0         1  7592432011523       21075902       21075902   512837090001  N  0                        200228 01/08/2023       USD          364          727    318341351
01 37068859  AH295  M  LASIX 20MG. X24CO                           2 844740000 889200000  889200001689480000       000    0    0    5    0    0         1  7592205000037       21075902       21075902   512837090001  N  0                         31606 01/11/2023       USD          265          531    318341351
01 37068859  LC409  M  MIGREN 650-50-1 X10CO                       2 532350000 532350000       0001064700000       000    0    0    0    0    0         1  7591585115737       21075956       21075956   512837090001  N  0                           524 01/05/2023       USD          167          334    318341351
01 37068859  LO514  M  MOVIMEX 15MG. X10TA                         6 814841528 814841528       0004889049168       000    0    0    0    0    0         1  7591196004093       21075894       21075894   512837090001  N  0                       I110043 01/11/2022       USD          256         1536    318341351
01 37068859  LO134  M  OCUPRED 1% SUSP.OFT. 5ML.                   2 875503535 875503535       0001751007070       000    0    0    0    0    0         1  7591196002242       21076353       21076353   512837090001  N  0                        051968 01/05/2023       USD          275          550    318341351
01 37068859  KL061  M  PLIDAN SOL.GOTAS 20ML.                      612870000001287000000       0007722000000       000    0    0    0    0    0         1  7591619517940       21075894       21075894   512837090001  N  0                          0020 01/01/2024       USD          404         2426    318341351
01 37068859  LO280  M  QUINOFTAL 0,3%SO.OFT.5ML.                   3 631910967 631910967       0001895732901       000    0    0    0    0    0         1  7591196000439       21075902       21075902   512837090001  N  0                        030883 01/07/2022       USD          198          596    318341351
01 37068859  MK959  M  TIOCOLCHICOSIDO +MK4 X12                    212600900001400100000 2800200002520180000       000    0    0   10    0    0         1  7591519007749       21076353       21076353   512837090001  N  0                         31745 01/02/2024       USD          396          792    318341351
01 37068859  PA949  M  TONUM 10MG. X30TA                           311415625001141562500       0003424687500       000    0    0    0    0    0         1  7591243851106       21075956       21075956   512837090001  N  0                       9231401 01/02/2024       USD          359         1076    318341351
01 37068859  11321  M  ULCON 1GR. X20TA                            627300000002730000000       000       000       000    0    0    0    0    0         1  7591821210288       21076693       21076693   512837090001  N  0                       2105178 01/05/2023       USD          858         5145    318341351
01 37068859  LT930  M  VIASEK COMPR. 50MG. X2                     12 365478750 365478750       0004385745000       000    0    0    0    0    0         1  7591585111005       21075902       21075902   512837090001  N  0                           094 01/04/2024       USD          115         1378    318341351
02 37068859         73   60624439053    2497508145     399601303   63521548501    0    0    0  000    0    0    0   24/06/2021 09:32:48 a.m.   PR           000           000             0            18           USD    318341351        19828
