01 37073732  11478  M  CANDESARTAN ELTER16MG.X10                   610082800001008280000       0006049680000       000    0    0    0    0    0         1  7592454891189       21081034       21081034   512882890001  N  0                       3265286 01/04/2023       USD          315         1892    319690301
01 37073732  MY113  M  CETRAL 10MG. X10TA                         12 581360000 581360000       0006976320000       000    0    0    0    0    0         1  7592601100690       21081034       21081034   512882890001  N  0                        125802 01/03/2023       USD          182         2182    319690301
01 37073732  KL033  M  COROPRES H 8/12,5 X30CO                     622880000002288000000       000       000       000    0    0    0    0    0         1  7591619520353       21081034       21081034   512882890001  N  0                          0004 01/02/2024       USD          716         4294    319690301
01 37073732  GT004  M  COVENTROL 12,5MG. X30CO                    1213390000001339000000       000       000       000    0    0    0    0    0         1  7591585365644       21081034       21081034   512882890001  N  0                           125 01/03/2023       USD          419         5026    319690301
01 37073732  LT038  M  COVENTROL 6,25MG. X30CO                    12 897000000 897000000       000       000       000    0    0    0    0    0         1  7591585265630       21081034       21081034   512882890001  N  0                           124 01/03/2023       USD          281         3367    319690301
01 37073732  11285  M  FEBRIP 650MG. X14CO                        12 354900000 50700000018252000004258800000       000    0    0   30    0    0         1  7591619519210       21081034       21081034   512882890001  N  0                          0022 01/03/2022       USD          111         1332    319690301
01 37073732  12397  M  FESTAL 210MG X10GRG                         6 851955000 851955000       0005111730000       000    0    0    0    0    0         1  7591044407526       21081034       21081034   512882890001  N  0                         31844 01/03/2023       USD          266         1599    319690301
01 37073732  AY295  C  GASAS ESTER KX3X3 50-S X2                   224700000002470000000       0004940000000 790400000    0    0    0    0    0         1 10813333014159       21081034       21081034   512882890001  N  0                      20191009 01/11/2024       USD          773         1545    319690301
01 37073732  GN694  M  MELOXICAM GN 15MG. X10CO                    6 559000000 559000000       0003354000000       000    0    0    0    0    0         1  7591585178022       21081034       21081034   512882890001  N  0                           074 01/04/2023       USD          175         1049    319690301
01 37073732  LC409  M  MIGREN 650-50-1 X10CO                      12 489762000 532350000 5110560005877144000       000    0    8    0    0    0         1  7591585115737       21081034       21081034   512882890001  N  0                           524 01/05/2023       USD          153         1838    319690301
01 37073732  LX102  M  MIGREN 650-50-1 X20CO                       6 816270000 887250000 4258800004897620000       000    0    8    0    0    0         1  7591585415738       21081034       21081034   512882890001  N  0                           510 01/09/2022       USD          255         1532    319690301
01 37073732  CO185  M  MIOVIT GRAGEAS X10                          4 598264349 664738166 2658952682393057396       000    0    0   10    0    0         1  7591818118030       21081034       21081034   512882890001  N  0                         10117 01/04/2024       USD          187          749    319690301
01 37073732  MK339  M  VIAJESAN 50MG. X10TA                        6 543400000 543400000       0003260400000       000    0    0    0    0    0         1   769229220612       21081034       21081034   512882890001  N  0                        491218 01/12/2021       USD          170         1020    319690301
01 37073732  11600  C  BARR DER.BIOS P.GRASA 90                    6 315749371 343205838 1647388021894496226 303119396    0    0    8    0    0         2  7595481000234       21081034       21081034   512882890002  N  0                        210402 01/04/2025       USD          099          593    319690301
01 37073732  11601  C  BARR DER.BIOS P.SECA 90                     6 311635769 338734531 1625925721869814614 299170338    0    0    8    0    0         2  7595481000241       21081034       21081034   512882890002  N  0                        201001 01/10/2024       USD          097          585    319690301
01 37073732  11270  C  BARROCUTINA GEL FAC.20GR.                   2 617760000 617760000       0001235520000 197683200    0    0    0    0    0         2  7593090002199       21081034       21081034   512882890002  N  0                       F200804 01/08/2023       USD          193          386    319690301
01 37073732  11262  C  BRUCEN LO.CR.CORP.250ML.                    217503200001750320000       0003500640000 560102400    0    0    0    0    0         2  7592090000334       21081034       21081034   512882890002  N  0                        210572 01/05/2024       USD          548         1095    319690301
01 37073732  BQ001  M  AMBROXOL BQ. 15MG.120ML.                    6 752659375 775937500 1396687504515956250       000    0    0    3    0    0         3  7594000850909       21081034       21081034   512882890003  N  0                        210317 01/03/2023       USD          235         1413    319690301
01 37073732  BQ290  M  AMBROXOL BQ. 30MG.120ML.                   12 784184375 808437500 2910375009410212500       000    0    0    3    0    0         3  7594000850923       21081034       21081034   512882890003  N  0                        210508 01/05/2023       USD          245         2944    319690301
01 37073732  QO170  M  BROXOL FLEM PED. 120CC.                     810335000001033500000       0008268000000       000    0    0    0    0    0         3  7592454000444       21081034       21081034   512882890003  N  0                       3268473 01/05/2023       USD          323         2586    319690301
01 37073732  GQ105  M  BROXOL JBE.AD. 120ML.                       611180000001118000000       0006708000000       000    0    0    0    0    0         3  7592454536271       21081034       21081034   512882890003  N  0                       3268619 01/06/2023       USD          350         2098    319690301
02 37073732        150  111640920146   13440470840    2150475334  127231866320    0    0    0  000    0    0    0   28/06/2021 02:52:53 p.m.   PR           000           000             0            21           USD    319690301        39126
