01 37077976  11732  M  ANTAAR HCT 5-6,25 X30TA                     415245100001524510000       0006098040000       000    0    0    0    0    0         1  7591519317343       21084819       21084819   512926550001  N  0                         31708 01/02/2024       USD          473         1893    322059835
01 37077976  KV004  M  ANTILAX 2MG. X10TA                          4 351568324 370071920 1850359601406273296       000    0    0    5    0    0         1  7591821102095       21084819       21084598   512926550001  N  0                       2010043 01/10/2022       USD          109          437    322059835
01 37077976  KV004  M  ANTILAX 2MG. X10TA                          6 351568324 370071920 1850359602109409944       000    0    0    5    0    0         1  7591821102095       21084598       21084598   512926550001  N  0                       2010043 01/10/2022       USD          109          655    322059835
01 37077976  13642  M  ATENOLOL 50MG X30 TAB BUK                   6 471900000 471900000       0002831400000       000    0    0    0    0    0         1  0675696259966       21084584       21084584   512926550001  N  0                        AT5304 01/08/2023       USD          147          879    322059835
01 37077976  13490  M  BISOPROLOL 10MGX30 TAB                      418148000001814800000       0007259200000       000    0    0    0    0    0         1  7598176000205       21084584       21084584   512926550001  N  0                        T00189 01/11/2022       USD          563         2254    322059835
01 37077976  FA022  M  BONAMES 150MG. X1TA                         313199062501389375000 2084062503959718750       000    0    0    5    0    0         1  7591821903326       21084598       21084598   512926550001  N  0                       2105132 01/05/2025       USD          410         1229    322059835
01 37077976  14429  M  ENALAPRIL GN 20MG. X10CO                   12 147875000 147875000       0001774500000       000    0    0    0    0    0         1  7591585278531       21084584       21084584   512926550001  N  0                           422 01/05/2023       USD          046          551    322059835
01 37077976  14853  M  ENALAPRIL JL10MG. X10TA                    12 161226000 161226000       0001934712000       000    0    0    0    0    0         1  7598650000288       21084584       21084584   512926550001  N  0                         T8856 01/07/2023       USD          050          601    322059835
01 37077976  14558  M  ENALAPRIL LAND10 X100TA                     217972500001797250000       0003594500000       000    0    0    0    0    0         1  7598008000366       21084584       21084584   512926550001  N  0                         T9063 01/09/2023       USD          558         1116    322059835
01 37077976  ZA102  M  EVIGAX 125MG. X10CA.BLA                     610980687951098068795       0006588412770       000    0    0    0    0    0         1  7592432900032       21084584       21084584   512926550001  N  0                        210101 01/04/2024       USD          341         2046    322059835
01 37077976  FA019  M  FITEX  5MG. X30TA                           611610177191161017719       0006966106314       000    0    0    0    0    0         1  7591821904316       21084819       21084819   512926550001  N  0                       2006365 01/10/2022       USD          360         2163    322059835
01 37077976  FA021  M  FITEX  TAB 5MG X10                          6 375073400 416748222 2500489322250440400       000    0    0   10    0    0         1  7591821904323       21084819       21084819   512926550001  N  0                       2104590 01/04/2023       USD          116          699    322059835
01 37077976  MY009  M  IMAZOL 500MG. X1CA.BL.VAG                   222517300002251730000       0004503460000       000    0    0    0    0    0         1  7592601100737       21084598       21084598   512926550001  N  0                        130101 01/03/2023       USD          699         1398    322059835
01 37077976  13115  M  LANSOPRAZOL +MK 30MGX14CA                   3 908960000 908960000       0002726880000       000    0    0    0    0    0         1  7591519051377       21084819       21084819   512926550001  N  0                         31789 01/03/2024       USD          282          847    322059835
01 37077976  13609  M  LOSARTAN POT BIU 100MGX30                   314196000001419600000       0004258800000       000    0    0    0    0    0         1  8901463129937       21084598       21084598   512926550001  N  0                     FLB62001A 01/08/2023       USD          441         1322    322059835
01 37077976  JV100  M  OXIDREN 150MG. X1CO                         2 936000000 936000000       0001872000000       000    0    0    0    0    0         1  7591585112552       21084584       21084584   512926550001  N  0                           030 01/04/2023       USD          291          581    322059835
01 37077976  MK735  M  PREDNISONA +MK50MG. X10TA                   311947000001194700000       0003584100000       000    0    0    0    0    0         1  7591519001044       21084598       21084598   512926550001  N  0                         31767 01/03/2026       USD          371         1113    322059835
01 37077976  11448  M  SINUTIL DIA/NOCHE 500X9CA                   6 542880000 542880000       0003257280000       000    0    0    0    0    0         1  7593090000713       21084584       21084584   512926550001  N  0                        210039 01/02/2023       USD          169         1011    322059835
01 37077976  LT439  M  TEKRON 200MG. X30CO                         231330000003133000000       0006266000000       000    0    0    0    0    0         1  7591585218568       21084692       21084692   512926550001  N  0                           182 01/03/2023       USD          973         1946    322059835
01 37077976  MK959  M  TIOCOLCHICOSIDO +MK4 X12                    314001000001400100000       0004200300000       000    0    0    0    0    0         1  7591519007749       21084584       21084584   512926550001  N  0                         31973 01/05/2024       USD          435         1304    322059835
01 37077976  PB620  C  VITENOL CREMA 15GR.                         6 224001379 224001379       0001344008274 215041324    0    0    0    0    0         1  7591309000714       21084584       21084584   512926550001  N  0                      A2105144 01/05/2024       USD          070          417    322059835
01 37077976  GN091  M  CAPTOPRIL GN 25MG.X30CO                    12 526240000 572000000 5491200006314880000       000    0    8    0    0    0         2  7591585370167       21084598       21084598   512926550002  N  0                           117 01/08/2024       USD          163         1961    322059835
01 37077976  VP664  M  EVIGAX 125MG. X20CA.BLA                     216044600001604460000       0003208920000       000    0    0    0    0    0         2  7592432010212       21084584       21084584   512926550002  N  0                        210124 01/04/2024       USD          498          996    322059835
01 37077976  13114  M  FINASTERIDE +MK 5MG X10TA                   3 908700000 908700000       0002726100000       000    0    0    0    0    0         2  7591519317794       21084819       21084819   512926550002  N  0                         31847 01/04/2024       USD          282          846    322059835
01 37077976  MK694  M  FINASTERIDE +MK 5MG. X30                    323712000002371200000       0007113600000       000    0    0    0    0    0         2  7591519050820       21084819       21084819   512926550002  N  0                         31723 01/02/2024       USD          736         2209    322059835
01 37077976  LO009  M  SALBUTAMOL LO S.INH.15ML.                   310709345791070934579       0003212803737       000    0    0    0    0    0         2  7591196002303       21084584       21084584   512926550002  N  0                        110298 01/01/2024       USD          333          998    322059835
02 37077976        124  100017837211    1344008274     215041324  101576886809    0    0    0  000    0    0    0   01/07/2021 11:19:23 a.m.   PR           000           000             0            25           USD    322059835        31473
