01 37075145  12904  M  ADEGRA ACI 50MG X4TA                       48 125125000 25025000060060000006006000000       000    0    0   50    0    0         1  7598055000241       21082198       21082198   512900920001  N  0                         TA026 01/12/2021       USD          039         1879    319690301
01 37075145  LO124  M  AIRON 10MG. X10TA                          12 808107300 808107300       0009697287600       000    0    0    0    0    0         1  7591196002563       21082198       21082198   512900920001  N  0                       I041137 01/04/2023       USD          253         3033    319690301
01 37075145  14111  M  AMOXICILINA 500MG X 8 CAP                  48 322400000 322400000       000       000       000    0    0    0    0    0         1  7592236002024       21082198       21082198   512900920001  N  0                      BCA23003 01/05/2022       USD          101         4841    319690301
01 37075145  PO175  M  BACITRACINA PO UNG. 15GR.                   3 604500000 604500000       0001813500000       000    0    0    0    0    0         1  7592806141016       21082488       21082488   512900920001  N  0                        101009 01/01/2024       USD          189          567    319690301
01 37075145  LT028  M  BIOTALOL 2,5MG. X30CO                       314202500001495000000 2242500004260750000       000    0    5    0    0    0         1  7591585217172       21082488       21082488   512900920001  N  0                           058 01/04/2023       USD          444         1333    319690301
01 37075145  LT031  M  BIOTALOL 5MG. X30CO                         318772000001976000000 2964000005631600000       000    0    5    0    0    0         1  7591585217165       21082488       21082488   512900920001  N  0                           116 01/02/2023       USD          587         1762    319690301
01 37075145  12889  M  CAB 5 5MG 30TA                             24 386750000 386750000       0009282000000       000    0    0    0    0    0         1  7598055000258       21082488       21082488   512900920001  N  0                         TA019 01/12/2022       USD          121         2903    319690301
01 37075145  MK949  M  CARVEDILOL +MK 12,5 X14TA                   6 560560000 560560000       0003363360000       000    0    0    0    0    0         1  7591519007053       21082488       21082488   512900920001  N  0                         31888 01/04/2023       USD          175         1052    319690301
01 37075145  MK944  M  CARVEDILOL +MK 25 X14TA                     6 864500000 864500000       0005187000000       000    0    0    0    0    0         1  7591519007640       21082488       21082488   512900920001  N  0                         31889 01/04/2023       USD          270         1622    319690301
01 37075145  MK004  M  CARVEDILOL +MK 6,25 X14TA                   2 562445000 562445000       0001124890000       000    0    0    0    0    0         1  7591519007633       21082488       21082488   512900920001  N  0                         31887 01/04/2023       USD          176          352    319690301
01 37075145  14114  M  CIPROFLOXACINA 500MGX10TA                  48 356200000 356200000       000       000       000    0    0    0    0    0         1  7592236002062       21082488       21082488   512900920001  N  0                     TC1220003 01/05/2022       USD          111         5348    319690301
01 37075145  11034  M  DOLGRIP X10CA                              12 379080000 379080000       0004548960000       000    0    0    0    0    0         1  7591519236026       21082488       21082488   512900920001  N  0                         31741 01/02/2024       USD          119         1423    319690301
01 37075145  GN146  M  ENALAPRIL GN 20MG. X30CO                   12 468000000 468000000       0005616000000       000    0    0    0    0    0         1  7591585378538       21082488       21082488   512900920001  N  0                           419 01/03/2023       USD          146         1757    319690301
01 37075145  MK101  M  GABAPENTINA +MK300MG. X20                   210426000001042600000       0002085200000       000    0    0    0    0    0         1  7591519008562       21082488       21082488   512900920001  N  0                         31910 01/04/2024       USD          326          652    319690301
01 37075145  FA239  M  NOTOLAC 30MG. X4TA.SUBL.                    6 638820000 709800000 4258800003832920000       000    0    0   10    0    0         1  7591821210134       21082198       21082198   512900920001  N  0                       2008742 01/09/2022       USD          200         1199    319690301
01 37075145  13844  C  AGUA MICELAR BIFA. 200CM3                   311845600001184560000       0003553680000 568588800    0    0    0    0    0         2  7596548003359       21082198       21082198   512900920002  N  0                      20110742 01/11/2022       USD          371         1112    319690301
01 37075145  13843  C  AGUA MICELAR P.SEN.200CM3                   3 676260000 676260000       0002028780000 324604800    0    0    0    0    0         2  7596548003366       21082198       21082198   512900920002  N  0                      20120810 01/12/2022       USD          212          635    319690301
01 37075145  13521  C  ANTI TRANS DA LILA B 150M                   2 583050000 583050000       0001166100000 186576000    0    0    0    0    0         2  7595751003576       21082488       21082488   512900920002  N  0                           001 01/10/2023       USD          182          365    319690301
01 37075145  14109  M  ACETAMINOFEN QF JBE.120ML                  48 451230000 451230000       000       000       000    0    0    0    0    0         3  7592236001980       21082198       21082198   512900920003  N  0                          5861 01/06/2023       USD          141         6775    319690301
01 37075145  GQ720  M  AMBROXOL ELTER15MG.PED120                   6 777270000 777270000       0004663620000       000    0    0    0    0    0         3  7592454120203       21082198       21082198   512900920003  N  0                       3261050 01/01/2023       USD          243         1459    319690301
01 37075145  14816  M  AMOXIVAL AC250-62,5 60ML.                   311813839281181383928       0003544151784       000    0    0    0    0    0         3  7591020009003       21082198       21082198   512900920003  N  0                            02 01/03/2023       USD          370         1109    319690301
01 37075145  14816  M  AMOXIVAL AC250-62,5 60ML.                   311813839281181383928       0003544151784       000    0    0    0    0    0         3  7591020009003       21082198       21082198   512900920003  N  0                            02 01/03/2023       USD          370         1109    319690301
02 37075145        303  128433231168    6748560000    1079769600  136261560768    0    0    0  000    0    0    0   29/06/2021 12:41:51 p.m.   PR           000           000             0            22           USD    319690301        42285
