01 37086419  ET350  C  ADEMINA PLUS CR.CORP.60GR                   310421688711042168871       0003126506613 500241058  000  000  000  000  000         1  7591844000446       21093222       21093222   513012990001  N  0                    AP60210100 01/01/2024       USD          321          964    324370871
01 37086419  CO006  M  AEROFLAT GOTAS 80MG.20ML.                   110666338791066633879       0001066633879       000  000  000  000  000  000         1  7591818210406       21093169       21093169   513012990001  N  0                         10015 01/05/2023       USD          329          329    324370871
01 37086419  12827  M  ALBENDAZOL PX 200MG X2TA                   12 264177940 264177940       0003170135280       000  000  000  000  000  000         1  7594001100263       21093169       21093169   513012990001  N  0                          5751 01/05/2022       USD          081          977    324370871
01 37086419  13961  M  BABILINKID 100/0,42 20ML.                   1 617500000 617500000       000 617500000       000  000  000  000  000  000         1  7591585217660       21093169       21093169   513012990001  N  0                           001 01/10/2022       USD          190          190    324370871
01 37086419  12151  M  CIPROFLOXACI BM200 100ML.                   6 308425000 308425000       0001850550000       000  000  000  000  000  000         1  6930169708179       21093222       21093222   513012990001  N  0                        190467 01/03/2022       USD          095          570    324370871
01 37086419  CO265  M  CLORACE 500MG/4MG X10TA                     4 602683735 655091016 2096291242410734940       000  000  000  800  000  000         1  7591818116043       21093169       21093169   513012990001  N  0                         10159 01/04/2024       USD          186          743    324370871
01 37086419  VP324  M  COMPLEJO B VP 2CC. X3                       612441000001244100000       0007464600000       000  000  000  000  000  000         1  7703153013059       21093169       21093169   513012990001  N  0                       1319932 01/01/2024       USD          384         2301    324370871
01 37086419  QM490  M  DICIGEL SUSP. 240ML.                        119994000001999400000       0001999400000       000  000  000  000  000  000         1  7592454889216       21093169       21093169   513012990001  N  0                       3269896 01/06/2023       USD          616          616    324370871
01 37086419  LC140  M  LETISAN SOL.GOTAS 20ML.                     1 630500000 630500000       000 630500000       000  000  000  000  000  000         1  7591585114884       21093169       21093169   513012990001  N  0                           493 01/10/2023       USD          194          194    324370871
01 37086419  LT037  M  LISILET 10MG. X30CO                         213910000001391000000       0002782000000       000  000  000  000  000  000         1  7591585314369       21093169       21093169   513012990001  N  0                           130 01/11/2023       USD          429          858    324370871
01 37086419  11418  M  LODESTAR HCT 50-12,5 30TA                   413862835171386283517       0005545134068       000  000  000  000  000  000         1  7591020080972       21093169       21093169   513012990001  N  0                            12 01/03/2023       USD          427         1710    324370871
01 37086419  11441  M  LOSARTAN P.100MG.X10ELTER                   2 497702400 777660000 559915200 995404800       000  000  000 3600  000  000         1  7592454891165       21093222       21093222   513012990001  N  0                       3263306 01/03/2023       USD          153          307    324370871
01 37086419  LC170  M  MONOSULPA GOTAS 15 CC.                      2 600600000 600600000       0001201200000       000  000  000  000  000  000         1  7591585110923       21093169       21093169   513012990001  N  0                           194 01/12/2022       USD          185          370    324370871
01 37086419  KN430  M  NEFROTAL H 100/12,5 X30CO                   119240000001924000000       0001924000000       000  000  000  000  000  000         1  7591955558287       21093222       21093222   513012990001  N  0                          0025 01/03/2024       USD          593          593    324370871
01 37086419  LO280  M  QUINOFTAL 0,3%SO.OFT.5ML.                   3 695102064 695102064       0002085306192       000  000  000  000  000  000         1  7591196000439       21093169       21093169   513012990001  N  0                        030883 01/07/2022       USD          214          643    324370871
01 37086419  LO444  M  APIRET 180SOL.ORAL 120ML.                   3 747169794 747169794       0002241509382       000  000  000  000  000  000         2  7591196002785       21093169       21093169   513012990002  N  0                        051962 01/06/2023       USD          230          691    324370871
01 37086419  11808  M  APIRET 180SOL.ORAL 60ML.                    6 354658710 354658710       0002127952260       000  000  000  000  000  000         2  7591196007155       21093169       21093169   513012990002  N  0                       I051015 01/05/2023       USD          109          656    324370871
01 37086419  GN019  M  CETIRIZINA GN SOL. 60ML.                   12 375700000 375700000       0004508400000       000  000  000  000  000  000         2  7591585174598       21093169       21093169   513012990002  N  0                           082 01/05/2023       USD          116         1390    324370871
01 37086419  11940  M  CLORACE 80-0,5 GOTAS 30ML                   2 635243595 690482169 1104771481270487190       000  000  000  800  000  000         2  7591818716724       21093169       21093169   513012990002  N  0                         00241 01/06/2023       USD          196          392    324370871
01 37086419  CO380  M  CLORACE JBE.PED. 120ML.                     2 791252158 860056694 1376090721582504316       000  000  000  800  000  000         2  7591818112069       21093169       21093169   513012990002  N  0                         00369 01/09/2024       USD          244          488    324370871
01 37086419  11697  M  HEPAFOL FORTE JBE. 120ML.                   118164900001816490000       0001816490000       000  000  000  000  000  000         2  7592601301851       21093169       21093169   513012990002  N  0                        938303 01/09/2021       USD          560          560    324370871
01 37086419  MO009  M  HEPAFOL JARABE 120ML.                       116135600001613560000       0001613560000       000  000  000  000  000  000         2  7592601301592       21093169       21093169   513012990002  N  0                        135201 01/05/2023       USD          497          497    324370871
01 37086419  11526  M  NONAFOL 10MG. GOTAS 15ML.                   2 960310000 960310000       0001920620000       000  000  000  000  000  000         2  7592601303114       21093169       21093169   513012990002  N  0                        054205 01/09/2022       USD          296          592    324370871
01 37086419  LO700  M  VITADYN KIDS JBE. 120ML.                    2 680577867 680577867       0001361155734       000  000  000  000  000  000         2  7591196000767       21093169       21093169   513012990002  N  0                       I051578 01/05/2023       USD          210          420    324370871
02 37086419         80   52185778041    3126506613     500241058   55812525712    0    0    0  000    0    0    0   07/07/2021 02:09:13 p.m.   PR           000           000             0            24           USD    324370871        17052
