01 37084612  MG110  M  ACICLOR CR. 10 GR.                          2 988000000 988000000       0001976000000       000    0    0    0    0    0         1  7591585311634       21091324       21091324   512994660001  N  0                           251 01/05/2024       USD          305          610    324185460
01 37084612  12586  M  ACICLOVIR KMPLUS 200MGX10                   2 372179473 395935610  47512274 744358946       000    0    0    6    0    0         1  6921875010748       21091324       21091324   512994660001  N  0                       2004421 01/04/2023       USD          115          230    324185460
01 37084612  PO175  M  BACITRACINA PO UNG. 15GR.                   3 650000000 650000000       0001950000000       000    0    0    0    0    0         1  7592806141016       21091370       21091370   512994660001  N  0                        105071 01/05/2024       USD          200          602    324185460
01 37084612  MK579  M  DOL PLUS TAB. X10                           2 637000000 637000000       0001274000000       000    0    0    0    0    0         1  7591519005134       21091324       21091324   512994660001  N  0                         31834 01/03/2024       USD          196          393    324185460
01 37084612  VM209  M  DUROVAL 50MG. X3TA                          6 556291139 556291139       0003337746834       000    0    0    0    0    0         1  7591020005029       21091324       21091324   512994660001  N  0                           628 01/05/2026       USD          172         1030    324185460
01 37084612  GN191  M  VALSARTAN GN 80MG. X30CA                    4 991900000 991900000       0003967600000       000    0    0    0    0    0         1  7591585275875       21091297       21091297   512994660001  N  0                           192 01/02/2023       USD          306         1224    324185460
01 37084612  12086  M  VIT E VP 400MG. X15CA.BLA                   3 886461050 984956722 2954870162659383150       000    0    0   10    0    0         1  7592432901428       21091324       21091324   512994660001  N  0                        200291 01/10/2023       USD          273          820    324185460
01 37084612  MY100  M  AD VIT SUSP. 240ML.                         220688200002068820000       0004137640000       000    0    0    0    0    0         2  7592601100010       21091297       21091297   512994660002  N  0                        113301 01/02/2023       USD          638         1276    324185460
01 37084612  CO220  M  BROMEXINA CO 4MG.JBE100ML                   4 518667287 518667287       0002074669148       000    0    0    0    0    0         2  7591818132029       21091324       21091324   512994660002  N  0                         10199 01/06/2023       USD          160          640    324185460
01 37084612  GQ110  M  BROXOL JBE. PED. 120 CC.                    2 962000000 962000000       0001924000000       000    0    0    0    0    0         2  7592454536370       21091297       21091297   512994660002  N  0                       3268618 01/06/2023       USD          297          593    324185460
01 37084612  10615  N  CITRATO POTASIO10,8%FS240                   3 805675000 805675000       0002417025000       000    0    0    0    0    0         2  7592368003449       21091297       21091297   512994660002  N  0                       0521047 01/05/2022       USD          249          746    324185460
01 37084612  CO011  M  MIOVIT JARABE 180ML.                        115997483891738856945 1391085561599748389       000    0    0    8    0    0         2  7591818251393       21091370       21091370   512994660002  N  0                         10073 01/03/2023       USD          493          493    324185460
02 37084612         34   28062171467           000           000   28062171467    0    0    0  000    0    0    0   06/07/2021 01:37:07 p.m.   PR           000           000             0            12           USD    324185460         8656
