01 37080137  14379  M  ANOMEX 0,25/3/5/0,5 10SUP                   110400000001040000000       0001040000000       000    0    0    0    0    0         1  8906009231020       21086735       21086735   512951530001  N  0                      K1ADX016 01/07/2022       USD          320          320    324632090
01 37080137  11906  M  ARUDIL 15MG. X30TA                          164837500006825000000 3412500006483750000       000    0    0    5    0    0         1  7591821210561       21086735       21086735   512951530001  N  0                       2105156 01/05/2023       USD         1997         1997    324632090
01 37080137  11716  M  ARUDIL 20MG. X10TA                          132418750003412500000 1706250003241875000       000    0    0    5    0    0         1  7591821210028       21086735       21086735   512951530001  N  0                       2105171 01/05/2023       USD          999          999    324632090
01 37080137  EL524  M  BRUGESICFORTE 200SUSP60ML                   4 736740160 736740160       0002946960640       000    0    0    0    0    0         1  7591062013082       21086757       21086757   512951530001  N  0                        20140A 01/11/2022       USD          227          908    324632090
01 37080137  14234  M  CLONEDEX 1+0.50+0.04 X20G                   6 735540000 735540000       0004413240000       000    0    0    0    0    0         1  7598578000117       21086735       21086735   512951530001  N  0                            33 01/01/2023       USD          227         1359    324632090
01 37080137  DP026  M  CLOTRIMAZOL DP10%CR.V.7GR                   6 9407328111069014558 7696904825644396866       000    0    0   12    0    0         1  7592616584157       21086757       21086757   512951530001  N  0                         10312 01/04/2024       USD          290         1739    324632090
01 37080137  PA994  M  DIAGESIC SUSP.ORAL 120ML.                   212066039691206603969       0002413207938       000    0    0    0    0    0         1  7591243811728       21086757       21086757   512951530001  N  0                       9226801 01/05/2023       USD          372          743    324632090
01 37080137  11904  M  DUOVENT SOL.P.INH. 15ML.                    616234924761623492476       0009740954856       000    0    0    0    0    0         1  7591196002204       21086757       21086757   512951530001  N  0                        030523 01/04/2022       USD          500         3001    324632090
01 37080137  14426  M  HIDROCOR AL500IM/IM X1AM                    213770417011377041701       0002754083402       000    0    0    0    0    0         1  7597758000695       21087298       21087298   512951530001  N  0                       2120170 01/07/2023       USD          424          848    324632090
01 37080137  14918  M  LEVOSULPIRIDE LS25 X30TA                    3 843700000 843700000       0002531100000       000    0    0    0    0    0         1  7592454889995       21087298       21087298   512951530001  N  0                       3266758 01/04/2023       USD          260          780    324632090
01 37080137  14571  M  LOPERAMIDA LAND2MG.X100TA                   127209000002720900000       0002720900000       000    0    0    0    0    0         1  7598008000519       21087298       21087298   512951530001  N  0                         T9078 01/09/2023       USD          838          838    324632090
01 37080137  12925  M  NITAZOXANIDA 500MG X6TA                     217669600001766960000       0003533920000       000    0    0    0    0    0         1  7703763391172       21087298       21087298   512951530001  N  0                       3266114 01/05/2023       USD          544         1089    324632090
01 37080137  12882  M  ODICA 150MG X28CO                           123400000002340000000       0002340000000       000    0    0    0    0    0         1  7401078920383       21086757       21086757   512951530001  N  0                        M05134 01/05/2022       USD          721          721    324632090
01 37080137  12578  M  PENICILINA KMP 1.200.000U                  12 210949787 255016667 5288025602531397444       000    0   12    6    0    0         1  6921875010762       21087298       21087298   512951530001  N  0                       2009460 01/09/2023       USD          065          780    324632090
01 37080137  14889  M  PREDNISONA JL5MG. X10TA                     6 327826200 327826200       0001966957200       000    0    0    0    0    0         1  7598650000554       21087298       21087298   512951530001  N  0                         T8874 01/07/2023       USD          101          606    324632090
01 37080137  EB390  C  SCHICK EXACTA MAQ. PD X3                    2 586950000 586950000       0001173900000 187824000    0    0    0    0    0         1  7591066681300       21087298       21087298   512951530001  N  0                           10X 01/01/2030       USD          181          362    324632090
01 37080137  EB380  C  SCHICK EXACTA MAQ. PS X3                    2 586950000 586950000       0001173900000 187824000    0    0    0    0    0         1  7591066681294       21087298       21087298   512951530001  N  0                           10X 01/01/2030       USD          181          362    324632090
01 37080137  EB330  C  SCHICK XTRE3 PS MAQ.AF X2                   2 878150000 878150000       0001756300000 281008000    0    0    0    0    0         1  7591066201003       21087298       21087298   512951530001  N  0                           10X 01/01/2030       USD          270          541    324632090
01 37080137  MY290  M  TILODRIN GOTAS 15ML.                        6 701350000 701350000       0004208100000       000    0    0    0    0    0         1  7592601100539       21086757       21086757   512951530001  N  0                        002701 01/06/2022       USD          216         1296    324632090
01 37080137  GQ079  M  VIT C LS500NRJA.10B.X10TM                   641340000004134000000       000       000       000    0    0    0    0    0         1  7703763984329       21087298       21087298   512951530001  N  0                       3267011 01/05/2024       USD         1273         7641    324632090
02 37080137         72   83314843346    4104100000     656656000   88075599346    0    0    0  000    0    0    0   02/07/2021 10:53:42 a.m.   PR           000           000             0            20           USD    324632090        26929
