01 37095481  12827  M  ALBENDAZOL PX 200MG X2TA                   12 264177940 264177940       0003170135280       000  000  000  000  000  000         1  7594001100263       21101751       21101751   513101340001  N  0                          5751 01/05/2022       USD          078          935    339165191
01 37095481  EL010  M  ALBICAR 200MG. X6TA                         6 599071850 599071850       0003594431100       000  000  000  000  000  000         1  7591062010173       21101751       21101751   513101340001  N  0                        21015B 01/02/2024       USD          177         1060    339165191
01 37095481  14379  M  ANOMEX 0,25/3/5/0,5 10SUP                   114040000001404000000       0001404000000       000  000  000  000  000  000         1  8906009231020       21101751       21101751   513101340001  N  0                      K1ADX016 01/07/2022       USD          414          414    339165191
01 37095481  11716  M  ARUDIL 20MG. X10TA                          234125000003412500000       0006825000000       000  000  000  000  000  000         1  7591821210028       21101751       21101751   513101340001  N  0                       2105171 01/05/2023       USD         1006         2012    339165191
01 37095481  13642  M  ATENOLOL 50MG X30 TAB BUK                   6 507000000 507000000       0003042000000       000  000  000  000  000  000         1  0675696259966       21101751       21101751   513101340001  N  0                         AT505 01/11/2022       USD          149          897    339165191
01 37095481  PO185  M  BACTRON TAB. X20                            210010000001001000000       0002002000000       000  000  000  000  000  000         1  7592806133073       21101751       21101751   513101340001  N  0                        104059 01/04/2026       USD          295          590    339165191
01 37095481  PA054  M  BETADERM PLUS CREMA 15GR.                   214016232501401623250       0002803246500       000  000  000  000  000  000         1  7591243804164       21101751       21101751   513101340001  N  0                       9257701 01/06/2023       USD          413          827    339165191
01 37095481  PA054  M  BETADERM PLUS CREMA 15GR.                   114016232501401623250       0001401623250       000  000  000  000  000  000         1  7591243804164       21101751       21101751   513101340001  N  0                       9230703 01/03/2023       USD          413          413    339165191
01 37095481  EL524  M  BRUGESICFORTE 200SUSP60ML                   4 736740160 736740160       0002946960640       000  000  000  000  000  000         1  7591062013082       21101751       21101751   513101340001  N  0                        20140A 01/11/2022       USD          217          869    339165191
01 37095481  HH106  M  CANDIDERM CREMA 30GR.                       712259000001225900000       0008581300000       000  000  000  000  000  000         1  8904091100347       21101751       21101751   513101340001  N  0                      10202005 01/09/2022       USD          361         2530    339165191
01 37095481  12498  M  DESLER M 2,5MG-5MG X10TA                    311128000001112800000       0003338400000       000  000  000  000  000  000         1  7592454891240       21101751       21101751   513101340001  N  0                       3263006 01/02/2023       USD          328          984    339165191
01 37095481  PA874  M  DI EUDRIN 12,5MG. X24TA                     610293222811029322281       0006175933686       000  000  000  000  000  000         1  7591243812374       21101751       21101751   513101340001  N  0                       9199102 01/11/2023       USD          303         1821    339165191
01 37095481  EH116  M  ESOMEPRAZOL VP40MG. X20TA                   41204946171150618271412049461724819784684       000  000  000 2000  000  000         1  7703153027421       21101751       21101751   513101340001  N  0                       1317483 01/09/2022       USD          355         1421    339165191
01 37095481  MK052  M  FLUCONAZOL +MK150MG. X2CA                  12 478465000 478465000       0005741580000       000  000  000  000  000  000         1  7591519001594       21101751       21101751   513101340001  N  0                         31736 01/02/2023       USD          141         1693    339165191
01 37095481  QM340  M  LEPRIT 25MG. X30TA                          214387100001438710000       0002877420000       000  000  000  000  000  000         1  7703763363063       21101751       21101751   513101340001  N  0                       3266757 01/04/2023       USD          424          848    339165191
01 37095481  CO185  M  MIOVIT GRAGEAS X10                          3 672715024 731211983 1754908772018145072       000  000  000  800  000  000         1  7591818118030       21101751       21101751   513101340001  N  0                         10118 01/04/2024       USD          198          595    339165191
01 37095481  13089  M  OXITETRACICLINA OFTX6GR                     215867961401586796140       0003173592280       000  000  000  000  000  000         1  7597446000044       21101751       21101751   513101340001  N  0                         20411 01/04/2024       USD          468          936    339165191
01 37095481  MK036  M  PREDNISONA +MK5MG. X30TA                    610077600001007760000       0006046560000       000  000  000  000  000  000         1  7591519050806       21101751       21101751   513101340001  N  0                         31942 01/05/2026       USD          297         1783    339165191
01 37095481  11828  M  PREDNISONA CCM 5MG.X20TA                    3 637319385 637319385       0001911958155       000  000  000  000  000  000         1  7501384546816       21101751       21101751   513101340001  N  0                       0421360 01/04/2023       USD          188          564    339165191
01 37095481  14889  M  PREDNISONA JL5MG. X10TA                     7 348920000 348920000       0002442440000       000  000  000  000  000  000         1  7598650000554       21101751       21101751   513101340001  N  0                         T8874 01/07/2023       USD          103          720    339165191
01 37095481  MK959  M  TIOCOLCHICOSIDO +MK4 X12                    314001000001400100000       0004200300000       000  000  000  000  000  000         1  7591519007749       21101751       21101751   513101340001  N  0                         31973 01/05/2024       USD          413         1238    339165191
01 37095481  MK949  M  CARVEDILOL +MK 12,5 X14TA                   6 560560000 560560000       0003363360000       000  000  000  000  000  000         2  7591519007053       21101751       21101751   513101340002  N  0                         31888 01/04/2023       USD          165          992    339165191
01 37095481  14215  M  DECOBEL 0.5MG X30TA                         8 975000000 975000000       0007800000000       000  000  000  000  000  000         2  7592806133110       21101751       21101751   513101340002  N  0                        105079 01/05/2023       USD          287         2300    339165191
01 37095481  14876  M  IBUPRO+TIOCOL FM600/4 X10                   610400000001040000000       0006240000000       000  000  000  000  000  000         2  8906082150775       21101751       21101751   513101340002  N  0                         T0528 01/09/2023       USD          307         1840    339165191
02 37095481        114   95920170647           000           000   95920170647    0    0    0  000    0    0    0   15/07/2021 09:53:29 a.m.   PR           000           000             0            24           USD    339165191        28281
