01 37092388  11795  M  AFLAMAX 50MG. X10TA                         3 417867450 417867450       0001253602350       000  000  000  000  000  000         1  7591196007186       21098815       21098815   513070600001  N  0                       I021130 01/02/2023       USD          127          381    329108387
01 37092388  14831  M  BETAMETASONA JL4MG. X10A                    312641200001264120000       0003792360000       000  000  000  000  000  000         1  7598650000172       21098815       21098815   513070600001  N  0                        N16291 01/07/2023       USD          384         1152    329108387
01 37092388  12085  M  CEVAX 500MG. X15CA.BLA                      2 782600000 782600000       0001565200000       000  000  000  000  000  000         1  7592432901381       21098815       21098815   513070600001  N  0                        210145 01/06/2023       USD          238          476    329108387
01 37092388  12919  M  CITALAM 5MG X30TA                           2 682500000 682500000       0001365000000       000  000  000  000  000  000         1  7598055000289       21098815       21098815   513070600001  N  0                         TA121 01/12/2021       USD          207          415    329108387
01 37092388  LT038  M  COVENTROL 6,25MG. X30CO                     4 897000000 897000000       0003588000000       000  000  000  000  000  000         1  7591585265630       21098815       21098815   513070600001  N  0                           124 01/03/2023       USD          273         1090    329108387
01 37092388  GQ114  M  FLUDIL 10MG. X20TA                          216523000001652300000       0003304600000       000  000  000  000  000  000         1  7592454345057       21098815       21098815   513070600001  N  0                       3263381 01/02/2024       USD          502         1004    329108387
01 37092388  LC840  M  LETISAN SOL.ORAL 120ML.                     2 728000000 728000000       0001456000000       000  000  000  000  000  000         1  7591585214881       21098815       21098815   513070600001  N  0                           497 01/05/2024       USD          221          442    329108387
01 37092388  MK805  M  LORATADINA +MK 10MG.X10TA                   6 338130000 338130000       0002028780000       000  000  000  000  000  000         1  7591519000788       21098815       21098815   513070600001  N  0                         31964 01/04/2024       USD          103          616    329108387
01 37092388  12379  M  LOSARTAN P HTC 50-12,5X30                   1 988000000 988000000       000 988000000       000  000  000  000  000  000         1  7598176000090       21098815       21098815   513070600001  N  0                        T00174 01/11/2023       USD          300          300    329108387
01 37092388  LN165  M  MADECASSOL 2% POLVO 5GR.                    215315625001531562500       0003063125000       000  000  000  000  000  000         1  7592348218108       21098815       21098815   513070600001  N  0                       2102027 01/02/2026       USD          465          931    329108387
01 37092388  SA520  M  MESIGYNA INSTAYECT 1ML.                     225798500002579850000       0005159700000       000  000  000  000  000  000         1  7501303443318       21098815       21098815   513070600001  N  0                       XB30LG4 01/05/2022       USD          784         1568    329108387
01 37092388  EL775  M  TALZIC SOL.GOTAS 20ML.                      2 617176430 617176430       0001234352860       000  000  000  000  000  000         1  7591062016670       21098815       21098815   513070600001  N  0                        20061A 01/06/2022       USD          188          375    329108387
01 37092388  11260  M  PEDIACORT SOL.PED. 60ML.                    223528152512352815251       0004705630502       000  000  000  000  000  000         2  7591196006097       21098815       21098815   513070600002  N  0                        041332 01/04/2024       USD          715         1430    329108387
01 37092388  LO700  M  VITADYN KIDS JBE. 120ML.                    4 680577867 680577867       0002722311468       000  000  000  000  000  000         2  7591196000767       21098815       21098815   513070600002  N  0                       I051578 01/05/2023       USD          207          827    329108387
02 37092388         37   36226662180           000           000   36226662180    0    0    0  000    0    0    0   13/07/2021 11:03:33 a.m.   PR           000           000             0            14           USD    329108387        11008
