01 37096161  NP003  M  CALCIBON D 1500/200 X30                     318088713921945023002 4084548305426614176       000  000  000  700  000  000         1  7591821101029       21102995       21102995   513110590001  N  0                       2009843 01/06/2023       USD          533         1600    339165191
01 37096161  OJ007  N  CASTAÑO DE INDIAS HP 60CA                   317559750001755975000       0005267925000       000  000  000  000  000  000         1  7592710000454       21102995       21102995   513110590001  N  0                       0122904 01/04/2024       USD          518         1553    339165191
01 37096161  14046  N  CLORURO MAGNE 33.33GR                       6 454740000 454740000       0002728440000       000  000  000  000  000  000         1  7594001450474       21102995       21102995   513110590001  N  0                      26042174 01/04/2023       USD          134          804    339165191
01 37096161  12927  M  CLOTRIMAZOL AL200MG X3OVU                   2 541608192 677010240 2708040961083216384       000  000  000 2000  000  000         1  7597758000657       21102995       21102995   513110590001  N  0                      K1AAL003 01/05/2023       USD          160          319    339165191
01 37096161  12928  M  CLOTRIMAZOL AL500MG X1OVU                   2 563272520 704090650 2816362601126545040       000  000  000 2000  000  000         1  7597758000664       21102995       21102995   513110590001  N  0                      K1AHK004 01/07/2023       USD          166          332    339165191
01 37096161  LN335  M  COMPLEJO B LN COMP. X1A                     6 527312500 527312500       0003163875000       000  000  000  000  000  000         1  7592348205009       21102937       21102937   513110590001  N  0                            31 01/10/2023       USD          155          933    339165191
01 37096161  VP324  M  COMPLEJO B VP 2CC. X3                       312441000001244100000       0003732300000       000  000  000  000  000  000         1  7703153013059       21102937       21102937   513110590001  N  0                       1319932 01/01/2024       USD          367         1100    339165191
01 37096161  PB442  M  DENCOFEN 1,16% GEL 40GR.                    210112644051011264405       0002022528810       000  000  000  000  000  000         1  7591309002756       21102937       21102937   513110590001  N  0                       2101001 01/01/2024       USD          298          596    339165191
01 37096161  PB245  M  DENCORUB GEL 40 GR.                         2 630054786 630054786       0001260109572       000  000  000  000  000  000         1  7591309010416       21102937       21102937   513110590001  N  0                       2106010 01/06/2023       USD          186          372    339165191
01 37096161  PB015  C  DENCORUB ICE GEL 40GR.                      2 358402205 358402205       000 716804410 114688706  000  000  000  000  000         1  7591309001049       21102937       21102937   513110590001  N  0                      A2106174 01/06/2024       USD          106          211    339165191
01 37096161  13557  C  DERMOX LO.COR MILK.N200ML                   2 520949163 520949163       0001041898326 166703732  000  000  000  000  000         1  7590005183066       21102937       21102937   513110590001  N  0                       2104025 01/04/2023       USD          154          307    339165191
01 37096161  MY585  M  DOCE PLEX ELIXIR 120ML.                     316838900001683890000       0005051670000       000  000  000  000  000  000         1  7592601100331       21102937       21102937   513110590001  N  0                        101001 01/10/2022       USD          496         1489    339165191
01 37096161  11561  N  GLUCOSAMINA AI500MG.X60CA                   224583375702458337570       0004916675140       000  000  000  000  000  000         1  7592946169758       21102995       21102995   513110590001  N  0                      19209758 01/11/2022       USD          725         1450    339165191
01 37096161  11764  N  GLUCOSAMINA-CHON HP X60CA                   223390250002339025000       0004678050000       000  000  000  000  000  000         1  7592710000881       21102995       21102995   513110590001  N  0                       0552805 01/05/2024       USD          690         1379    339165191
01 37096161  LO003  M  IPORET SUSP.PED. 60ML.                      3 682660054 803129475 3614082632047980162       000  000 1500  000  000  000         1  7591196004253       21102937       21102937   513110590001  N  0                       I020838 01/05/2022       USD          201          604    339165191
01 37096161  14440  C  PILA TOSHIBA AA X2                          2 484380000 484380000       000 968760000 155001600  000  000  000  000  000         1  4904530592720       21103012       21103012   513110590001  N  0                           10X 01/01/2031       USD          143          286    339165191
01 37096161  UH003  C  SABILADERM CR.A.PAÑAL65GR                   1 722338500 722338500       000 722338500 115574160  000  000  000  000  000         1  7592512001925       21102995       21102995   513110590001  N  0                        201277 01/12/2023       USD          213          213    339165191
02 37096161         46   42505929284    3449801236     551968198   46507698718    0    0    0  000    0    0    0   15/07/2021 01:39:35 p.m.   PR           000           000             0            17           USD    339165191        13550
