01 37090681  12132  M  AMLODIPINA BM10MG. X100TA                   318772000001877200000       0005631600000       000  000  000  000  000  000         1  6930169708315       21096643       21096643   513053290001  N  0                        190561 01/04/2022       USD          573         1719    327592539
01 37090681  12135  M  AMPICILINA BM250 PPSO60ML                   6 326040000 326040000       0001956240000       000  000  000  000  000  000         1  6930169708070       21096643       21096643   513053290001  N  0                        190447 01/03/2022       USD          100          597    327592539
01 37090681  12134  M  AMPICILINA BM500 X100CA                     622230000002223000000       000       000       000  000  000  000  000  000         1  6930169708278       21096643       21096643   513053290001  N  0                        190457 01/03/2022       USD          679         4072    327592539
01 37090681  12164  M  ANTICONCEPTI BM3-0,03 X21                  1214968200001496820000       000       000       000  000  000  000  000  000         1  6930169708360       21096643       21096643   513053290001  N  0                        210178 01/01/2024       USD          457         5483    327592539
01 37090681  12137  M  ATENOLOL BM100MG. X100TA                    617082000001708200000       000       000       000  000  000  000  000  000         1  6930169708063       21096643       21096643   513053290001  N  0                        190446 01/03/2022       USD          521         3129    327592539
01 37090681  13123  M  AZITROMICINA BM 500MGX6CA                  4814326000001432600000       000       000       000  000  000  000  000  000         1  6972718560043       21096643       21096643   513053290001  N  0                        210172 01/01/2024       USD          437        20991    327592539
01 37090681  12142  M  CEFADROXILO BM500 X100TA                    11037400000010374000000       000       000       000  000  000  000  000  000         1  6930169708308       21096643       21096643   513053290001  N  0                        190436 01/03/2022       USD         3167         3167    327592539
01 37090681  12144  M  CEFIXIMA BM100MG.PPSO60ML                   3 716300000 716300000       0002148900000       000  000  000  000  000  000         1  6930169708087       21096643       21096643   513053290001  N  0                        190448 01/03/2022       USD          219          656    327592539
01 37090681  13121  M  SOLUCION F. 0,9% BM 100ML                  12 332150000 332150000       0003985800000       000  000  000  000  000  000         1  6972718560012       21096643       21096643   513053290001  N  0                        191128 01/10/2022       USD          101         1217    327592539
01 37090681  12162  M  VITAMINA C BM500 X100TA                     631122000003112200000       000       000       000  000  000  000  000  000         1  6930169708025       21096643       21096643   513053290001  N  0                        210171 01/01/2024       USD          950         5700    327592539
01 37090681  12178  M  CIPROFLOXACI BM500 X100TA                   635568000003556800000       000       000       000  000  000  000  000  000         2  6930169708254       21096643       21096643   513053290002  N  0                        190555 01/04/2022       USD         1086         6514    327592539
02 37090681        109  174424380000           000           000  174424380000    0    0    0  000    0    0    0   12/07/2021 02:42:20 p.m.   PR           000           000             0            11           USD    327592539        53244
