01 37096212  10116  C  LOC CORP.DERMOX SECA200                     1 520949163 520949163       000 520949163  83351866  000  000  000  000  000         1  7590005183189       21103012       21103012   513110610001  N  0                       2104239 01/04/2023       USD          154          154    339165191
01 37096212  10535  C  PROT LAB.CEREZA NEVADA4GR                   1 425870301 425870301       000 425870301  68139248  000  000  000  000  000         1  7591635910244       21103012       21103012   513110610001  N  0                       0210620 01/10/2022       USD          126          126    339165191
01 37096212  10536  C  PROT LAB.FRESA NEVADA4GR                    1 425870301 425870301       000 425870301  68139248  000  000  000  000  000         1  7591635910251       21103012       21103012   513110610001  N  0                      03708192 01/07/2022       USD          126          126    339165191
01 37096212  LC580  N  ALLIXON NARANJA 240 CC.                     2 604500000 604500000       0001209000000 193440000  000  000  000  000  000         2  7591585112439       21102937       21102937   513110610002  N  0                           344 01/12/2022       USD          178          356    339165191
01 37096212  LT284  M  ANTUX SOL.ORAL 180ML.                       122555000002255500000       0002255500000       000  000  000  000  000  000         2  7591585214706       21102937       21102937   513110610002  N  0                           281 01/05/2023       USD          665          665    339165191
01 37096212  LC314  N  FLUVIRIN JBE. 120ML.                        310920000001092000000       0003276000000       000  000  000  000  000  000         2  7591585111166       21102995       21102995   513110610002  N  0                           224 01/04/2023       USD          322          966    339165191
01 37096212  XS020  N  GLICERINA XS 30ML.                          6 214500000 214500000       0001287000000 205920000  000  000  000  000  000         2  7594001450696       21103012       21103012   513110610002  N  0                      17052122 01/06/2023       USD          063          379    339165191
01 37096212  CO011  M  MIOVIT JARABE 180ML.                        215997483891738856945 2782171123199496778       000  000  000  800  000  000         2  7591818251393       21102937       21102937   513110610002  N  0                         10073 01/03/2023       USD          472          943    339165191
01 37096212  12550  M  SUEROLITO SAB COCO 400ML                    4 702000000 702000000       0002808000000       000  000  000  000  000  000         2  7597767000013       21102937       21102937   513110610002  N  0                         245C1 01/05/2023       USD          207          828    339165191
01 37096212  NP039  M  VALPRON 250MG. JBE.180ML.                   125979187132597918713       0002597918713       000  000  000  000  000  000         2  7591821901964       21102995       21102995   513110610002  N  0                       2010053 01/11/2022       USD          766          766    339165191
01 37096212  PB006  N  WAMPOLE EMUL.T.FRUTI240ML                   6 537603308 537603308       0003225619848 516099176  000  000  000  000  000         2  7591309000967       21102937       21102937   513110610002  N  0                      A2106187 01/06/2023       USD          158          951    339165191
02 37096212         28   19858535339    1372689765    1135089538   22366314642    0    0    0  000    0    0    0   15/07/2021 01:47:19 p.m.   PR           000           000             0            11           USD    339165191         6260
