01 37109517  GN088  M  AMLODIPINA GN 10MG. X30CO                   3 761852000 777400000  466440002285556000       000  000  000  000  000  200         1  7591585278173       21112773       21112773   513223200001  N  0                           188 01/03/2024       USD          202          606    377369322
01 37109517  GN790  M  AMLODIPINA GN 5MG. X30CO                    3 647574200 777400000 3894774001942722600       000  000 1500  000  000  200         1  7591585278166       21112773       21112773   513223200001  N  0                           384 01/02/2024       USD          172          515    377369322
01 37109517  LT028  M  BIOTALOL 2,5MG. X30CO                       314651000001495000000  897000004395300000       000  000  000  000  000  200         1  7591585217172       21112773       21112773   513223200001  N  0                           058 01/04/2023       USD          388         1165    377369322
01 37109517  LT031  M  BIOTALOL 5MG. X30CO                         219364800001976000000  790400003872960000       000  000  000  000  000  200         1  7591585217165       21112773       21112773   513223200001  N  0                           114 01/01/2023       USD          513         1026    377369322
01 37109517  BI340  M  BUSCAPINA GRAG. 10MG. X20                   131881850003253250000  650650003188185000       000  000  000  000  000  200         1  7501165011342       21113140       21113140   513223200001  N  0                        061996 01/08/2022       USD          845          845    377369322
01 37109517  13052  M  GENODERM 2N00/0N035 X21CO                   434754720003546400000 283712000       000       000  000  000  000  000  200         1  7730564249029       21113140       21113140   513223200001  N  0                         41961 01/05/2024       USD          921         3684    377369322
01 37109517  XS018  N  GOTAS VALERIANA XS 60ML.                    6 263934339 269320754  323184901583606034       000  000  000  000  000  200         1  7594001450825       21112773       21112773   513223200001  N  0                      02062158 01/06/2024       USD          070          420    377369322
01 37109517  15008  M  IBUPRO-TIOCOL ZU600-4 X12                   617149974361749997384 209999688       000       000  000  000  000  000  200         1  7598582000028       21112773       21112773   513223200001  N  0                           501 01/04/2023       USD          454         2727    377369322
01 37109517  12634  M  QUETIAPINA PSICO 25X30TA                    224293456182478924100  991569644858691236       000  000  000  000  000  200         1  7501384546205       21112773       21112773   513223200001  N  0                       9040321 01/03/2023       USD          644         1288    377369322
01 37109517  CH794  C  SECUREZZA CLASSIC MED. X6                   312045205731229102625  737461563613561719 578169875  000  000  000  000  200         1  7591353515004       21112773       21112773   513223200001  N  0                      10622101 01/06/2023       USD          319          958    377369322
01 37109517  CH794  C  SECUREZZA CLASSIC MED. X6                   112045205731229102625  245820521204520573 192723292  000  000  000  000  200         2  7591353515004       21112773       21112773   513223200002  N  0                      10622101 01/06/2023       USD          319          319    377369322
02 37109517         34   46318893486    4818082292     770893167   51907868945    0    0    0  000    0    0    0   23/07/2021 05:19:01 p.m.   PR           000           000             0            11           USD    377369322        13551
