01 37107612  12124  C  BOROCANFOR COOL.PVO.35GR                    2 529143415 539942260  215976901058286830 169325893  000  000  000  000  200         1       75971434       21113140       21113140   513223250001  N  0                       2105301 01/05/2023       USD          140          280    377369322
01 37107612  12123  C  BOROCANFOR ORIG.PVO.35GR                    2 529143415 539942260  215976901058286830 169325893  000  000  000  000  200         1       75971427       21113140       21113140   513223250001  N  0                       2106301 01/06/2023       USD          140          280    377369322
01 37107612  VT003  C  CALAMINOL PICALIV GEL16GR                   1 867902856 885615159  17712303 867902856 138864457  000  000  000  000  200         1  7591808525077       21112773       21112773   513223250001  N  0                       2105301 01/06/2024       USD          230          230    377369322
01 37107612  12612  C  DERMOX BABY CR.PAÑAL50TUB                   2 528707367 539497313  215798921057414734 169186357  000  000  000  000  200         1  7590005183394       21113140       21113140   513223250001  N  0                       2105186 01/05/2023       USD          140          280    377369322
01 37107612  PB089  C  OVERSKIN 40% CR. 50GR.                      2 799057717 815365017  326146001598115434 255698469  000  000  000  000  200         1  7591309000622       21112773       21112773   513223250001  N  0                      A2105156 01/05/2024       USD          212          423    377369322
01 37107612  14113  M  BROMEXINA 4MGX120ML                        12 445900000 455000000 1092000005350800000       000  000  000  000  000  200         2  7592236002055       21113140       21113140   513223250002  N  0                          7071 01/07/2023       USD          118         1418    377369322
01 37107612  LN255  M  BROMEXINA LN 8MG.JBE120ML                   6 883041251 901062501 1081275005298247506       000  000  000  000  000  200         2  7592348204002       21113140       21113140   513223250002  N  0                         41472 01/06/2024       USD          234         1404    377369322
01 37107612  QF300  M  BROMEXINA QF8MG.JBE.120ML                   6 458640000 468000000  561600002751840000       000  000  000  000  000  200         2  7598484000041       21113140       21113140   513223250002  N  0                          7871 01/07/2023       USD          122          729    377369322
01 37107612  XS014  N  PASSIFLORA XS JBE.120ML.                    2 445900000 455000000  18200000 891800000       000  000  000  000  000  200         2  7594001450962       21113140       21113140   513223250002  N  0                      24052137 01/05/2023       USD          118          236    377369322
01 37107612  ED379  M  VIZERUL 150MG. JBE.120ML.                   222295000002275000000  910000004459000000       000  000  000  000  000  200         2  7592803002389       21112773       21112773   513223250002  N  0                       2106558 01/06/2023       USD          591         1182    377369322
02 37107612         37   18751687506    5640006684     902401069   25294095259    0    0    0  000    0    0    0   23/07/2021 10:54:56 a.m.   PR           000           000             0            10           USD    377369322         6464
