01 37114839  10483  M  AIRCOF 5MG. X30TA.MAST.                     311748841681410425172 7066230123524652504       000  000  000 1500  000  200         1  7591818210413       21116920       21116920   513285970001  N  0                         00322 01/08/2022       USD          302          907    388581304
01 37114839  LO239  M  AIRON 4MG. X10TAB.MAST.                     6 478847607 488620007  586344002873085642       000  000  000  000  000  200         1  7591196002952       21116920       21116920   513285970001  N  0                       I050901 01/05/2022       USD          123          739    388581304
01 37114839  LO104  M  AIRON 5MG. X10TAB.MAST.                     6 672766595 686496525  823795804036599570       000  000  000  000  000  200         1  7591196002549       21116920       21116920   513285970001  N  0                       I050902 01/05/2022       USD          173         1039    388581304
01 37114839  VP664  M  EVIGAX 125MG. X20CA.BLA                     315224377191827656325 9156558184567313157       000  000  000 1500  000  200         1  7592432010212       21116920       21116920   513285970001  N  0                        210125 01/05/2024       USD          392         1175    388581304
01 37114839  10616  M  KETIAN 25MG. X10TA                          2 9041132101085370000 3625135801808226420       000  000  000 1500  000  200         1  7592432018065       21116720       21116720   513285970001  N  0                       1336223 01/02/2023       USD          233          465    388581304
01 37114839  CO018  M  KETOPROFENO CO100MG.X10TA                   3 590037843 708328743 3548727001770113529       000  000  000 1500  000  200         1  7591818136058       21116991       21116991   513285970001  N  0                         10104 01/03/2025       USD          152          456    388581304
01 37114839  LO105  M  MATILOL 0,50% S.OFT. 6ML.                   314415425891470961825  882577084324627767       000  000  000  000  000  200         1  7591196001603       21116720       21116720   513285970001  N  0                        070930 01/08/2022       USD          371         1113    388581304
01 37114839  VM715  M  SALBUROL SOL. P/INH.20ML.                   6 842591750 859787500 1031745005055550500       000  000  000  000  000  200         1  7591020001625       21116720       21116720   513285970001  N  0                           115 01/05/2023       USD          217         1301    388581304
01 37114839  11448  M  SINUTIL DIA/NOCHE 500X9CA                   6 685437480 777140000 5502151204112624880       000  000  000 1000  000  200         1  7593090000713       21116920       21116920   513285970001  N  0                        210039 01/02/2023       USD          176         1058    388581304
02 37114839         38   32072793969           000           000   32072793969    0    0    0  000    0    0    0   27/07/2021 03:17:31 p.m.   PR           000           000             0             9           USD    388581304         8254
