01 37114026  AL120  C  ALGODON ALVE 10 GR.                         3 155884347 159065660   9543939 467653041  74824487  000  000  000  000  200         1  7591442000046       21116920       21116920   513285940001  N  0                        032021 01/03/2026       USD          040          120    388581304
01 37114026  AL125  C  ALGODON ALVE 25 GR.                         3 296180284 302224780  18133488 888540852 142166536  000  000  000  000  200         1  7591442000053       21116920       21116920   513285940001  N  0                        042021 01/04/2026       USD          076          229    388581304
01 37114026  AL160  C  ALGODON ALVE MB X100                        2 623537260 636262510  254505001247074520 199531923  000  000  000  000  200         1  7591442000114       21116920       21116920   513285940001  N  0                        MA2020 01/05/2025       USD          160          321    388581304
01 37114026  AL200  C  ALGODON ALVE MB X50                         3 311768694 318131320  19087878 935306082 149648973  000  000  000  000  200         1  7591442000107       21116920       21116920   513285940001  N  0                       JUN2021 01/06/2026       USD          080          241    388581304
01 37114026  14111  M  AMOXICILINA 500MG X 8 CAP                  12 417872000 426400000 1023360005014464000       000  000  000  000  000  200         1  7592236002024       21116920       21116920   513285940001  N  0                      BCA23003 01/05/2022       USD          108         1290    388581304
01 37114026  PF204  M  ATAMEL FORTE 650MG. X10TA                   6 666818937 680427487  816513004000913622       000  000  000  000  000  200         1  7591257000552       21116920       21116920   513285940001  N  0                     026130021 01/05/2023       USD          172         1030    388581304
01 37114026  PO185  M  BACTRON TAB. X20                            211593400001183000000  473200002318680000       000  000  000  000  000  200         1  7592806133073       21116920       21116920   513285940001  N  0                        105064 01/05/2026       USD          298          597    388581304
01 37114026  14215  M  DECOBEL 0.5MG X30TA                         411083800001131000000  904800004433520000       000  000  000  000  000  200         1  7592806133110       21116991       21116991   513285940001  N  0                        105079 01/05/2023       USD          285         1141    388581304
01 37114026  PO195  M  DECOBEL VIAL 8MG. 2ML.                      2 840840000 858000000  343200001681680000       000  000  000  000  000  200         1  7592806112047       21116991       21116991   513285940001  N  0                        104050 01/04/2024       USD          216          433    388581304
01 37114026  11499  M  FULGRAM 875MG-125MG X16CO                   242806400004368000000 1747200008561280000       000  000  000  000  000  200         1  7591585213198       21116720       21116720   513285940001  N  0                           605 01/04/2023       USD         1102         2203    388581304
01 37114026  14953  M  KETOCONAZOL PORT2% CR20GR                   611427780001166100000 1399320006856668000       000  000  000  000  000  200         1  7750215003817       21116720       21116720   513285940001  N  0                       2048351 01/04/2024       USD          294         1765    388581304
01 37114026  14908  M  METROHEM 500MG SPI 100ML.                   2 401310000 409500000  16380000 802620000       000  000  000  000  000  200         1  7597767000693       21116920       21116920   513285940001  N  0                        E11014 01/10/2022       USD          103          207    388581304
01 37114026  14881  M  SECNIDAZOL FM500MG. X4TA                    6 435708000 520000000 5057520002614248000       000  000  500 1000  000  200         1  8906082150737       21116720       21116720   513285940001  N  0                         T0531 01/11/2023       USD          112          673    388581304
01 37114026  MG519  M  TROPOCER AP 90MG. X20CO                     118982600001937000000  387400001898260000       000  000  000  000  000  200         1  7591585113597       21116720       21116720   513285940001  N  0                           120 01/11/2022       USD          489          489    388581304
02 37114026         54   38182333622    3538574495     566171919   42287080036    0    0    0  000    0    0    0   27/07/2021 10:49:16 a.m.   PR           000           000             0            14           USD    388581304        10737
