01 37135989  GQ749  M  AZITROMICINA ELTER 500X5                    611835460001207700000 1449240007101276000       000  000  000  000  000  200         1  7703763700219       21133983       21135135   513498620001  N  0                       3268348 01/05/2024       USD          289         1734    409450202
01 37135989  11898  M  BUCOXOLGAR FRU.RO X10TM                     2 742742000 757900000  303160001485484000       000  000  000  000  000  200         1  7592454891363       21135485       21135485   513498620001  N  0                       3267336 01/05/2023       USD          181          363    409450202
01 37135989  11897  M  BUCOXOLGAR MENTA X10TM                      2 742742000 757900000  303160001485484000       000  000  000  000  000  200         1  7592454891370       21135485       21135485   513498620001  N  0                       3267339 01/05/2023       USD          181          363    409450202
01 37135989  MK949  M  CARVEDILOL +MK 12,5 X14TA                   6 780834600 796770000  956124004685007600       000  000  000  000  000  200         1  7591519007053       21133983       21135135   513498620001  N  0                         31888 01/04/2023       USD          191         1144    409450202
01 37135989  GQ224  M  CETIRIZINA ELTER JBE60CC.                  12 615342000 627900000 1506960007384104000       000  000  000  000  000  200         1  7592454138239       21135352       21135352   513498620001  N  0                       3268983 01/06/2024       USD          150         1803    409450202
01 37135989  12309  M  FESTAL 210MG 25BLIST X4TA                   173662680007516600000 3006640007366268000       000  000  000  000  000  200         1  7591519317572       21135352       21135135   513498620001  N  0                         31263 01/04/2022       USD         1799         1799    409450202
01 37135989  12309  M  FESTAL 210MG 25BLIST X4TA                   173662680007516600000 3006640007366268000       000  000  000  000  000  200         1  7591519317572       21133983       21135135   513498620001  N  0                         31263 01/04/2022       USD         1799         1799    409450202
01 37135989  12397  M  FESTAL 210MG X10GRAG                        312408760001266200000  759720003722628000       000  000  000  000  000  200         1  7591044407526       21135352       21135512   513498620001  N  0                         31760 01/03/2023       USD          303          909    409450202
01 37135989  MK735  M  PREDNISONA +MK50MG. X10TA                   414791140001509300000 1207440005916456000       000  000  000  000  000  200         1  7591519001044       21135352       21135512   513498620001  N  0                         31944 01/05/2026       USD          361         1445    409450202
01 37135989  MK959  M  TIOCOLCHICOSIDO +MK4 X12                    217339140001769300000  707720003467828000       000  000  000  000  000  200         1  7591519007749       21135352       21135512   513498620001  N  0                         31973 01/05/2024       USD          423          847    409450202
02 37135989         39   49980803600           000           000   49980803600    0    0    0  000    0    0    0   11/08/2021 01:30:25 p.m.   PR           000           000             0             9           USD    409450202        12207
