01 37135267  AL120  C  ALGODON ALVE 10 GR.                         4 158626504 161863780  12949104 634506016 101520963  000  000  000  000  200         1  7591442000046       21135352       21135352   513498550001  N  0                        032021 01/03/2026       USD          039          155    409450202
01 37135267  14696  M  AMPICILINA S. KM1.5GR.X1A                  12 343980000 351000000  842400004127760000       000  000  000  000  000  200         1  6921875007038       21135190       21135190   513498550001  N  0                       2008472 01/08/2023       USD          084         1008    409450202
01 37135267  14379  M  ANOMEX 0,25/3/5/0,5 10SUP                   114701616021500164900  600065961470161602       000  000  000  000  000  200         1  8906009231020       21135352       21135135   513498550001  N  0                      K1ADX016 01/07/2022       USD          359          359    409450202
01 37135267  14379  M  ANOMEX 0,25/3/5/0,5 10SUP                   114701616021500164900  600065961470161602       000  000  000  000  000  200         1  8906009231020       21133983       21135135   513498550001  N  0                      K1ADX016 01/07/2022       USD          359          359    409450202
01 37135267  13976  M  ARASENS 2% UNG.TOP. 15GR.                   218345600001872000000  748800003669120000       000  000  000  000  000  200         1  7591585212900       21135190       21135190   513498550001  N  0                           005 01/07/2022       USD          448          896    409450202
01 37135267  PA325  M  BETAGEN 4MG. 1ML. X1AMP.                    413894461461417802190 1134241765557784584       000  000  000  000  000  200         1  7591243804287       21135213       21135213   513498550001  N  0                       9225602 01/11/2022       USD          339         1357    409450202
01 37135267  PA275  M  BETAGEN SOLSPEN 1ML.1AMP.                   618327343951870137138 448832916       000       000  000  000  000  000  200         1  7591243804409       21135352       21135213   513498550001  N  0                         92323 01/11/2022       USD          448         2686    409450202
01 37135267  PA275  M  BETAGEN SOLSPEN 1ML.1AMP.                   618327343951870137138 448832916       000       000  000  000  000  000  200         1  7591243804409       21135213       21135213   513498550001  N  0                         92323 01/11/2022       USD          448         2686    409450202
01 37135267  NP003  M  CALCIBON D 1500/200 X30                     330384900003100500000 1860300009115470000       000  000  000  000  000  200         1  7591821101029       21135213       21135213   513498550001  N  0                       2010930 01/08/2023       USD          742         2226    409450202
01 37135267  LA102  C  CLIMAX BANANA PRESERV. X3                   3 302575000 325000000  67275000 907725000 145236000  000  500  000  000  200         1  8852961008661       21135352       21135352   513498550001  N  0                        174501 01/10/2022       USD          074          222    409450202
01 37135267  KW003  C  CLIMAX CHOCO PRESERV. X3                    3 302575000 325000000  67275000 907725000 145236000  000  500  000  000  200         1  8852961006124       21135352       21135352   513498550001  N  0                     L35170203 01/01/2022       USD          074          222    409450202
01 37135267  KW001  C  CLIMAX FRESA PRESERV. X3                    1 318500000 325000000   6500000 318500000  50960000  000  000  000  000  200         1  8852961006179       21135352       21135352   513498550001  N  0                        174503 01/10/2022       USD          078          078    409450202
01 37135267  LA104  C  CLIMAX FRUTAS PRESERV. X3                   3 302575000 325000000  67275000 907725000 145236000  000  500  000  000  200         1  8852961008678       21135352       21135352   513498550001  N  0                        174504 01/10/2022       USD          074          222    409450202
01 37135267  KW002  C  CLIMAX MENTA PRESERV. X3                    2 318500000 325000000  13000000 637000000 101920000  000  000  000  000  200         1  8852961006155       21135352       21135352   513498550001  N  0                        174601 01/10/2022       USD          078          156    409450202
01 37135267  11261  C  CLIMAX P.MASTER PRESER.X3                   3 302575000 325000000  67275000 907725000 145236000  000  500  000  000  200         1  8852961010848       21135352       21135352   513498550001  N  0                        174403 01/10/2022       USD          074          222    409450202
01 37135267  VP324  M  COMPLEJO B VP 2CC. X3                       61036335300124410000020776470006218011800       000  000  000 1500  000  200         1  7703153013059       21135352       21135135   513498550001  N  0                       1319932 01/01/2024       USD          253         1519    409450202
01 37135267  VP324  M  COMPLEJO B VP 2CC. X3                       41036335300124410000020776470004145341200       000  000  000 1500  000  200         1  7703153013059       21133983       21135135   513498550001  N  0                       1319932 01/01/2024       USD          253         1012    409450202
01 37135267  14117  M  FANASAL  AD. X 15ML GTAS                   12 363090000 370500000  889200004357080000       000  000  000  000  000  200         1  7592236002215       21133983       21135135   513498550001  N  0                          6851 01/06/2023       USD          089         1064    409450202
01 37135267  14118  M  FANASAL PED. X15ML GTAS                    12 356720000 364000000  873600004280640000       000  000  000  000  000  200         1  7592236002222       21133983       21135135   513498550001  N  0                          7471 01/07/2023       USD          087         1045    409450202
01 37135267  14414  M  GABAPENTINA SP300 X20CA                     2 955500000 975000000  975000001911000000       000  000  000  000  000  200         1  7590027002093       21135352       21135135   513498550001  N  0                           151 01/01/2023       USD          233          467    409450202
01 37135267  14414  M  GABAPENTINA SP300 X20CA                     3 955500000 975000000  975000002866500000       000  000  000  000  000  200         1  7590027002093       21133983       21135135   513498550001  N  0                           151 01/01/2023       USD          233          700    409450202
01 37135267  PA010  M  LOGANIL JBE.PED. 120ML.                     2 972280873 992123340  396849341944561746       000  000  000  000  000  200         1  7591243831511       21135485       21135513   513498550001  N  0                       9253702 01/04/2023       USD          237          475    409450202
01 37135267  VY024  C  VENDA DE YESO GYPSONA 4X3                   6 662208800 675723265  810867903973252800 635720448  000  000  000  000  200         1  7594001560036       21135506       21135514   513498550001  N  0                          7738 01/07/2024       USD          162          970    409450202
01 37135267  EL705  M  ZITOXIL 3% SO.TOPICA 30ML                   116787072611712966593  685186641678707261       000  000  000  000  000  200         1  7591062012221       21135352       21135190   513498550001  N  0                        20124A 01/11/2022       USD          410          410    409450202
01 37135267  EL705  M  ZITOXIL 3% SO.TOPICA 30ML                   116787072611712966593  685186641678707261       000  000  000  000  000  200         1  7591062012221       21135190       21135190   513498550001  N  0                        20124A 01/11/2022       USD          410          410    409450202
02 37135267        103   76483819796    9194158816    1471065411   87149044023    0    0    0  000    0    0    0   11/08/2021 10:06:04 a.m.   PR           000           000             0            20           USD    409450202        20925
