01 37145907  12919  M  CITALAM 5MG X30TA                           1 917280000 936000000  18720000 917280000       000  000  000  000  000  200         1  7598055000289       21144389       21144389   513608290001  N  0                         TA121 01/12/2021       USD          225          225    408537225
01 37145907  12850  C  CREMA NUT NOC ANT-ED 50ML                   210608518491082501887  433000762121703698 339472592  000  000  000  000  200         1  7596211001040       21144561       21144561   513608290001  N  0                        210590 01/05/2024       USD          260          519    408537225
01 37145907  KL769  M  GIVOTAN 500MG. X6TA                         125480000002600000000  520000002548000000       000  000  000  000  000  200         1  7861148020441       21144561       21144561   513608290001  N  0                       210227C 01/03/2024       USD          624          624    408537225
01 37145907  EL070  M  MYCOFENTIN 2% CR.TOP.20GR                   214447078461474191680  589676682889415692       000  000  000  000  000  200         1  7591062010128       21144389       21144389   513608290001  N  0                        20078A 01/07/2023       USD          354          707    408537225
01 37145907  EL017  M  OFAFLAN GOTAS PED. 30ML.                    3 851817548 869201580  521520962555452644       000  000  000  000  000  200         1  7591062900894       21144389       21144389   513608290001  N  0                        20052A 01/05/2022       USD          208          626    408537225
01 37145907  12578  M  PENICILINA KMP 1.200.000U                   6 357739200 365040000  438048002146435200       000  000  000  000  000  200         1  6921875010762       21144561       21144561   513608290001  N  0                       2009460 01/09/2023       USD          088          525    408537225
01 37145907  13111  M  SALBUTAMOL PGEN100 200D.                    224970400002548000000 1019200004994080000       000  000  000  000  000  200         1  7753820000264       21144389       21144389   513608290001  N  0                        190603 01/06/2022       USD          611         1222    408537225
01 37145907  GN191  M  VALSARTAN GN 80MG. X30CA                    411109280001133600000  906880004443712000       000  000  000  000  000  200         1  7591585275875       21144389       21144389   513608290001  N  0                           194 01/03/2023       USD          272         1088    408537225
01 37145907  11264  C  BRUCEN CREMA Q10 80GR.                      119270218241966348800  393269761927021824 308323492  000  000  000  000  200         2  7592090000037       21144561       21144561   513608290002  N  0                       210592R 01/05/2024       USD          472          472    408537225
01 37145907  ED165  C  NOPUCID CH. 100 CC.                         212612600001287000000  514800002522520000 403603200  000  000  000  000  200         2  7592803000811       21144561       21144561   513608290002  N  0                       2105539 01/05/2023       USD          309          617    408537225
01 37145907  CV220  C  SANALO CR. FACIAL 30GR.                     2 488324200 498290000  19931600 976648400 156263744  000  000  000  000  200         2  7591138073323       21144561       21144561   513608290002  N  0                        210081 01/03/2024       USD          120          239    408537225
02 37145907         26   20494375536    7547893922    1207663028   29249932486    0    0    0  000    0    0    0   19/08/2021 09:57:25 a.m.   PR           000           000             0            11           USD    408537225         6864
