01 37152503  DP325  M  CLOTRIMAZOL DP1% CR.50GR.                   311986219881287456486 2665034943595865964       000  000  000  500  000  200         1  7592616110028       21150806       21150806   513676000001  N  0                         10739 01/07/2023       USD          290          871    412966092
01 37152503  13509  M  DISMIGRAS 40MGX30 TAB                       221745936582218973120  887589244349187316       000  000  000  000  000  200         1  8904159624938       21150806       21150806   513676000001  N  0                     BRA03115A 01/02/2022       USD          527         1053    412966092
01 37152503  14011  M  MEMANTINA PSICO10 X28TA                     226468631442700880759 1080352305293726288       000  000  000  000  000  200         1  7501384547912       21150806       21150806   513676000001  N  0                       6750521 01/05/2023       USD          641         1282    412966092
01 37152503  14908  M  METROHEM 500MG SPI 100ML.                   6 401310000 409500000  491400002407860000       000  000  000  000  000  200         1  7597767000693       21150806       21150806   513676000001  N  0                        E11014 01/10/2022       USD          097          583    412966092
01 37152503  11794  M  MEZHITIN 10MG. X50CO                        137681482793845049264  769009853768148279       000  000  000  000  000  200         1  7595368000050       21150806       21150806   513676000001  N  0                         13029 01/04/2023       USD          912          912    412966092
01 37152503  12136  M  TONERVOL 5MG. X10TA                         2 7846263301000798890 4323451201569252660       000  000  000 2000  000  200         1  7591821210431       21150806       21150806   513676000001  N  0                       1909074 01/11/2021       USD          190          380    412966092
01 37152503  12143  M  TONERVOL 5MG. X30TA                         127604395002816775000  563355002760439500       000  000  000  000  000  200         1  7591821210547       21150806       21150806   513676000001  N  0                       1910203 01/01/2022       USD          668          668    412966092
01 37152503  VY024  C  VENDA DE YESO GYPSONA 4X3                  12 662208800 675723265 16217358079465056001271440896  000  000  000  000  200         1  7594001560036       21150806       21150806   513676000001  N  0                          7738 01/07/2024       USD          160         1924    412966092
01 37152503  LT930  M  VIASEK COMPR. 50MG. X2                     12 341384225 359125000 2128893004096610700       000  000  000  300  000  200         1  7591585111005       21150806       21150806   513676000001  N  0                           094 01/04/2024       USD          083          992    412966092
02 37152503         41   27841090707    7946505600    1271440896   37059037203    0    0    0  000    0    0    0   24/08/2021 02:58:54 p.m.   PR           000           000             0             9           USD    412966092         8666
