01 37166292  14867  C  BOMBILLO DOUB RECAR100W                     128938000002893800000       0002893800000 463008000  000  000  000  000  000         1  8539500033208       21162724       21162724   513812850001  N  0                           10X 01/01/2030       USD          708          708    408713642
01 37166292  12016  M  CARBAMAZEPINA DAC200 X20                   12 988416000 988416000       000       000       000  000  000  000  000  000         1  8906121690026       21162724       21162724   513812850001  N  0                          V188 01/01/2024       USD          242         2902    408713642
01 37166292  12025  M  CEFADROXILO DAC500 X10TA                   24 985420800 985420800       000       000       000  000  000  000  000  000         1  8906121690033       21162724       21162724   513812850001  N  0                          V118 01/06/2022       USD          241         5786    408713642
01 37166292  15085  M  COMPLEJO MULTIVIT.BM X30                    610725000001072500000       0006435000000       000  000  000  000  000  000         1  7598127001213       21162759       21162759   513812850001  N  0                        210167 01/01/2024       USD          262         1574    408713642
01 37166292  11004  M  DOBRACID LP 300MG. X30CO                    226552500002795000000 2795000005310500000       000  000  000  500  000  000         1  7591585114327       21162724       21162724   513812850001  N  0                           013 01/11/2023       USD          650         1299    408713642
01 37166292  13492  M  DOMPERIDONA 10MGX30 TAB                     2 984555000 984555000       0001969110000       000  000  000  000  000  000         1  7598176000212       21162724       21162724   513812850001  N  0                       21T0422 01/03/2024       USD          241          482    408713642
01 37166292  VC450  M  FUGOLIN CR.VAG. 50GR.                       322750000002275000000       0006825000000       000  000  000  000  000  000         1  7592782000307       21162724       21162724   513812850001  N  0                       2140008 01/04/2023       USD          557         1670    408713642
01 37166292  DT240  N  GLICERINA DT 30 X12                         250059029065005902906       000       000       000  000  000  000  000  000         1 17591616000664       21162724       21162724   513812850001  N  0                        112404 01/04/2024       USD         1225         2450    408713642
01 37166292  LT237  M  KETOREL 30MG. IM-IV 1AMP.                   4 702000000 702000000       0002808000000       000  000  000  000  000  000         1  7591585217875       21162724       21162724   513812850001  N  0                           002 01/01/2023       USD          172          687    408713642
01 37166292  PA053  M  TAMOA 250MG. X6CO.MAST.                     118253112741825311274       0001825311274       000  000  000  000  000  000         1  7591243849622       21162724       21162724   513812850001  N  0                       9213701 01/04/2023       USD          447          447    408713642
01 37166292  PA053  M  TAMOA 250MG. X6CO.MAST.                     218253112741825311274       0003650622548       000  000  000  000  000  000         1  7591243849622       21162724       21162724   513812850001  N  0                       9213701 01/04/2023       USD          447          893    408713642
01 37166292  GN138  M  CEFADROXILO GN250 PPS75ML                   214950000001495000000       0002990000000       000  000  000  000  000  000         2  7591585270207       21162724       21162724   513812850002  N  0                           745 01/04/2023       USD          366          732    408713642
02 37166292         61   77336440834    2893800000     463008000   80693248834    0    0    0  000    0    0    0   03/09/2021 01:17:10 p.m.   PR           000           000             0            12           USD    408713642        19630
