01 37166579  PA047  M  CARBONATO LITIO PA300 X20                   220845179562084517956       0004169035912       000  000  000  000  000  000         1  7591243807868       21163088       21163088   513817550001  N  0                       9230801 01/04/2025       USD          510         1020    408713642
01 37166579  LT389  M  CENARET 5MG. X10CO                          2 598000000 598000000       0001196000000       000  000  000  000  000  000         1  7591585114334       21163088       21163088   513817550001  N  0                           106 01/03/2022       USD          146          293    408713642
01 37166579  ED004  M  CLOFEN 1,8MG. SUSP. 60ML.                   3 845000000 845000000       0002535000000       000  000  000  000  000  000         1  7592803001801       21163123       21163123   513817550001  N  0                       2107578 01/08/2023       USD          207          620    408713642
01 37166579  LT046  M  GENLET 200MG. X20CO                         319389500002041000000 3061500005816850000       000  000  000  500  000  000         1  7591585110183       21163088       21163088   513817550001  N  0                           050 01/11/2022       USD          474         1423    408713642
01 37166579  LC170  M  MONOSULPA GOTAS 15 CC.                      2 819000000 819000000       0001638000000       000  000  000  000  000  000         1  7591585110923       21163088       21163088   513817550001  N  0                           194 01/12/2022       USD          200          401    408713642
01 37166579  KL061  M  PLIDAN SOL.GOTAS 20ML.                      314300000001430000000       0004290000000       000  000  000  000  000  000         1  7591619517940       21163088       21163088   513817550001  N  0                          0023 01/05/2024       USD          350         1050    408713642
01 37166579  PD210  M  PRAXONA 150MG. X10CO                        210400000001040000000       0002080000000       000  000  000  000  000  000         1  7591955000663       21163088       21163088   513817550001  N  0                          0053 01/02/2023       USD          254          509    408713642
01 37166579  PA045  M  PROPRANOLOL 40MG. X20TA                     216288909491628890949       0003257781898       000  000  000  000  000  000         1  7591243843101       21163088       21163088   513817550001  N  0                       9201401 01/04/2024       USD          399          797    408713642
01 37166579  PA051  M  PROPRANOLOL PA 10MG.X20TA                   211050000001105000000       0002210000000       000  000  000  000  000  000         1  7591243843064       21163088       21163088   513817550001  N  0                       9200801 01/04/2024       USD          270          541    408713642
01 37166579  15011  M  CLOFEN 1,8MG. SUSP.120ML.                   310562500001056250000       0003168750000       000  000  000  000  000  000         2  7592803003997       21163088       21163088   513817550002  N  0                       2108601 01/08/2023       USD          258          775    408713642
01 37166579  GN759  M  DESLORATADINA GN S.ORAL60                  12 702000000 702000000       0008424000000       000  000  000  000  000  000         2  7591585177445       21163088       21163088   513817550002  N  0                           051 01/03/2023       USD          172         2061    408713642
02 37166579         36   38785417810           000           000   38785417810    0    0    0  000    0    0    0   03/09/2021 02:12:49 p.m.   PR           000           000             0            11           USD    408713642         9490
