01 37164867  PF204  M  ATAMEL FORTE 650MG. X10TA                   3 914494542 914494542       0002743483626       000  000  000  000  000  000         1  7591257000552       21161315       21161315   513797620001  N  0                     026130021 01/05/2023       USD          223          669    410010823
01 37164867  KL129  M  BETARRETIN 0,025 CR.30GR.                   126000000002600000000       0002600000000       000  000  000  000  000  000         1  7591619517841       21161315       21161315   513797620001  N  0                          0002 01/02/2025       USD          634          634    410010823
01 37164867  KF200  M  DERMAZOL 0,05% UNG.30GR.                    218200000001820000000       0003640000000       000  000  000  000  000  000         1  7591619519043       21161315       21161315   513797620001  N  0                          0049 01/06/2023       USD          444          888    410010823
01 37164867  KL249  M  DERMOSUPRIL 0,1%CR. 15GR.                   120800000002080000000       0002080000000       000  000  000  000  000  000         1  7591619000985       21161315       21161315   513797620001  N  0                          0001 01/06/2026       USD          507          507    410010823
01 37164867  KL464  M  DERMOSUPRIL C CR. 0,1% 15GR                 123400000002340000000       0002340000000       000  000  000  000  000  000         1  7591619520872       21161315       21161315   513797620001  N  0                          0001 01/05/2024       USD          571          571    410010823
01 37164867  KL264  M  DERMOSUPRIL CR. 0,05% 15GR.                 118200000001820000000       0001820000000       000  000  000  000  000  000         1  7591619520865       21161315       21161315   513797620001  N  0                          0001 01/05/2025       USD          444          444    410010823
01 37164867  12585  M  DICLOFENAC S 75/3MLX10AMP                   110530000001053000000       0001053000000       000  000  000  000  000  000         1  6921875010090       21161315       21161315   513797620001  N  0                       2004438 01/04/2023       USD          257          257    410010823
01 37164867  EL775  M  TALZIC SOL.GOTAS 20ML.                      4 617176430 617176430       0002468705720       000  000  000  000  000  000         1  7591062016670       21161315       21161315   513797620001  N  0                        20114B 01/09/2022       USD          151          602    410010823
01 37164867  14847  M  VERALEN 1,16% GEL TOP20GR                   3 564121058 564121058       0001692363174       000  000  000  000  000  000         1  7591818716717       21161315       21161315   513797620001  N  0                         10018 01/04/2024       USD          138          413    410010823
01 37164867  12612  C  DERMOX BABY CR.PAÑAL50TUB                   2 624067699 624067699       0001248135398 199701664  000  000  000  000  000         2  7590005183394       21161315       21161315   513797620002  N  0                    2105186KD1 01/05/2023       USD          152          304    410010823
01 37164867  LC580  N  ALLIXON NARANJA 240 CC.                     3 728650000 767000000 1150500002185950000 349752000  000  000  500  000  000         3  7591585112439       21161315       21161315   513797620003  N  0                           344 01/12/2022       USD          178          533    410010823
02 37164867         22   22623502520    1248135398     549453664   24421091582    0    0    0  000    0    0    0   02/09/2021 02:09:01 p.m.   PR           000           000             0            11           USD    410010823         5822
