01 37177962  MG110  M  ACICLOR 5% CR.TOP. 10GR.                    312350000001235000000       0003705000000       000  000  000  000  000  000         1  7591585311634       21172786       21172786   513933850001  N  0                           251 01/05/2024       USD          304          913    405752865
01 37177962  LN001  M  ACICLOVIR LN CR.TOP.20GR.                   313710937501371093750       0004113281250       000  000  000  000  000  000         1  7592348201117       21172786       21172786   513933850001  N  0                       2104102 01/04/2024       USD          338         1014    405752865
01 37177962  KV004  M  ANTILAX 2MG. X10TA                          3 544050000 544050000       0001632150000       000  000  000  000  000  000         1  7591821102095       21172786       21172786   513933850001  N  0                       2010043 01/10/2022       USD          134          402    405752865
01 37177962  14534  M  CEFADROXILO GN500 X10CA                    1211076000001107600000       000       000       000  000  000  000  000  000         1  7591585470225       21172786       21172786   513933850001  N  0                           560 01/11/2023       USD          273         3276    405752865
01 37177962  15240  M  DICLOFENAC P.LAND50 100TA                   216588000001658800000       0003317600000       000  000  000  000  000  000         1  7598008000342       21172786       21172786   513933850001  N  0                         T9665 01/03/2024       USD          409          818    405752865
01 37177962  GN166  M  LOSARTAN P. GN 100 X30CO                    213520000001352000000       0002704000000       000  000  000  000  000  000         1  7591585378927       21172786       21172786   513933850001  N  0                           157 01/07/2024       USD          333          666    405752865
01 37177962  LR140  M  AMOXICILINA LF250MG.SUSP.                   6 994558760 994558760       0005967352560       000  000  000  000  000  000         2  7594000020043       21172786       21172786   513933850002  N  0                         L2112 01/07/2024       USD          245         1471    405752865
01 37177962  PB003  N  WAMPOLE EMUL. NRJA.240CC.                   6 712580314 712580314       0004275481884 684077101  000  000  000  000  000         2  7591309000608       21172786       21172786   513933850002  N  0                      A2107213 01/07/2023       USD          176         1054    405752865
01 37177962  PB006  N  WAMPOLE EMUL.T.FRUTI240ML                   6 712580314 712580314       0004275481884 684077101  000  000  000  000  000         2  7591309000967       21172786       21172786   513933850002  N  0                      A2106187 01/06/2023       USD          176         1054    405752865
02 37177962         43   43281547578           000    1368154203   44649701781    0    0    0  000    0    0    0   13/09/2021 04:34:59 p.m.   PR           000           000             0             9           USD    405752865        10667
