01 37177488  GN088  M  AMLODIPINA GN 10MG. X30CO                   6 702000000 780000000 4680000004212000000       000  000  000 1000  000  000         1  7591585278173       21171574       21171574   513918630001  N  0                           188 01/03/2024       USD          173         1038    405752865
01 37177488  12134  M  AMPICILINA BM500 X100CA                     229250000002925000000       0005850000000       000  000  000  000  000  000         1  6930169708278       21171659       21171659   513918630001  N  0                        190457 01/03/2022       USD          721         1442    405752865
01 37177488  PO170  M  ATROBEL 10MG X15ML GTA                      112740000001274000000       0001274000000       000  000  000  000  000  000         1  7592806123012       21171537       21171537   513918630001  N  0                        012149 01/12/2022       USD          314          314    405752865
01 37177488  LT028  M  BIOTALOL 2,5MG. X30CO                       411960000001196000000       0004784000000       000  000  000  000  000  000         1  7591585217172       21171559       21171559   513918630001  N  0                           059 01/04/2023       USD          295         1179    405752865
01 37177488  FF250  M  BUDESONIDA NASAL 200 D.                     157712507135771250713       0005771250713       000  000  000  000  000  000         1  7591096000126       21171529       21171529   513918630001  N  0                      036P011G 01/05/2023       USD         1422         1422    405752865
01 37177488  13652  M  CETIRIZINA 10MGX10TA BUKA                  24 390000000 390000000       0009360000000       000  000  000  000  000  000         1  0675696260009       21171671       21171671   513918630001  N  0                        CTR202 01/11/2023       USD          096         2307    405752865
01 37177488  FA334  M  COLYPAN TAB. LP 300 X 20                    427708664102770866410       000       000       000  000  000  000  000  000         1  7591821902534       21171715       21171715   513918630001  N  0                       2104035 01/04/2024       USD          683         2732    405752865
01 37177488  15334  M  COMPLEJO B LAND10B.X10TA                    225168000002516800000       0005033600000       000  000  000  000  000  000         1  7598008000953       21171645       21171645   513918630001  N  0                       VBT2102 01/03/2023       USD          620         1241    405752865
01 37177488  15022  M  DICLOFENAC S.KM100 X5SUP.                   6 596700000 596700000       0003580200000       000  000  000  000  000  000         1  6942189211287       21171611       21171611   513918630001  N  0                        201159 01/11/2023       USD          147          882    405752865
01 37177488  12209  M  DIOSMIL 500MG. X30CO                        639873170913987317091       000       000       000  000  000  000  000  000         1  7406076104261       21171631       21171631   513918630001  N  0                        G21004 01/07/2024       USD          983         5896    405752865
01 37177488  15371  M  DOLCAN 50MG. X10CO                          6 299000000 299000000       0001794000000       000  000  000  000  000  000         1  7591619002750       21171574       21171574   513918630001  N  0                          0001 01/05/2023       USD          074          442    405752865
01 37177488  TQ530  M  GLIDAN 80MG. X20TA                          611700000001170000000       0007020000000       000  000  000  000  000  000         1  7591955002469       21171623       21171623   513918630001  N  0                          0027 01/05/2024       USD          288         1730    405752865
01 37177488  11423  M  HIDROCLOROTI GN12,5 X30CO                  1214040000001404000000       000       000       000  000  000  000  000  000         1  7591585172686       21171601       21171601   513918630001  N  0                           023 01/06/2023       USD          346         4152    405752865
01 37177488  13486  M  ITRACONAZOL 100 MGX10 CAP                   817760600001776060000       000       000       000  000  000  000  000  000         1  7598176000229       21171623       21171623   513918630001  N  0                       21C0403 01/03/2024       USD          438         3502    405752865
01 37177488  SP002  M  MONTELUKAST SP10MG. X10TA                  12 966875000 966875000       000       000       000  000  000  000  000  000         1  7590027002154       21171645       21171645   513918630001  N  0                           511 01/04/2023       USD          238         2859    405752865
01 37177488  14577  M  NIFEDIPINA LAND10 X100TA                    111440000001144000000       0001144000000       000  000  000  000  000  000         1  7598008000571       21171601       21171601   513918630001  N  0                         T9085 01/09/2023       USD          282          282    405752865
01 37177488  FA239  M  NOTOLAC 30MG. X4TA.SUBL.                    6 873600000 873600000       0005241600000       000  000  000  000  000  000         1  7591821210134       21171620       21171620   513918630001  N  0                       2106107 01/07/2023       USD          215         1292    405752865
01 37177488  14580  M  OMEPRAZOL LAND20MG.X100CA                   218304000001830400000       0003660800000       000  000  000  000  000  000         1  7598008000601       21171623       21171623   513918630001  N  0                         C1886 01/03/2024       USD          451          902    405752865
01 37177488  LT043  M  PEGYT 75MG. X20CA                           415912000001768000000 7072000006364800000       000  000  000 1000  000  000         1  7591585317018       21171631       21171631   513918630001  N  0                           047 01/03/2024       USD          392         1569    405752865
01 37177488  EL505  M  PROVICAR 1GR.SO.ORAL60ML                    216522143301652214330       0003304428660       000  000  000  000  000  000         1  7591062011064       21171559       21171559   513918630001  N  0                        21010A 01/03/2023       USD          407          814    405752865
01 37177488  GN019  M  CETIRIZINA GN SOL. 60ML.                   12 624000000 624000000       0007488000000       000  000  000  000  000  000         2  7591585174598       21171647       21171647   513918630002  N  0                           083 01/08/2023       USD          154         1845    405752865
01 37177488  PB003  N  WAMPOLE EMUL. NRJA.240CC.                   6 712580314 712580314       0004275481884 684077101  000  000  000  000  000         2  7591309000608       21171702       21171702   513918630002  N  0                      A2107213 01/07/2023       USD          176         1054    405752865
02 37177488        133  157824509443           000     684077101  158508586544    0    0    0  000    0    0    0   13/09/2021 02:54:09 p.m.   PR           000           000             0            22           USD    405752865        38897
