01 37171021  14463  M  BROSIDUAL 100/300 X10CABL                   618941000001894100000       000       000       000  000  000  000  000  000         1   793869810308       21166705       21166705   513860120001  N  0                      20100216 01/10/2022       USD          465         2791    407186625
01 37171021  ED770  M  FAZOL SUSP. 500MG. 15CC.                    411700000001170000000       0004680000000       000  000  000  000  000  000         1  7592803001290       21166415       21166415   513860120001  N  0                       2108607 01/08/2023       USD          287         1149    407186625
01 37171021  PG110  M  NINAZO GOTAS AD. 15ML.                      6 585000000 585000000       0003510000000       000  000  000  000  000  000         1  7591821802957       21166482       21166482   513860120001  N  0                       2107253 01/02/2023       USD          144          862    407186625
01 37171021  13505  M  PEDIALY MAX 60 COCO 500ML                   211379461601137946160       0002275892320       000  000  000  000  000  000         1  7501033961540       21166501       21166501   513860120001  N  0                       28445MC 01/04/2023       USD          279          559    407186625
01 37171021  13507  M  PEDIALY MAX 60 FRES 500ML                   211379461601137946160       0002275892320       000  000  000  000  000  000         1  7501033961557       21166501       21166501   513860120001  N  0                       29406MC 01/05/2023       USD          279          559    407186625
01 37171021  14391  M  SUEROLITO 75MEQ+Z FRU400                    2 877500000 877500000       0001755000000       000  000  000  000  000  000         1  7597767000358       21166501       21166501   513860120001  N  0                        262FP1 01/02/2023       USD          216          431    407186625
01 37171021  14392  M  SUEROLITO 75MEQ+Z MAND400                   2 877500000 877500000       0001755000000       000  000  000  000  000  000         1  7597767000327       21166501       21166501   513860120001  N  0                         242M1 01/02/2023       USD          216          431    407186625
01 37171021  QM370  M  XEROGRAX CAPS. 120MG. X30                   144687500004468750000       0004468750000       000  000  000  000  000  000         1  7592454001786       21166549       21166549   513860120001  N  0                       3273098 01/08/2023       USD         1097         1097    407186625
01 37171021  12551  M  SUEROLITO 75MEQ FRESA400                    2 877500000 877500000       0001755000000       000  000  000  000  000  000         2  7597767000020       21166501       21166501   513860120002  N  0                         096F1 01/06/2023       USD          216          431    407186625
01 37171021  12552  M  SUEROLITO 75MEQ UVA400                      2 877500000 877500000       0001755000000       000  000  000  000  000  000         2  7597767000037       21166501       21166501   513860120002  N  0                         226U1 01/06/2023       USD          216          431    407186625
02 37171021         29   35595134640           000           000   35595134640    0    0    0  000    0    0    0   08/09/2021 10:52:51 a.m.   PR           000           000             0            10           USD    407186625         8742
