01 37196679  12193  M  AZITROMICINA AL200 22,5ML                  12 807737354100967169324232120689692848248       000  000  000 2000  000  000         1  7597758000152       21186660       21186660   514118430001  N  0                      A1ARD002 01/03/2024       USD          200         2399    404087150
01 37196679  VP324  M  COMPLEJO B VP 2CC. X3                       612441000001244100000       0007464600000       000  000  000  000  000  000         1  7703153013059       21186660       21186660   514118430001  N  0                       1319621 01/01/2024       USD          308         1847    404087150
01 37196679  LO219  M  GENTAMICINA LO S.OFT.5CC.                   6 986096899 986096899       0005916581394       000  000  000  000  000  000         1  7591196002136       21186660       21186660   514118430001  N  0                        011289 01/01/2023       USD          244         1464    404087150
01 37196679  LO105  M  MATILOL 0,50% S.OFT. 6ML.                   316989609081698960908       0005096882724       000  000  000  000  000  000         1  7591196001603       21186660       21186660   514118430001  N  0                        011262 01/01/2023       USD          420         1261    404087150
01 37196679  LO414  M  NAS SOL.GOTAS AD. 15ML.                     3 543079436 638916983 2875126411629238308       000  000  000 1500  000  000         1  7591196003140       21186660       21186660   514118430001  N  0                       I120060 01/12/2022       USD          134          403    404087150
01 37196679  LO414  M  NAS SOL.GOTAS AD. 15ML.                     3 543079436 638916983 2875126411629238308       000  000  000 1500  000  000         1  7591196003140       21186660       21186660   514118430001  N  0                       I120060 01/12/2022       USD          134          403    404087150
01 37196679  LO419  M  NAS SOL.NASAL PED.15ML.                     6 638916983 638916983       0003833501898       000  000  000  000  000  000         1  7591196003027       21186660       21186660   514118430001  N  0                        021343 01/02/2023       USD          158          949    404087150
01 37196679  11629  M  PANTOPRAZOL AL40MG. X7TA                    6 543886008 584823665 2456259423263316048       000  000  000  700  000  000         1  7597758000299       21186660       21186660   514118430001  N  0                         DL143 01/05/2023       USD          135          808    404087150
01 37196679  EH210  M  SECNIDAZOL VP 1GR. X2TA                     6 645840000 645840000       0003875040000       000  000  000  000  000  000         1  7703153019914       21186660       21186660   514118430001  N  0                       1354518 01/06/2024       USD          160          959    404087150
01 37196679  10854  C  ARNICA FC FORTE90GR.BOL                     3 574892500 605150000  907725001724677500 275948400  000  000  500  000  000         2  7593090000676       21186660       21186660   514118430002  N  0                       2106001 01/06/2024       USD          142          427    404087150
01 37196679  11210  C  ARNICA FC PLUS TERMO 90GR                   1 574892500 605150000  30257500 574892500  91982800  000  000  500  000  000         2  7593090000706       21186660       21186660   514118430002  N  0                       2105001 01/05/2024       USD          142          142    404087150
02 37196679         55   42401246928    2299570000     367931200   45068748128    0    0    0  000    0    0    0   24/09/2021 04:13:45 p.m.   PR           000           000             0            11           USD    404087150        11062
