01 37208101  13123  M  AZITROMICINA BM 500MGX6CA                  12      1690      1690       000     20280       000  000  000  000  000  000         1  6972718560043       21196742       21196742   514241760001  N  0                        210172 01/01/2024       USD          404         4852          418
01 37208101  11896  M  BUCOXOLGAR STO MI-LIM120                    2       871       871       000      1742       000  000  000  000  000  000         1  7592454891356       21196417       21196417   514241760001  N  0                       3254794 01/09/2022       USD          208          417          418
01 37208101  12570  M  BUDECORT SOL.P INHAL10ML.                   6      1430      1430       000      8580       000  000  000  000  000  000         1  7591196007162       21196455       21196455   514241760001  N  0                        081186 01/09/2023       USD          342         2053          418
01 37208101  14801  C  CATETER KX 22G. X50                         1     14040     14040       000     14040       000  000  000  000  000  000         1 10813333011219       21196498       21196498   514241760001  N  0                        201116 01/11/2025       USD         3359         3359          418
01 37208101  ED004  M  CLOFEN 1,8MG. SUSP. 60ML.                   2       865       865       000      1730       000  000  000  000  000  000         1  7592803001801       21196894       21196894   514241760001  N  0                       2107595 01/08/2023       USD          207          414          418
01 37208101  13525  M  CLORACI 1000MG X30TA                        3      2746      2746       000      8238       000  000  000  000  000  000         1  7591818000106       21196417       21196417   514241760001  N  0                        108078 01/08/2023       USD          657         1971          418
01 37208101  GN784  M  DESLORATADINA GN 5MG. X10                   2       464       464       000       928       000  000  000  000  000  000         1  7591585177469       21196417       21196417   514241760001  N  0                           089 01/06/2023       USD          111          222          418
01 37208101  GN784  M  DESLORATADINA GN 5MG. X10                  10       464       464       000      4640       000  000  000  000  000  000         1  7591585177469       21196417       21196417   514241760001  N  0                           089 01/06/2023       USD          111         1110          418
01 37208101  14850  M  DICLOFENAC S. JL100 X10SU                   3      1778      1778       000      5334       000  000  000  000  000  000         1  7598650000585       21196417       21196417   514241760001  N  0                          2733 01/08/2023       USD          425         1276          418
01 37208101  MY585  M  DOCE PLEX ELIXIR 120ML.                     3      1684      1684       000      5052       000  000  000  000  000  000         1  7592601100331       21196455       21196455   514241760001  N  0                        101001 01/10/2022       USD          403         1209          418
01 37208101  VC002  M  FUGOLIN 1% SOL.TOP. 30ML.                   2      1092      1092       000      2184       000  000  000  000  000  000         1  7592782000680       21196584       21196584   514241760001  N  0                       2130008 01/07/2023       USD          261          522          418
01 37208101  13052  M  GENODERM 2N00/0N035 X21CO                   1      3446      3627       181      3446       000  000  000  500  000  000         1  7730564249029       21196417       21196417   514241760001  N  0                         41961 01/05/2024       USD          824          824          418
01 37208101  MY255  M  IMAZOL 1% SOL.TOP.  20ML.                   2      1210      1210       000      2420       000  000  000  000  000  000         1  7592601100461       21196455       21196455   514241760001  N  0                        009502 01/01/2024       USD          289          579          418
01 37208101  MY009  M  IMAZOL 500MG. X1CA.BL.VAG                   1      2482      2482       000      2482       000  000  000  000  000  000         1  7592601100737       21196498       21196498   514241760001  N  0                        130101 01/03/2023       USD          594          594          418
01 37208101  14846  M  KETOPROFENO ZIEL100 X5A                     3      3705      3705       000     11115       000  000  000  000  000  000         1  0781584377633       21196417       21196417   514241760001  N  0                     EP0121011 01/03/2023       USD          886         2659          418
01 37208101  SP003  M  LEVOFLOXACINA SP 750 X5                    12      1219      1219       000     14628       000  000  000  000  000  000         1  7590027002314       21196894       21196894   514241760001  N  0                           781 01/06/2023       USD          292         3500          418
01 37208101  PA010  M  LOGANIL JBE.PED. 120ML.                     3      1182      1182       000      3546       000  000  000  000  000  000         1  7591243831511       21196455       21196455   514241760001  N  0                       9253701 01/04/2023       USD          283          848          418
01 37208101  12186  M  MAXTHIO 4MG/2ML. IM X6A                     3      3349      3349       000     10047       000  000  000  000  000  000         1  8699525755247       21196894       21196894   514241760001  N  0                       A080460 01/10/2022       USD          801         2404          418
01 37208101  PO550  M  MILAX POLVO 120GR.                          2      2860      2860       000      5720       000  000  000  000  000  000         1  7592806132038       21196455       21196455   514241760001  N  0                        106101 01/06/2024       USD          684         1368          418
01 37208101  SP770  M  SULTAMICILINA SP 750 X6CO                   6      2461      2461       000     14766       000  000  000  000  000  000         1  7590027001454       21197006       21196401   514241760001  N  0                           851 01/07/2023       USD          589         3533          418
01 37208101  SP770  M  SULTAMICILINA SP 750 X6CO                   2      2461      2461       000      4922       000  000  000  000  000  000         1  7590027001454       21196401       21196401   514241760001  N  0                           851 01/07/2023       USD          589         1178          418
01 37208101  11488  C  VENDA ELAST. 15/4,5 KX                      6      1014      1014       000      6084       973  000  000  000  000  000         1   813333012035       21196760       21196760   514241760001  N  0                      20191009 01/11/2024       USD          243         1456          418
02 37208101         87        131800         20124           973        152897    0    0    0  000    0    0    0   04/10/2021 03:46:53 p.m.   PR           000           000             0            21           USD          418        36345
