01 37208440  12904  M  ADEGRA ACI 50MG X4TA                       48       343       343       000     16464       000  000  000  000  000  000         1  7598055000241       21196584       21196584   514241810001  N  0                         EE028 01/02/2023       USD          082         3939          418
01 37208440  PB610  M  ADEL UNG. 50 GR.                            3      1188      1188       000      3564       570  000  000  000  000  000         1  7591309003692       21196417       21196417   514241810001  N  0                      A2108278 01/08/2024       USD          284          853          418
01 37208440  14822  M  AMPICIL+SULBAC JL1G/0,5G                    6       593       593       000      3558       000  000  000  000  000  000         1  7598650000134       21196401       21196401   514241810001  N  0                        N16235 01/07/2023       USD          142          851          418
01 37208440  10727  M  ANTAAR 2,5MG. X30TA                         3      1092      1092       000      3276       000  000  000  000  000  000         1  7591519051872       21196401       21196401   514241810001  N  0                         31902 01/04/2024       USD          261          784          418
01 37208440  PA054  M  BETADERM PLUS CREMA 15GR.                   3      2022      2022       000      6066       000  000  000  000  000  000         1  7591243804164       21196401       21196401   514241810001  N  0                       9257802 01/07/2023       USD          484         1451          418
01 37208440  QM200  M  BUMETIN RETARD300MG.X20TA                   3      2327      2327       000      6981       000  000  000  000  000  000         1  7703763861002       21196760       21196760   514241810001  N  0                       3268011 01/05/2023       USD          557         1670          418
01 37208440  VP304  M  CUTICLIN 20MG. X30CA                        1      4531      5331       800      4531       000  000  000 1500  000  000         1  7592432005515       21196894       21196894   514241810001  N  0                        210192 01/05/2024       USD         1084         1084          418
01 37208440  VP664  M  EVIGAX 125MG. X20CA.BLA                     3      1901      2237      1008      5703       000  000  000 1500  000  000         1  7592432010212       21196426       21196426   514241810001  N  0                        210237 01/07/2024       USD          455         1364          418
01 37208440  GQ114  M  FLUDIL 10MG. X20TA                          2      2054      2054       000      4108       000  000  000  000  000  000         1  7592454345057       21196894       21196894   514241810001  N  0                       3267321 01/05/2024       USD          491          983          418
01 37208440  VP784  M  ILANA 600MG.VAG. X1CA.BL                    2      1284      1605       642      2568       000  000  000 2000  000  000         1  7592432011523       21196742       21196742   514241810001  N  0                        200230 01/08/2023       USD          307          614          418
01 37208440  12418  M  LEPRIT ENZIMATICOX 6GRA                     2      2769      2769       000      5538       000  000  000  000  000  000         1  7703763208920       21196894       21196894   514241810001  N  0                       3262508 01/02/2023       USD          662         1325          418
01 37208440  14918  M  LEVOSULPIRIDE LS25 X30TA                    2      1170      1170       000      2340       000  000  000  000  000  000         1  7592454889995       21196742       21196742   514241810001  N  0                       3269021 01/06/2023       USD          280          560          418
01 37208440  PA474  M  OROZIM 192MG. X20CO                         1      2388      2388       000      2388       000  000  000  000  000  000         1  7591243839753       21196401       21196401   514241810001  N  0                       9235701 01/03/2023       USD          571          571          418
01 37208440  13286  M  TENOREN 100MG X30TAB                        6       624       624       000      3744       000  000  000  000  000  000         1  7598055000562       21196455       21196455   514241810001  N  0                         KK076 01/01/2025       USD          149          896          418
01 37208440  MY290  M  TILODRIN GOTAS 15ML.                        6       928       928       000      5568       000  000  000  000  000  000         1  7592601100539       21196401       21196401   514241810001  N  0                        002702 01/10/2022       USD          222         1332          418
01 37208440  PB089  C  OVERSKIN 40% CR. 50GR.                      2       730       730       000      1460       234  000  000  000  000  000         2  7591309000622       21196401       21196401   514241810002  N  0                      A2108251 01/08/2024       USD          175          349          418
02 37208440         93         76397          1460           804         78661    0    0    0  000    0    0    0   04/10/2021 05:19:18 p.m.   PR           000           000             0            16           USD          418        18626
