01 37216494  14471  M  ACETAMINOFEN FM500 X10TA                  120       215       215       000     25800       000  000  000  000  000  000         1  8906082150683       21204699       21204699   514320640001  N  0                         T1075 01/12/2023       USD          052         6202          416
01 37216494  NP099  N  CALCIBON NATAL FORT X30TA                   2      3218      3218       000      6436      1030  000  000  000  000  000         1  7591821102071       21204601       21204601   514320640001  N  0                       2104065 01/04/2023       USD          774         1547          416
01 37216494  OJ002  N  CHANCA PIEDRA HP CAPS X60                   1      2634      2634       000      2634       000  000  000  000  000  000         1  7592710000478       21203573       21203573   514320640001  N  0                       0142608 01/08/2024       USD          633          633          416
01 37216494  13893  M  DESAZONA 4MG. X100TA                        1      5558      5558       000      5558       000  000  000  000  000  000         1  7750215026250       21203650       21203772   514320640001  N  0                       2061171 01/06/2024       USD         1336         1336          416
01 37216494  15371  M  DOLCAN 50MG. X10CO                          6       390       390       000      2340       000  000  000  000  000  000         1  7591619002750       21204668       21204668   514320640001  N  0                          0001 01/05/2023       USD          094          562          416
01 37216494  15154  M  FLAMYDOL 75MG.2ML. X1A                      5      1421      1421       000      7105       000  000  000  000  000  000         1   764600111121       21204601       21204601   514320640001  N  0                         10129 01/01/2024       USD          342         1708          416
01 37216494  11479  M  FOSFOLIT SOL.ORAL 45ML.                     2      3887      3887       000      7774       000  000  000  000  000  000         1  7591136723596       21204601       21204601   514320640001  N  0                       2104008 01/04/2023       USD          934         1869          416
01 37216494  VC002  M  FUGOLIN 1% SOL.TOP. 30ML.                   2      1092      1092       000      2184       000  000  000  000  000  000         1  7592782000680       21204668       21204668   514320640001  N  0                       2130008 01/07/2023       USD          262          525          416
01 37216494  VC450  M  FUGOLIN CR.VAG. 50GR.                       2      2275      2275       000      4550       000  000  000  000  000  000         1  7592782000307       21203825       21203825   514320640001  N  0                       2170004 01/07/2023       USD          547         1094          416
01 37216494  14414  M  GABAPENTINA SP300 X20CA                     2      1170      1170       000      2340       000  000  000  000  000  000         1  7590027002093       21203573       21203573   514320640001  N  0                           151 01/01/2023       USD          281          562          416
01 37216494  14573  M  LOSARTAN P.LAND50 X100TA                    2      1463      1463       000      2926       000  000  000  000  000  000         1  7598008000533       21204668       21203772   514320640001  N  0                         T9080 01/09/2023       USD          352          703          416
01 37216494  14573  M  LOSARTAN P.LAND50 X100TA                    6      1463      1463       000      8778       000  000  000  000  000  000         1  7598008000533       21203650       21203772   514320640001  N  0                         T9080 01/09/2023       USD          352         2110          416
01 37216494  12167  M  MONODOKS 100MG. X14CA                       2      3536      3536       000      7072       000  000  000  000  000  000         1  8699525151469       21204601       21204601   514320640001  N  0                       A093562 01/02/2026       USD          850         1700          416
01 37216494  LY330  M  STALANZA 0MG. X30TA                         3      2813      2813       000      8439       000  000  000  000  000  000         1  7593102000076       21204601       21204601   514320640001  N  0                         S552E 01/03/2024       USD          676         2029          416
01 37216494  12087  M  SULTAMICILINA DAC750 10TA                   6      4306      4306       000     25836       000  000  000  000  000  000         1  7598578000186       21203573       21203573   514320640001  N  0                          V213 01/05/2023       USD         1035         6211          416
01 37216494  ED224  M  TALERC 10MG. GOTAS 15ML.                    3       520       520       000      1560       000  000  000  000  000  000         1  7592803001825       21203573       21203573   514320640001  N  0                       2106555 01/06/2024       USD          125          375          416
01 37216494  KV204  M  TERAGRIP FORTE GRAN.X6SOB                   3      1667      1667       000      5001       000  000  000  000  000  000         1  7591821802490       21203573       21203573   514320640001  N  0                       2108382 01/09/2023       USD          401         1202          416
01 37216494  KV199  M  TERAGRIP FORTE NOC X6 SOB.                  3      1872      1872       000      5616       000  000  000  000  000  000         1  7591821801882       21203573       21203573   514320640001  N  0                       2109323 01/08/2023       USD          450         1350          416
01 37216494  14377  M  TRIMIC FORTE L O.VAG.X7OV                   2      2080      2080       000      4160       000  000  000  000  000  000         1  8906009238555       21204668       21203772   514320640001  N  0                      K2AJG004 01/04/2022       USD          500         1000          416
01 37216494  14377  M  TRIMIC FORTE L O.VAG.X7OV                   2      2080      2080       000      4160       000  000  000  000  000  000         1  8906009238555       21203650       21203772   514320640001  N  0                      K2AJG004 01/04/2022       USD          500         1000          416
01 37216494  ED299  M  ZOST COMPR. 50MG. X4                        3       468       468       000      1404       000  000  000  000  000  000         1  7592803002297       21203650       21203650   514320640001  N  0                       2104521 01/04/2024       USD          112          338          416
02 37216494        178        141673           000          1030        142703    0    0    0  000    0    0    0   11/10/2021 02:22:23 p.m.   PR           000           000             0            19           USD          416        34056
