01 37226499  GN088  M  AMLODIPINA GN 10MG. X30CO                   6       819       819       000      4914       000  000  000  000  000  000         1  7591585278173       21212747       21212747   514410900001  N  0                           190 01/06/2024       USD          198         1187          414
01 37226499  14412  M  AZITROMICINA SP500 X5CO                    12      1381      1381       000     16572       000  000  000  000  000  000         1  7590027002451       21212829       21212829   514410900001  N  0                           821 01/07/2023       USD          334         4003          414
01 37226499  14234  M  CLONEDEX 1+0.50+0.04 X20G                  12       933       933       000     11196       000  000  000  000  000  000         1  7598578000117       21212878       21212829   514410900001  N  0                            45 01/05/2023       USD          225         2704          414
01 37226499  14234  M  CLONEDEX 1+0.50+0.04 X20G                   6       933       933       000      5598       000  000  000  000  000  000         1  7598578000117       21212829       21212829   514410900001  N  0                            45 01/05/2023       USD          225         1352          414
01 37226499  GT004  M  COVENTROL 12,5MG. X30CO                     3      1911      1911       000      5733       000  000  000  000  000  000         1  7591585365644       21212829       21212829   514410900001  N  0                           129 01/06/2023       USD          462         1385          414
01 37226499  LT038  M  COVENTROL 6,25MG. X30CO                     6      1417      1417       000      8502       000  000  000  000  000  000         1  7591585265630       21212829       21212829   514410900001  N  0                           125 01/05/2023       USD          342         2054          414
01 37226499  PB442  M  DENCOFEN 1,16% GEL 40GR.                    2      1474      1474       000      2948       000  000  000  000  000  000         1  7591309002756       21212747       21212747   514410900001  N  0                       2103003 01/03/2024       USD          356          712          414
01 37226499  VC215  M  FUGOLIN CR. 20 GR.                          2      1300      1300       000      2600       000  000  000  000  000  000         1  7592782000130       21212914       21212914   514410900001  N  0                       2150006 01/05/2023       USD          314          628          414
01 37226499  11792  M  LETALOP 100MG. X30CO                        2      4590      4590       000      9180       000  000  000  000  000  000         1  7595368004218       21212747       21212747   514410900001  N  0                         13119 01/04/2023       USD         1109         2217          414
01 37226499  11794  M  MEZHITIN 10MG. X50CO                        1      4514      4514       000      4514       000  000  000  000  000  000         1  7595368000050       21212829       21212829   514410900001  N  0                         13566 01/07/2023       USD         1090         1090          414
01 37226499  14300  M  NEUMOCORT INH.200MCGX200D                   2      4417      4417       000      8834       000  000  000  000  000  000         1  7795373012912       21212747       21212747   514410900001  N  0                           202 01/06/2023       USD         1067         2134          414
01 37226499  13504  M  PEGYT 150MG X20 CAP                         2      2932      2932       000      5864       000  000  000  000  000  000         1  7591585317025       21212747       21212747   514410900001  N  0                           006 01/06/2024       USD          708         1416          414
01 37226499  14847  M  VERALEN 1,16% GEL TOP20GR                   2       702       780       156      1404       000  000  000 1000  000  000         1  7591818716717       21212747       21212747   514410900001  N  0                         10018 01/04/2024       USD          170          339          414
01 37226499  QM370  M  XEROGRAX CAPS. 120MG. X30                   1      4693      4693       000      4693       000  000  000  000  000  000         1  7592454001786       21212829       21212829   514410900001  N  0                       3273098 01/08/2023       USD         1134         1134          414
01 37226499  SQ180  C  LUBRIX GEL LUB.CHOCO60CC.                   2       782       782       000      1564       250  000  000  000  000  000         2  7592904000437       21212914       21212914   514410900002  N  0                           112 01/05/2024       USD          189          378          414
01 37226499  LR140  M  AMOXICILINA LF250MG.SUSP.                   6       995       995       000      5970       000  000  000  000  000  000         3  7594000020043       21212914       21212914   514410900003  N  0                         L2113 01/07/2024       USD          240         1442          414
01 37226499  LT284  M  ANTUX SOL.ORAL 180ML.                       3      3775      3775       000     11325       000  000  000  000  000  000         3  7591585214706       21212747       21212747   514410900003  N  0                           282 01/08/2023       USD          912         2736          414
02 37226499         70        109847          1564           250        111661    0    0    0  000    0    0    0   18/10/2021 06:57:20 p.m.   PR           000           000             0            16           USD          414        26911
