01 37221552  CO006  M  AEROFLAT GOTAS 80MG.20ML.                   2      1463      1626       326      2926       000  000  000 1000  000  000         1  7591818210406       21209283       21209283   514366970001  N  0                         10805 01/08/2023       USD          352          703          416
01 37221552  10565  C  ASPIRADOR NAS.GENIAL 0M+                    2      2967      2967       000      5934       949  000  000  000  000  000         1  7453038491662       21208651       21208651   514366970001  N  0                           10X 01/01/2030       USD          713         1426          416
01 37221552  12025  M  CEFADROXILO DAC500 X10TA                   24       985       985       000     23640       000  000  000  000  000  000         1  7598578000070       21209024       21209024   514366970001  N  0                          V205 01/05/2023       USD          237         5683          416
01 37221552  14234  M  CLONEDEX 1+0.50+0.04 X20G                   6       933       933       000      5598       000  000  000  000  000  000         1  7598578000117       21208651       21208651   514366970001  N  0                            45 01/05/2023       USD          224         1346          416
01 37221552  13402  M  HATIAL 100MG. X30TA                         1      3584      3584       000      3584       000  000  000  000  000  000         1  7406076125228       21208826       21208826   514366970001  N  0                        E21079 01/05/2023       USD          862          862          416
01 37221552  FF210  M  MATERNAVIT CAPS.BLAN. X30                   2      3819      3819       000      7638       000  000  000  000  000  000         1  7591096000102       21209024       21209024   514366970001  N  0                      04C21119 01/02/2023       USD          918         1836          416
01 37221552  12579  M  PENICILINA KMP 2.400.00UI                   6       429       429       000      2574       000  000  000  000  000  000         1  6921875010779       21209024       21209024   514366970001  N  0                       2009461 01/09/2023       USD          103          619          416
01 37221552  FA304  M  RINOLAST TAB. 120 X 10                      2      1755      1755       000      3510       000  000  000  000  000  000         1  7591821901179       21209024       21209024   514366970001  N  0                       2007072 01/09/2022       USD          422          844          416
01 37221552  SP770  M  SULTAMICILINA SP 750 X6CO                   6      2461      2461       000     14766       000  000  000  000  000  000         1  7590027001454       21209024       21209024   514366970001  N  0                           861 01/07/2023       USD          592         3550          416
01 37221552  LT284  M  ANTUX SOL.ORAL 180ML.                       4      3775      3775       000     15100       000  000  000  000  000  000         2  7591585214706       21209283       21209283   514366970002  N  0                           282 01/08/2023       USD          907         3630          416
01 37221552  LX103  M  CARNISIN 1G.S.ORAL S/A180                   4      3075      3075       000     12300       000  000  000  000  000  000         2  7591585112323       21209283       21209283   514366970002  N  0                           055 01/05/2023       USD          739         2957          416
01 37221552  12023  A  RESTAURAFLOR SUSP. 10ML.                   12       459       459       000      5508       881  000  000  000  000  000         2     7591970321       21209283       21209283   514366970002  N  0                      20210802 01/08/2022       USD          110         1324          416
02 37221552         71         97144          5934          1831        104909    0    0    0  000    0    0    0   13/10/2021 07:27:43 p.m.   PR           000           000             0            12           USD          416        24778
