01 37227805  14785  M  ASARAP 15MG. X20CO                          1      5863      5863       000      5863       000  000  000  000  000  000         1  7591585113337       21214315       21214315   514427890001  N  0                           004 01/07/2023       USD         1413         1413          415
01 37227805  LA102  C  CLIMAX BANANA PRESERV. X3                   3       723       761       114      2169       347  000  500  000  000  000         1  8852961008661       21214448       21214448   514427890001  N  0                        174501 01/10/2022       USD          174          523          415
01 37227805  KW001  C  CLIMAX FRESA PRESERV. X3                    3       723       761       114      2169       347  000  500  000  000  000         1  8852961006179       21214448       21214448   514427890001  N  0                        174503 01/10/2022       USD          174          523          415
01 37227805  LA104  C  CLIMAX FRUTAS PRESERV. X3                   3       723       761       114      2169       347  000  500  000  000  000         1  8852961008678       21214448       21214448   514427890001  N  0                        174504 01/10/2022       USD          174          523          415
01 37227805  PB015  C  DENCORUB ICE GEL 40GR.                      3       564       564       000      1692       271  000  000  000  000  000         1  7591309001049       21214315       21214315   514427890001  N  0                      A2108279 01/08/2024       USD          136          408          415
01 37227805  13510  C  EVERY N.D.BOL.BIO BABY P.                   3       381       381       000      1143       183  000  000  000  000  000         1  7590005162801       21214448       21214448   514427890001  N  0                       2106014 01/06/2023       USD          092          275          415
01 37227805  13513  C  EVERY N.D.BOL.BIO POWDER9                   3       381       381       000      1143       183  000  000  000  000  000         1  7590005162832       21214448       21214448   514427890001  N  0                     PS2105270 01/05/2023       USD          092          275          415
01 37227805  13512  C  EVERY N.D.BOL.BIO SPRING9                   2       381       381       000       762       122  000  000  000  000  000         1  7590005162825       21214448       21214448   514427890001  N  0                       2011005 01/10/2022       USD          092          184          415
01 37227805  13401  M  GLICAZET 500/5 X40TA                        2      3584      3584       000      7168       000  000  000  000  000  000         1  7406076101000       21214315       21214315   514427890001  N  0                        D21009 01/04/2024       USD          864         1727          415
01 37227805  15332  M  HIERRO SACA.LAND20MG.10A                    1     11671     11671       000     11671       000  000  000  000  000  000         1  7598008000892       21214315       21214315   514427890001  N  0                       IR12101 01/03/2023       USD         2812         2812          415
01 37227805  13850  M  IBUPROFENO 600 MG X10 TAB                  12       680       680       000      8160       000  000  000  000  000  000         1  8906082150690       21214315       21214315   514427890001  N  0                         T1131 01/01/2024       USD          164         1966          415
01 37227805  14565  M  IBUPROFENO LAND800 X100TA                   2      5207      5207       000     10414       000  000  000  000  000  000         1  7598008000458       21214315       21214439   514427890001  N  0                      TI600001 01/06/2024       USD         1255         2509          415
01 37227805  LC840  M  LETISAN SOL.ORAL 120ML.                     4       936      1101       660      3744       000  000  000 1500  000  000         1  7591585214881       21214318       21214440   514427890001  N  0                           498 01/07/2024       USD          226          902          415
01 37227805  14576  M  METRONIDAZ LAND500 X100TA                   2      2574      2574       000      5148       000  000  000  000  000  000         1  7598008000564       21214315       21214315   514427890001  N  0                     TM1050001 01/06/2024       USD          620         1240          415
01 37227805  14579  M  NIFEDIPINA LAND30 X100TA                    2      4651      4651       000      9302       000  000  000  000  000  000         1  7598008000595       21214315       21214439   514427890001  N  0                         T9687 01/03/2024       USD         1121         2241          415
01 37227805  LT043  M  PEGYT 75MG. X20CA                           3      1751      1945       582      5253       000  000  000 1000  000  000         1  7591585317018       21214315       21214439   514427890001  N  0                           048 01/06/2024       USD          422         1266          415
01 37227805  LT065  M  SITAGLISMET 50-500 X30CO                    1      6049      6721       672      6049       000  000  000 1000  000  000         1  7591585118066       21214315       21214439   514427890001  N  0                           075 01/02/2023       USD         1458         1458          415
01 37227805  12616  C  EVERY N.MEN D.BOL FRESH90                   2       381       381       000       762       122  000  000  000  000  000         2  7590005168834       21214448       21214448   514427890002  N  0                       2105220 01/05/2023       USD          092          184          415
01 37227805  12615  C  EVERY N.MEN SPORT D.BOL90                   2       381       381       000       762       122  000  000  000  000  000         2  7590005168810       21214448       21214448   514427890002  N  0                     2106174F1 01/06/2023       USD          092          184          415
02 37227805         54         72772         12771          2043         87586    0    0    0  000    0    0    0   19/10/2021 04:46:59 p.m.   PR           000           000             0            19           USD          415        20613
