01 37236771  VP529  M  ALBISEC CAPS. X12                           3      2061      2425      1092      6183       000  000  000 1500  000  000         1  7703153037512       21223102       21223102   514521210001  N  0                       1361273 01/07/2024       USD          483         1448          427
01 37236771  13268  M  ANLEPTIC 200MG X30TAB                       3      1040      1040       000      3120       000  000  000  000  000  000         1  8940001255974       21223102       21223102   514521210001  N  0                       0C01127 01/01/2022       USD          244          731          427
01 37236771  12544  M  ATOVAROL 40MG X14CA                         3      1662      2078      1248      4986       000  000  000 2000  000  000         1  7592432901442       21223102       21223102   514521210001  N  0                        210051 01/03/2023       USD          389         1168          427
01 37236771  11475  M  BIOCOR HCT 40-12,5 X30TA                    2      3426      3426       000      6852       000  000  000  000  000  000         1  7591519316261       21223763       21223763   514521210001  N  0                         32266 01/09/2023       USD          802         1605          427
01 37236771  MO004  M  BROLAT 5MG/30MG. X10TA                      2      1132      1132       000      2264       000  000  000  000  000  000         1  7592601301578       21223305       21223305   514521210001  N  0                        135303 01/07/2024       USD          265          530          427
01 37236771  AO180  M  CALOXPIRINA 81MG. X30TA                    12      1300      1300       000     15600       000  000  000  000  000  000         1  7591519008487       21223102       21223102   514521210001  N  0                         32257 01/09/2024       USD          304         3653          427
01 37236771  PA024  M  COLGESIC 400MG/4MG. X15CO                   2      2410      2410       000      4820       000  000  000  000  000  000         1  7591243810028       21223763       21223763   514521210001  N  0                       9230902 01/06/2023       USD          564         1129          427
01 37236771  VP324  M  COMPLEJO B VP 2CC. X3                      12       697       891      2328      8364       000  000  800 1500  000  000         1  7703153013059       21223102       21223102   514521210001  N  0                       1319932 01/01/2024       USD          163         1959          427
01 37236771  MK939  M  DOMPERIDONA +MK 10 X15                      6       520       520       000      3120       000  000  000  000  000  000         1  7591519007428       21223180       21223180   514521210001  N  0                         32166 01/08/2024       USD          122          731          427
01 37236771  GM139  M  ESPIRONOLACTONA MY 25X20                    4      1508      1508       000      6032       000  000  000  000  000  000         1  7592601300984       21223180       21223180   514521210001  N  0                        156807 01/09/2023       USD          353         1413          427
01 37236771  AP250  M  FERROCE TAB. X30                            2      2845      2845       000      5690       000  000  000  000  000  000         1  7592601200161       21223102       21223102   514521210001  N  0                        104002 01/04/2023       USD          666         1333          427
01 37236771  AP003  M  IBUTANCOL 400/4 X10TA                       2      1210      1210       000      2420       000  000  000  000  000  000         1  7592601301783       21223763       21223763   514521210001  N  0                        137702 01/08/2024       USD          283          567          427
01 37236771  AH295  M  LASIX 20MG. X24CO                           2      1079      1173       188      2158       000  000  000  800  000  000         1  7592205000037       21221994       21222862   514521210001  N  0                         31957 01/04/2024       USD          253          505          427
01 37236771  MY134  M  MUPROBAN 2% UNG. 15GR.                      3      1608      1608       000      4824       000  000  000  000  000  000         1  7592601101093       21223763       21223763   514521210001  N  0                        132804 01/07/2023       USD          377         1130          427
01 37236771  12546  M  PANTOPRAZOL 40MG X10TA                      3      1261      1751      1470      3783       000  000 1000 2000  000  000         1  7703153034719       21223180       21223180   514521210001  N  0                       1349182 01/04/2023       USD          295          886          427
01 37236771  13286  M  TENOREN 100MG X30TAB                        6       624       624       000      3744       000  000  000  000  000  000         1  7598055000562       21221982       21222861   514521210001  N  0                         KK076 01/01/2025       USD          146          877          427
01 37236771  MK959  M  TIOCOLCHICOSIDO +MK4 X12                    2      1547      1820       546      3094       000  000  000 1500  000  000         1  7591519007749       21221795       21222860   514521210001  N  0                         32227 01/08/2024       USD          362          725          427
01 37236771  MY109  M  CETRAL 10MG. GOTAS 10ML.                    2       797       797       000      1594       000  000  000  000  000  000         2  7592601100706       21221982       21222861   514521210002  N  0                        926105 01/01/2022       USD          187          373          427
01 37236771  AP230  M  FERROCE B12 JBE. 120ML.                     2      1528      1528       000      3056       000  000  000  000  000  000         2  7592601200147       21221795       21222860   514521210002  N  0                        003302 01/05/2022       USD          358          716          427
01 37236771  MO009  M  HEPAFOL JARABE 120ML.                       2      2134      2134       000      4268       000  000  000  000  000  000         2  7592601301592       21221795       21222860   514521210002  N  0                        135201 01/05/2023       USD          500         1000          427
02 37236771         75         95972           000           000         95972    0    0    0  000    0    0    0   26/10/2021 12:53:05 p.m.   PR           000           000             0            20           USD          427        22476
