01 37231063  12034  M  ACETAMINOFEN AL500 X20TA                   24       526       526       000     12624       000  000  000  000  000  000         1  7597758000596       21217491       21217491   514468690001  N  0                         DL124 01/05/2023       USD          126         3027          417
01 37231063  LO239  M  AIRON 4MG. X10TAB.MAST.                     6       650       650       000      3900       000  000  000  000  000  000         1  7591196002952       21217361       21217361   514468690001  N  0                       I050901 01/05/2022       USD          156          935          417
01 37231063  KF190  M  DERMAZOL 0,05% CR.30GR.                     2      2210      2210       000      4420       000  000  000  000  000  000         1  7591619519036       21217754       21217754   514468690001  N  0                          0063 01/08/2023       USD          530         1060          417
01 37231063  VA551  M  KETAZOL 20MG. CREMA 15GR.                   4      1170      1170       000      4680       000  000  000  000  000  000         1  7592349429787       21217361       21217361   514468690001  N  0                       2109538 01/09/2026       USD          281         1122          417
01 37231063  15086  M  OMEPRAZOL BM20MG. X30CA                    12       780       780       000      9360       000  000  000  000  000  000         1  7598127001176       21217491       21217491   514468690001  N  0                        210120 01/01/2024       USD          187         2245          417
01 37231063  ZP002  M  ORALZINC MNDARINA.PVO.1S                    2      1170      1170       000      2340       000  000  000  000  000  000         1  7591651722302       21217754       21217754   514468690001  N  0                       2106030 01/06/2023       USD          281          561          417
01 37231063  LO690  M  RINOMAX SOL. NASAL 15ML.                    2      1148      1148       000      2296       000  000  000  000  000  000         1  7591196000682       21217361       21217361   514468690001  N  0                       I011084 01/02/2023       USD          275          551          417
01 37231063  14816  M  AMOXIVAL AC250-62,5 60ML.                   4      1844      1844       000      7376       000  000  000  000  000  000         2  7591020009003       21217361       21217361   514468690002  N  0                            05 01/05/2023       USD          442         1769          417
01 37231063  PD710  M  CLENBUXOL JBE. AD. 120CC.                   2      1820      1820       000      3640       000  000  000  000  000  000         2  7591955000151       21217491       21217491   514468690002  N  0                          0064 01/03/2024       USD          436          873          417
01 37231063  ED379  M  VIZERUL 150MG. JBE.120ML.                   2      2703      2703       000      5406       000  000  000  000  000  000         2  7592803002389       21217491       21217491   514468690002  N  0                       2107586 01/07/2023       USD          648         1296          417
02 37231063         60         56042           000           000         56042    0    0    0  000    0    0    0   21/10/2021 02:17:27 p.m.   PR           000           000             0            10           USD          417        13439
