01 37237040  11905  M  ARUDIL 15MG. X10TA                          1      3510      3510       000      3510       000  000  000  000  000  000         1  7591821210011       21221994       21222862   514521190001  N  0                       2106245 01/07/2023       USD          822          822          427
01 37237040  NP003  M  CALCIBON D 1500/200 X30                     3      3089      3510      1263      9267       000  000  000 1200  000  000         1  7591821101029       21223763       21223763   514521190001  N  0                       2103578 01/12/2023       USD          723         2170          427
01 37237040  NP099  N  CALCIBON NATAL FORT X30TA                   3      2832      3218      1158      8496      1359  000  000 1200  000  000         1  7591821102071       21223763       21223763   514521190001  N  0                       2105324 01/05/2023       USD          663         1990          427
01 37237040  VM469  M  CANDER 8MG. X30TA                           3      1764      1764       000      5292       000  000  000  000  000  000         1  7591020008297       21223102       21223102   514521190001  N  0                           160 01/08/2025       USD          413         1239          427
01 37237040  12141  M  CARVEDILOL BM6,25 X100TA                    2      3120      3120       000      6240       000  000  000  000  000  000         1  6930169708377       21223180       21223180   514521190001  N  0                        210431 01/04/2024       USD          731         1461          427
01 37237040  KL043  M  CORENTEL 2,5MG. X30CO                       4      1820      1820       000      7280       000  000  000  000  000  000         1  7591619520278       21223102       21223102   514521190001  N  0                          0007 01/04/2024       USD          426         1705          427
01 37237040  KL033  M  COROPRES H 8/12,5 X30CO                     3      2730      2730       000      8190       000  000  000  000  000  000         1  7591619520353       21223102       21223102   514521190001  N  0                          0005 01/03/2024       USD          639         1918          427
01 37237040  KN330  M  CURPINOL 25MG. X30CO                        2      2860      2860       000      5720       000  000  000  000  000  000         1  7591955558225       21223305       21223305   514521190001  N  0                          0023 01/01/2024       USD          670         1340          427
01 37237040  15260  M  FLUCONAZOL BM150MG. X2CA                    6       468       468       000      2808       000  000  000  000  000  000         1  7598127001060       21221982       21222861   514521190001  N  0                        210214 01/02/2024       USD          110          658          427
01 37237040  15658  N  GLUCOSAMINA+CHON HP X30CA                   2      2105      2105       000      4210       000  000  000  000  000  000         1  7592710004193       21221795       21222860   514521190001  N  0                       2573007 01/07/2024       USD          493          986          427
01 37237040  11764  N  GLUCOSAMINA-CHON HP X60CA                   2      3509      3509       000      7018       000  000  000  000  000  000         1  7592710000881       21221795       21222860   514521190001  N  0                       0552708 01/08/2024       USD          822         1644          427
01 37237040  ED008  M  MUCLAR 30MG-5MG X10CO                       2      1034      1034       000      2068       000  000  000  000  000  000         1  7592803002594       21223305       21223305   514521190001  N  0                       2107583 01/08/2023       USD          242          484          427
01 37237040  KN190  M  NEFROTAL 100MG. X14CO                       2      1300      1300       000      2600       000  000  000  000  000  000         1  7591955558256       21223763       21223763   514521190001  N  0                          0016 01/03/2024       USD          304          609          427
01 37237040  FA514  M  NEURIXA 75MG. X14CA                         6      1317      1463       876      7902       000  000  000 1000  000  000         1  7591821903616       21223763       21223763   514521190001  N  0                       2105213 01/05/2023       USD          308         1851          427
01 37237040  PG110  M  NINAZO GOTAS AD. 15ML.                      6       709       731       132      4254       000  000  300  000  000  000         1  7591821802957       21221795       21222860   514521190001  N  0                       2108322 01/03/2023       USD          166          996          427
01 37237040  PD210  M  PRAXONA 150MG. X10CO                        2      1300      1300       000      2600       000  000  000  000  000  000         1  7591955000663       21223102       21223102   514521190001  N  0                          0055 01/06/2023       USD          304          609          427
01 37237040  GP830  M  RIDAL 1MG. X20CO                            3      1300      1300       000      3900       000  000  000  000  000  000         1  7594000491669       21223763       21223763   514521190001  N  0                          0037 01/03/2024       USD          304          913          427
01 37237040  12143  M  TONERVOL 5MG. X30TA                         2      3218      3218       000      6436       000  000  000  000  000  000         1  7591821210547       21223180       21223180   514521190001  N  0                       2106898 01/06/2023       USD          754         1507          427
01 37237040  BQ001  M  AMBROXOL BQ. 15MG.120ML.                    6       950       950       000      5700       000  000  000  000  000  000         2  7594000850909       21223102       21223102   514521190002  N  0                        210702 01/07/2023       USD          222         1335          427
01 37237040  BQ290  M  AMBROXOL BQ. 30MG.120ML.                   12       967       967       000     11604       000  000  000  000  000  000         2  7594000850923       21223102       21223102   514521190002  N  0                        210812 01/08/2023       USD          226         2718          427
02 37237040         72        115095           000          1359        116454    0    0    0  000    0    0    0   26/10/2021 02:10:35 p.m.   PR           000           000             0            20           USD          427        26954
