01 37242779  15085  M  COMPLEJO MULTIVIT.BM X30                    6      1287      1287       000      7722       000  000  000  000  000  000         1  7598127001213       21227411       21227411   514573500001  N  0                        210167 01/01/2024       USD          298         1788          432
01 37242779  KF200  M  DERMAZOL 0,05% UNG.30GR.                    2      2470      2470       000      4940       000  000  000  000  000  000         1  7591619519043       21227411       21227411   514573500001  N  0                          0050 01/06/2023       USD          572         1144          432
01 37242779  15371  M  DOLCAN 50MG. X10CO                          6       390       390       000      2340       000  000  000  000  000  000         1  7591619002750       21226386       21226386   514573500001  N  0                          0001 01/05/2023       USD          090          542          432
01 37242779  BQ230  M  LANCERAN GOTAS PED. 30ML.                   4       688       688       000      2752       000  000  000  000  000  000         1  7594000850220       21227411       21227411   514573500001  N  0                        210607 01/06/2024       USD          159          637          432
01 37242779  NP640  M  MACRODANTINA 50MG. X30CA                    3      3042      3042       000      9126       000  000  000  000  000  000         1  7591821901858       21227411       21227411   514573500001  N  0                       2107348 01/09/2024       USD          704         2112          432
01 37242779  AN150  N  NERSAN AI CAPS. X90                         1      2215      2215       000      2215       000  000  000  000  000  000         1  7592946168287       21227411       21227411   514573500001  N  0                      02218287 01/06/2024       USD          513          513          432
01 37242779  AN160  N  NERSAN AI JBE. 240ML.                       1      1379      1379       000      1379       000  000  000  000  000  000         1  7592946064251       21227411       21227411   514573500001  N  0                      04214251 01/06/2023       USD          319          319          432
01 37242779  14756  N  PASIFLORA AI JBE. 120ML.                    2      1019      1019       000      2038       000  000  000  000  000  000         1  7592946012788       21227411       21227411   514573500001  N  0                      04212788 01/06/2023       USD          236          472          432
01 37242779  15082  M  SANA 2% CR.VAG. 20GR.                       6      1287      1287       000      7722       000  000  000  000  000  000         1  7598127001091       21227411       21227411   514573500001  N  0                        210310 01/03/2024       USD          298         1788          432
01 37242779  VA054  M  MODERAN SOL.ORAL 120ML.                     2      3133      3481       696      6266       000  000  000 1000  000  000         2  7592349527124       21226386       21226386   514573500002  N  0                        AP3819 01/12/2023       USD          725         1450          432
02 37242779         33         46500           000           000         46500    0    0    0  000    0    0    0   28/10/2021 05:57:38 p.m.   PR           000           000             0            10           USD          432        10764
