01 37256202  14829  M  AMOXICIL CLA JL500/125X10                   3      3596      3596       000     10788       000  000  000  000  000  000         1  7598650000677       21239818       21239818   514726280001  N  0                       2007375 01/07/2023       USD          808         2424          445
01 37256202  MY014  M  ARBIXIL 7,5-5 GOTAS 15ML.                   2       848       848       000      1696       000  000  000  000  000  000         1  7592601100683       21239635       21239635   514726280001  N  0                        928903 01/09/2022       USD          191          381          445
01 37256202  12085  M  CEVAX 500MG. X15CA.BLA                      3       773      1074       903      2319       000  000 1000 2000  000  000         1  7592432901381       21239719       21239719   514726280001  N  0                        210251 01/08/2023       USD          174          521          445
01 37256202  12085  M  CEVAX 500MG. X15CA.BLA                      1       773      1074       301       773       000  000 1000 2000  000  000         1  7592432901381       21239719       21239719   514726280001  N  0                        210251 01/08/2023       USD          174          174          445
01 37256202  VP990  M  CEVAX 500MG. X30CA.BLA                      2      1598      1880       564      3196       000  000  000 1500  000  000         1  7592432007649       21239719       21239719   514726280001  N  0                        210248 01/08/2023       USD          359          718          445
01 37256202  14256  M  CIRGREL 75MG X30TA                          2      2431      2431       000      4862       000  000  000  000  000  000         1  7592454003315       21239635       21239635   514726280001  N  0                       3263040 01/03/2023       USD          546         1093          445
01 37256202  12862  M  DEROVIT 1000UI X15CA                        6       416       693      1662      2496       000  000  000 4000  000  000         1  7592432901466       21238494       21238494   514726280001  N  0                        210129 01/05/2023       USD          093          561          445
01 37256202  PA050  M  ERILON 0,05% CREMA 15GR.                    2      1890      1890       000      3780       000  000  000  000  000  000         1  7591243815757       21239679       21239679   514726280001  N  0                       9251902 01/06/2023       USD          425          849          445
01 37256202  11893  M  TALYSTO 20MG. X1TA.MAST.                    6       246       246       000      1476       000  000  000  000  000  000         1  7592454891400       21239635       21239635   514726280001  N  0                       3267799 01/05/2023       USD          055          332          445
02 37256202         27         31386           000           000         31386    0    0    0  000    0    0    0   08/11/2021 09:41:39 a.m.   PR           000           000             0             9           USD          445         7053
