01 37255823  ET350  C  ADEMINA PLUS CR.CORP.60GR                   6      1768      1768       000     10608      1697  000  000  000  000  000         1  7591844000446       21238235       21238235   514712170001  N  0                    AP60210105 01/07/2024       USD          400         2400          442
01 37255823  14501  M  ALBENDAZOL LAND200 X100TM                   3      3972      3972       000     11916       000  000  000  000  000  000         1  7598008000106       21238235       21238235   514712170001  N  0                     TA1970001 01/06/2024       USD          899         2696          442
01 37255823  14947  M  AMOXI+CLAV ZIEL875/125X10                   3      2808      2808       000      8424       000  000  000  000  000  000         1   781584377602       21238102       21238102   514712170001  N  0                     EBT210020 01/02/2023       USD          635         1906          442
01 37255823  13419  M  APLACAL SAB.BAN 750MGX10T                   2      1158      1158       000      2316       000  000  000  000  000  000         1  7592601303176       21238102       21238102   514712170001  N  0                        039501 01/09/2022       USD          262          524          442
01 37255823  13420  M  APLACAL SAB.FRA750MG X10T                   1      1158      1158       000      1158       000  000  000  000  000  000         1  7592601303145       21238102       21238102   514712170001  N  0                        139601 01/04/2023       USD          262          262          442
01 37255823  PO170  M  ATROBEL 10MG. GOTAS 15ML.                   1      1638      1638       000      1638       000  000  000  000  000  000         1  7592806123012       21238235       21238235   514712170001  N  0                        104062 01/04/2023       USD          371          371          442
01 37255823  MY185  M  BENDAMEN 100MG. X6TA                        3       844       844       000      2532       000  000  000  000  000  000         1  7592601100218       21238235       21238235   514712170001  N  0                        111603 01/09/2026       USD          191          573          442
01 37255823  KL991  M  COROPRES 16MG. X30CO                        4      3380      3380       000     13520       000  000  000  000  000  000         1  7591619520346       21238235       21238235   514712170001  N  0                          0006 01/06/2024       USD          765         3059          442
01 37255823  LT046  M  GENLET 200MG. X20CO                         2      2478      2478       000      4956       000  000  000  000  000  000         1  7591585110183       21238102       21238102   514712170001  N  0                           054 01/08/2023       USD          561         1121          442
01 37255823  13486  M  ITRACONAZOL 100 MGX10 CAP                   3      1980      1980       000      5940       000  000  000  000  000  000         1  7598176000229       21238102       21238102   514712170001  N  0                       21C0403 01/03/2024       USD          448         1344          442
01 37255823  12932  M  LEVOFLOXACINO 750MGX5TA                    12      2202      2202       000     26424       000  000  000  000  000  000         1  7702605109616       21238235       21238235   514712170001  N  0                       B01066A 01/05/2023       USD          498         5978          442
01 37255823  14235  M  LOSARTAN P DAC55 50MGX30T                  12       785       785       000      9420       000  000  000  000  000  000         1  7598578000223       21238235       21238235   514712170001  N  0                          V180 01/01/2024       USD          178         2131          442
01 37255823  FF210  M  MATERNAVIT CAPS.BLAN. X30                   2      3819      3819       000      7638       000  000  000  000  000  000         1  7591096000102       21238102       21238102   514712170001  N  0                      04C21119 01/02/2023       USD          864         1728          442
01 37255823  LC170  M  MONOSULPA GOTAS 15 CC.                      3       946       946       000      2838       000  000  000  000  000  000         1  7591585110923       21238235       21238235   514712170001  N  0                           195 01/09/2023       USD          214          642          442
01 37255823  14577  M  NIFEDIPINA LAND10 X100TA                    3      1222      1222       000      3666       000  000  000  000  000  000         1  7598008000571       21238102       21238102   514712170001  N  0                      TN550001 01/07/2024       USD          276          829          442
01 37255823  14578  M  NIFEDIPINA LAND20 X100TA                    1      1729      1729       000      1729       000  000  000  000  000  000         1  7598008000588       21238102       21238102   514712170001  N  0                      TN540001 01/07/2024       USD          391          391          442
01 37255823  KL061  M  PLIDAN SOL.GOTAS 20ML.                      3      1690      1690       000      5070       000  000  000  000  000  000         1  7591619517940       21238235       21238235   514712170001  N  0                          0023 01/05/2024       USD          382         1147          442
01 37255823  ET340  C  ADEMINA PLUS CR.CORP.30GR                   6      1027      1027       000      6162       986  000  000  000  000  000         2  7591844000439       21238235       21238235   514712170002  N  0                    AP30210105 01/07/2024       USD          232         1394          442
01 37255823  LN110  C  DIADEX PHIS JABON 120ML.                    2      1235      1235       000      2470       395  000  000  000  000  000         2  7592348208208       21238235       21238235   514712170002  N  0                   01719800002 01/10/2024       USD          279          559          442
01 37255823  XS020  N  GLICERINA XS 30ML.                         12       348       348       000      4176       668  000  000  000  000  000         3  7594001450696       21238235       21238235   514712170003  N  0                      19082112 01/06/2023       USD          079          945          442
01 37255823  MO008  M  LECART SOL.ORAL 60ML.                       6      1052      1052       000      6312       000  000  000  000  000  000         3  7592601301523       21238235       21238235   514712170003  N  0                        135102 01/06/2023       USD          238         1428          442
01 37255823  ZP007  M  REFLUXYL SUSP.ORAL 120ML.                   1      2870      2870       000      2870       000  000  000  000  000  000         3  7591651722937       21238235       21238235   514712170003  N  0                       2109090 01/09/2023       USD          649          649          442
01 37255823  EL245  M  TANTUM TOP. BUCAL 240 CC.                   2      1396      1396       000      2792       000  000  000  000  000  000         3  7591062011538       21238235       21238235   514712170003  N  0                        21063A 01/09/2023       USD          316          632          442
01 37255823  ED379  M  VIZERUL 150MG. JBE.120ML.                   2      2704      2704       000      5408       000  000  000  000  000  000         3  7592803002389       21238235       21238235   514712170003  N  0                       2108615 01/09/2023       USD          612         1224          442
02 37255823         95        130743         19240          3747        153730    0    0    0  000    0    0    0   05/11/2021 03:09:19 p.m.   PR           000           000             0            24           USD          442        33933
