01 37257066  RZ160  M  AC FOLICO PX 10MG. X20TA                   24       430       478      1152     10320       000  000  000 1000  000  000         1  7594001101338       21238494       21238494   514726270001  N  0                          5983 01/07/2024       USD          097         2319          445
01 37257066  14471  M  ACETAMINOFEN FM500 X10TA                  100       229       254      2500     22900       000  000  000 1000  000  000         1  8906082150683       21239719       21239719   514726270001  N  0                         T1075 01/12/2023       USD          051         5146          445
01 37257066  LO539  M  AFLAMAX 50MG. X20TA                        12       584       779      2340      7008       000  000  000 2500  000  000         1  7591196004451       21239679       21239679   514726270001  N  0                       I081183 01/09/2023       USD          131         1575          445
01 37257066  11905  M  ARUDIL 15MG. X10TA                          2      3510      3510       000      7020       000  000  000  000  000  000         1  7591821210011       21239635       21239635   514726270001  N  0                       2106245 01/07/2023       USD          789         1578          445
01 37257066  11624  M  BISOPROLOL AL2,5MG. X30TA                   6      1508      1676      1008      9048       000  000  000 1000  000  000         1  7597758000114       21238494       21238494   514726270001  N  0                         DL113 01/05/2023       USD          339         2033          445
01 37257066  NP099  N  CALCIBON NATAL FORT X30TA                   3      2896      3218       966      8688      1390  000  000 1000  000  000         1  7591821102071       21239818       21239818   514726270001  N  0                       2105324 01/05/2023       USD          651         1952          445
01 37257066  11288  M  COLYPAN 200MG. X10TA                        6      1185      1317       792      7110       000  000  000 1000  000  000         1  7591821210264       21239679       21239679   514726270001  N  0                       2110472 01/10/2024       USD          266         1598          445
01 37257066  15323  M  COMPLEBREZ 100/6 PSI 150D                   1      9282     12376      3094      9282       000  000  000 2500  000  000         1  8904091110162       21239719       21239719   514726270001  N  0                      12200541 01/08/2022       USD         2086         2086          445
01 37257066  12190  M  LEVOTIROXINA AL100MCG50TA                   3      1649      1832       549      4947       000  000  000 1000  000  000         1  7597758000497       21238740       21238740   514726270001  N  0                         DL107 01/01/2023       USD          371         1112          445
01 37257066  11489  N  MAGALEX 100MG. X30CA                        2      1580      1755       350      3160       506  000  000 1000  000  000         1  7591821210059       21238494       21238494   514726270001  N  0                       2106167 01/06/2023       USD          355          710          445
01 37257066  PG110  M  NINAZO GOTAS AD. 15ML.                      6       659       732       438      3954       000  000  000 1000  000  000         1  7591821802957       21239818       21239818   514726270001  N  0                       2108322 01/03/2023       USD          148          889          445
01 37257066  15261  M  PREDNISOLONA BM5MG. X30TA                   2       867      1057       380      1734       000  000  000 1800  000  000         1  7598127001206       21238494       21238494   514726270001  N  0                        210216 01/02/2024       USD          195          390          445
01 37257066  RZ360  M  SILDEX 50MG. X2TA                          24       269       299       720      6456       000  000  000 1000  000  000         1  7594001101420       21238494       21238494   514726270001  N  0                          5996 01/07/2024       USD          060         1451          445
01 37257066  VM033  M  TADAFOX 5MG. X30TA                          6      1222      1222       000      7332       000  000  000  000  000  000         1  7591020080781       21238740       21238740   514726270001  N  0                            48 01/06/2023       USD          275         1648          445
02 37257066        197        108959           000          1896        110855    0    0    0  000    0    0    0   08/11/2021 03:40:57 p.m.   PR           000           000             0            14           USD          445        24485
