01 37264813  KV004  M  ANTILAX 2MG. X10TA                          2       673       673       000      1346       000  000  000  000  000  000         1  7591821102095       21245445       21245445   514808040001  N  0                       2010043 01/10/2022       USD          151          301          447
01 37264813  15031  M  ATORVASTATINA AL20 X30TA                    6      1570      1570       000      9420       000  000  000  000  000  000         1  7597758000732       21245594       21245594   514808040001  N  0                        AVT001 01/02/2024       USD          351         2107          447
01 37264813  MK949  M  CARVEDILOL +MK 12,5 X14TA                  24       785       785       000     18840       000  000  000  000  000  000         1  7591519007053       21246039       21246039   514808040001  N  0                         32117 01/07/2023       USD          176         4215          447
01 37264813  MK004  M  CARVEDILOL +MK 6,25 X14TA                  12       736       736       000      8832       000  000  000  000  000  000         1  7591519007633       21246039       21246039   514808040001  N  0                         32191 01/08/2023       USD          165         1976          447
01 37264813  11251  M  CICLOKAN 500MG. X21CO                       1      3640      3640       000      3640       000  000  000  000  000  000         1  7591619519227       21245445       21245445   514808040001  N  0                          0026 01/07/2023       USD          814          814          447
01 37264813  LO120  M  CLARASOL SOL.OFT. 15ML.                     3      1442      1602       480      4326       000  000  000 1000  000  000         1  7591196000071       21245594       21245594   514808040001  N  0                       I041135 01/04/2024       USD          323          968          447
01 37264813  KN101  M  DENUAL 150MG. X1CO                          3      1560      1560       000      4680       000  000  000  000  000  000         1  7591619517605       21245543       21245543   514808040001  N  0                          0003 01/11/2023       USD          349         1047          447
01 37264813  LO810  M  FISIOLIN GOTAS PED. 15ML.                   3      1206      1206       000      3618       000  000  000  000  000  000         1  7591196002198       21245716       21245716   514808040001  N  0                       I060946 01/07/2023       USD          270          809          447
01 37264813  KL769  M  GIVOTAN 500MG. X6TA                         2      3770      3770       000      7540       000  000  000  000  000  000         1  7861148020441       21245716       21245716   514808040001  N  0                       210227C 01/03/2024       USD          843         1687          447
01 37264813  MK809  M  IVERMECTINA +MK 6MG. X4TA                  12       294       420      1512      3528       000  000 3000  000  000  000         1  7591519007121       21246039       21246039   514808040001  N  0                        960221 01/02/2023       USD          066          789          447
01 37264813  KL419  M  MIGRADORIXINA 125-1 X10CO                   2      1560      1560       000      3120       000  000  000  000  000  000         1  7591619518688       21245594       21245594   514808040001  N  0                          1013 01/03/2023       USD          349          698          447
01 37264813  NP024  M  NOTOLAC 20MG. X10TA                         2      1463      1463       000      2926       000  000  000  000  000  000         1  7591821902022       21245716       21245716   514808040001  N  0                       2106900 01/09/2024       USD          327          655          447
01 37264813  FA239  M  NOTOLAC 30MG. X4TA.SUBL.                    2      1170      1170       000      2340       000  000  000  000  000  000         1  7591821210134       21245716       21245716   514808040001  N  0                       2106107 01/07/2023       USD          262          523          447
01 37264813  11563  N  OMEGA 369 AI 1000MG.X60CA                   2      3308      3557       498      6616       000  000  000  700  000  000         1  7592946169659       21245445       21245445   514808040001  N  0                      03219659 01/07/2023       USD          740         1480          447
01 37264813  15043  N  OMEGA MAX III VW1000 50CB                   3      1764      1857       279      5292       000  000  500  000  000  000         1   708669111333       21245445       21245445   514808040001  N  0                       8032021 01/05/2024       USD          395         1184          447
02 37264813         79         86064           000           000         86064    0    0    0  000    0    0    0   12/11/2021 09:34:53 a.m.   PR           000           000             0            15           USD          447        19254
