01 37260471  14500  M  ACIDO VALPRO LAND500 X100                   3      5805      5805       000     17415       000  000  000  000  000  000         1  7598008000632       21241029       21241029   514749100001  N  0                     TD1570001 01/07/2024       USD         1307         3922          444
01 37260471  14917  M  AZITROMICINA MC500 X3TA                    48       439       488      2352     21072       000  000  000 1000  000  000         1   781159319747       21241501       21241501   514749100001  N  0                        210626 01/06/2024       USD          099         4746          444
01 37260471  12025  M  CEFADROXILO DAC500 X10TA                   12      1027      1027       000     12324       000  000  000  000  000  000         1  7598578000070       21241029       21241029   514749100001  N  0                          V205 01/05/2023       USD          231         2776          444
01 37260471  CO265  M  CLORACE 500MG/4MG X10TA                     4      1001      1001       000      4004       000  000  000  000  000  000         1  7591818116043       21241072       21241072   514749100001  N  0                         10110 01/04/2024       USD          225          902          444
01 37260471  KF190  M  DERMAZOL 0,05% CR.30GR.                     2      2210      2210       000      4420       000  000  000  000  000  000         1  7591619519036       21241029       21241029   514749100001  N  0                          0063 01/08/2023       USD          498          995          444
01 37260471  15617  M  DROPELLA 3MG/0,03MG.X21TA                  12      3433      3614      2172     41196       000  000  000  500  000  000         1  7594001564119       21241626       21241626   514749100001  N  0                       21HT182 01/06/2023       USD          773         9278          444
01 37260471  VA619  M  HENOVIC SOL.ORAL GOTAS 30ML                 2      2033      2033       000      4066       000  000  000  000  000  000         1  7592349722963       21241072       21241072   514749100001  N  0                       2109036 01/09/2023       USD          458          916          444
01 37260471  LT439  M  TEKRON 200MG. X30CO                         2      4460      4460       000      8920       000  000  000  000  000  000         1  7591585218568       21241029       21241029   514749100001  N  0                           185 01/09/2023       USD         1004         2009          444
01 37260471  12494  M  TOBRAWELL DX GOTAS OF 3ML                   2      1354      1354       000      2708       000  000  000  000  000  000         1  7404000313642       21241029       21241029   514749100001  N  0                      F2011046 01/12/2023       USD          305          610          444
01 37260471  GN138  M  CEFADROXILO GN250 PPS75ML                   2      1726      1726       000      3452       000  000  000  000  000  000         2  7591585270207       21241029       21241029   514749100002  N  0                           744 01/04/2023       USD          389          777          444
01 37260471  GG800  M  MUCORAMA 15MG. JBE.118ML.                   2      1218      1218       000      2436       000  000  000  000  000  000         2  7591651722401       21241029       21241029   514749100002  N  0                       2104055 01/04/2023       USD          274          549          444
02 37260471         91        122013           000           000        122013    0    0    0  000    0    0    0   09/11/2021 05:45:58 p.m.   PR           000           000             0            11           USD          444        27480
