01 37277242  13713  M  CEFADROXILO POL.PS 80ML                     4      1799      1955       624      7196       000  000  000  800  000  000         1  7702605160525       21256856       21256856   514927770001  N  0                       20GE021 01/05/2023       USD          396         1585          454
01 37277242  12727  M  COFATODEX SUS. OF 5ML                       6      1196      1329       798      7176       000  000  000 1000  000  000         1  7591818716885       21256761       21256761   514927770001  N  0                        207051 01/07/2023       USD          263         1581          454
01 37277242  PO195  M  DECOBEL VIAL 8MG. 2ML.                      3      1105      1105       000      3315       000  000  000  000  000  000         1  7592806112047       21256917       21256917   514927770001  N  0                        109154 01/09/2024       USD          243          730          454
01 37277242  GB840  M  GLICERINA GC SUPOS.PED.X6                   2      1331      1331       000      2662       000  000  000  000  000  000         1  7592349923872       21256856       21256856   514927770001  N  0                       2108137 01/08/2023       USD          293          586          454
01 37277242  VA619  M  HENOVIC SOL.ORAL GOTAS 30ML                 2      2105      2105       000      4210       000  000  000  000  000  000         1  7592349722963       21256809       21256809   514927770001  N  0                       2109036 01/09/2023       USD          464          927          454
01 37277242  14571  M  LOPERAMIDA LAND2MG.X100TA                   1      1815      1815       000      1815       000  000  000  000  000  000         1  7598008000519       21256809       21256809   514927770001  N  0                     TL1040001 01/06/2024       USD          400          400          454
01 37277242  14235  M  LOSARTAN P DAC55 50MGX30T                   6       858       858       000      5148       000  000  000  000  000  000         1  7598578000223       21256917       21256917   514927770001  N  0                          V180 01/01/2024       USD          189         1134          454
01 37277242  14576  M  METRONIDAZ LAND500 X100TA                   2      2688      2688       000      5376       000  000  000  000  000  000         1  7598008000564       21256856       21256856   514927770001  N  0                     TM1060001 01/06/2024       USD          592         1184          454
01 37277242  LC409  M  MIGREN 650-50-1 X10CO                       1       841       841       000       841       000  000  000  000  000  000         1  7591585115737       21256856       21256856   514927770001  N  0                           537 01/09/2023       USD          185          185          454
01 37277242  LX102  M  MIGREN 650-50-1 X20CO                       1      1412      1412       000      1412       000  000  000  000  000  000         1  7591585415738       21256856       21256856   514927770001  N  0                           537 01/09/2023       USD          311          311          454
01 37277242  SP002  M  MONTELUKAST SP10MG. X10TA                   2      1056      1056       000      2112       000  000  000  000  000  000         1  7590027002154       21256856       21256856   514927770001  N  0                          1391 01/10/2023       USD          233          465          454
01 37277242  EL070  M  MYCOFENTIN 2% CR.TOP.20GR                   2      1474      1474       000      2948       000  000  000  000  000  000         1  7591062010128       21256809       21256809   514927770001  N  0                        20078A 01/07/2023       USD          325          649          454
01 37277242  LT043  M  PEGYT 75MG. X20CA                           2      1736      2042       612      3472       000  000  000 1500  000  000         1  7591585317018       21256809       21256809   514927770001  N  0                           049 01/07/2024       USD          382          765          454
01 37277242  13550  M  PENTOXIFILINA 400MG X30TA                   2      3821      3821       000      7642       000  000  000  000  000  000         1  7501384504946       21256877       21256877   514927770001  N  0                       6510521 01/05/2023       USD          842         1683          454
01 37277242  13725  M  SALRES 100MCG AERO 200DOS                   6      2072      2072       000     12432       000  000  000  000  000  000         1  8699525528148       21256856       21256856   514927770001  N  0                       A092150 01/01/2023       USD          456         2738          454
01 37277242  EL775  M  TALZIC SOL.GOTAS 20ML.                      2       617       617       000      1234       000  000  000  000  000  000         1  7591062016670       21256809       21256809   514927770001  N  0                        20114B 01/09/2022       USD          136          272          454
01 37277242  LT284  M  ANTUX SOL.ORAL 180ML.                       3      3369      3964      1785     10107       000  000  000 1500  000  000         2  7591585214706       21256917       21256917   514927770002  N  0                           283 01/08/2024       USD          742         2226          454
01 37277242  FS017  N  CITRATO POTASIO FS 10X950                   6      2926      2926       000     17556       000  000  000  000  000  000         2  7592368003128       21256809       21256809   514927770002  N  0                       1021134 01/10/2022       USD          644         3867          454
02 37277242         53         96654           000           000         96654    0    0    0  000    0    0    0   20/11/2021 12:23:01 p.m.   PR           000           000             0            18           USD          454        21289
