01 37270791  11795  M  AFLAMAX 50MG. X10TA                         6       313       417       624      1878       000  000  000 2500  000  000         1  7591196007186       21250838       21250838   514868630001  N  0                       I031122 01/03/2023       USD          069          415          452
01 37270791  LO539  M  AFLAMAX 50MG. X20TA                         6       584       779      1170      3504       000  000  000 2500  000  000         1  7591196004451       21250838       21250838   514868630001  N  0                       I081183 01/09/2023       USD          129          775          452
01 37270791  FA210  M  CORAZEN 60MG. X20TA                         2      2340      2340       000      4680       000  000  000  000  000  000         1  7591821900257       21250838       21250838   514868630001  N  0                       2108256 01/08/2024       USD          518         1035          452
01 37270791  VM494  M  DUROVAL 50MG. X10TA                         6      2023      2023       000     12138       000  000  000  000  000  000         1  7591020008440       21250325       21250325   514868630001  N  0                           638 01/07/2026       USD          448         2685          452
01 37270791  MK809  M  IVERMECTINA +MK 6MG. X4TA                  12       336       420      1008      4032       000  000  000 2000  000  000         1  7591519007121       21250838       21250838   514868630001  N  0                        960221 01/02/2023       USD          074          892          452
01 37270791  FA504  M  NEURIXA 150MG. X14CA                        2      2574      2925       702      5148       000  000  000 1200  000  000         1  7591821903609       21250325       21250325   514868630001  N  0                       2010064 01/10/2022       USD          569         1139          452
01 37270791  14789  M  SEGFEMIOL 0,15/0,03 X28TA                   2       962      1203       482      1924       000  000  000 2000  000  000         1  7502213040994       21250599       21250599   514868630001  N  0                        I20436 01/07/2022       USD          213          426          452
01 37270791  10854  C  ARNICA FC FORTE90GR.BOL                     2       697       697       000      1394       223  000  000  000  000  000         2  7593090000676       21250838       21250838   514868630002  N  0                       2109002 01/09/2024       USD          154          308          452
01 37270791  RZ390  M  ANANTY FORTE SUSP.PED.120                  12       670       670       000      8040       000  000  000  000  000  000         3  7594001101581       21250838       21250838   514868630003  N  0                          6097 01/10/2023       USD          148         1779          452
01 37270791  BQ260  M  GLUCONATO FERROSO BQ120ML                   2       885       885       000      1770       000  000  000  000  000  000         3  7594000850428       21250325       21250325   514868630003  N  0                        200711 01/07/2022       USD          196          392          452
02 37270791         52         43114          1394           223         44731    0    0    0  000    0    0    0   17/11/2021 10:19:12 a.m.   PR           000           000             0            10           USD          452         9847
