01 37287184  13542  M  ACETAMINOFEN GN650 X10CO                   12       382       382       000      4584       000  000  000  000  000  000         1  7591585279057       21264763       21264763   515031600001  N  0                           072 01/10/2023       USD          084         1005          456
01 37287184  14538  M  ATENOLOL LAND50 X100TA                      1      2527      2527       000      2527       000  000  000  000  000  000         1  7598008000175       21264283       21264283   515031600001  N  0                     TA1960001 01/06/2024       USD          554          554          456
01 37287184  14780  M  ATORVASTATINA DAC40 X30TA                   6      2153      2153       000     12918       000  000  000  000  000  000         1  7598578000254       21264283       21264283   515031600001  N  0                          V227 01/05/2024       USD          472         2833          456
01 37287184  GN176  M  CARBAMAZEPINA GN 200X30CO                   6      1381      1625      1464      8286       000  000  000 1500  000  000         1  7591585278265       21264575       21264575   515031600001  N  0                           326 01/09/2026       USD          303         1817          456
01 37287184  CO265  M  CLORACE 500MG/4MG X10TA                     3       842      1052       630      2526       000  000  000 2000  000  000         1  7591818116043       21264763       21264763   515031600001  N  0                         10215 01/06/2024       USD          185          554          456
01 37287184  PB245  M  DENCORUB GEL 40 GR.                         3      1196      1196       000      3588       000  000  000  000  000  000         1  7591309010416       21264283       21264283   515031600001  N  0                       2109016 01/09/2023       USD          262          787          456
01 37287184  12380  M  GABAPENTINA 300MG X30TA                     1      2115      2115       000      2115       000  000  000  000  000  000         1  7598176000076       21264283       21264283   515031600001  N  0                        T10028 01/12/2022       USD          464          464          456
01 37287184  14119  M  IBUPROFENO 400MG X20TA                     12       685       685       000      8220       000  000  000  000  000  000         1  7592236002178       21264763       21264763   515031600001  N  0                      TI370008 01/03/2024       USD          150         1803          456
01 37287184  LN165  M  MADECASSOL 2% POLVO 5GR.                    2      2209      2209       000      4418       000  000  000  000  000  000         1  7592348218108       21264763       21264763   515031600001  N  0                       2107029 01/07/2026       USD          484          969          456
01 37287184  CO105  M  MIOVIT GRAGEAS X30                          3      1390      2317      2781      4170       000  000  000 4000  000  000         1  7591818118047       21264575       21264575   515031600001  N  0                         10397 01/09/2024       USD          305          914          456
01 37287184  14580  M  OMEPRAZOL LAND20MG.X100CA                   3      2421      2421       000      7263       000  000  000  000  000  000         1  7598008000601       21264283       21264283   515031600001  N  0                         C1887 01/03/2024       USD          531         1593          456
01 37287184  CO440  M  REDUBEN 100MG. X10TA                        3      1877      1877       000      5631       000  000  000  000  000  000         1  7591818116067       21264763       21264763   515031600001  N  0                         10260 01/07/2023       USD          412         1235          456
01 37287184  14377  M  TRIMIC FORTE L OV.VAG. X7                   2      2080      2080       000      4160       000  000  000  000  000  000         1  8906009238555       21264575       21264575   515031600001  N  0                      K2AJG004 01/04/2022       USD          456          912          456
02 37287184         57         70406           000           000         70406    0    0    0  000    0    0    0   25/11/2021 05:41:39 p.m.   PR           000           000             0            13           USD          456        15440
