01 37286488  PO130  M  ALURON 100MG. X30TA                         2      1820      1820       000      3640       000  000  000  000  000  000         1  7592806133042       21264093       21264093   515028090001  N  0                        108145 01/08/2025       USD          399          798          456
01 37286488  LT810  M  ARTRODAR 50MG. X30CA                        2      3017      3549      1064      6034       000  000  000 1500  000  000         1  7591585213402       21264093       21264093   515028090001  N  0                           317 01/07/2025       USD          662         1323          456
01 37286488  15697  M  BUDESONIDA ZIEL200 200DOS                   3      4615      4615       000     13845       000  000  000  000  000  000         1  7598965000096       21264093       21264093   515028090001  N  0                        MDZ038 01/07/2023       USD         1012         3036          456
01 37286488  DP026  M  CLOTRIMAZOL DP10%CR.V.7GR                   3      1544      1544       000      4632       000  000  000  000  000  000         1  7592616584157       21263934       21263934   515028090001  N  0                         10851 01/08/2024       USD          339         1016          456
01 37286488  11004  M  DOBRACID LP 300MG. X30CO                    2      3388      3388       000      6776       000  000  000  000  000  000         1  7591585114327       21264093       21264093   515028090001  N  0                          0161 01/09/2024       USD          743         1486          456
01 37286488  DP980  M  LORATADINA DP JBE. 60ML.                   12       741       741       000      8892       000  000  000  000  000  000         1  7592616362014       21264093       21264093   515028090001  N  0                         10968 01/09/2023       USD          162         1950          456
01 37286488  LN185  N  MADECASSOL 10MG. X30TA                      1      3444      3444       000      3444       000  000  000  000  000  000         1  7592348413848       21263934       21263934   515028090001  N  0                       2107003 01/07/2026       USD          755          755          456
01 37286488  14300  M  NEUMOCORT INH.200MCGX200D                   3      4663      4908       735     13989       000  000  000  500  000  000         1  7795373012912       21264093       21264093   515028090001  N  0                           208 01/08/2023       USD         1023         3068          456
01 37286488  ZU001  C  IODINEX JABON LIQ. 120ML.                   2      1586      1586       000      3172       000  000  000  000  000  000         2  7595248000033       21263934       21263934   515028090002  N  0                       0200543 01/04/2026       USD          348          696          456
01 37286488  ZU002  C  IODINEX SOL.BACTE. 120ML.                   2      1586      1586       000      3172       000  000  000  000  000  000         2  7595248000040       21263934       21263934   515028090002  N  0                       0200544 01/04/2026       USD          348          696          456
02 37286488         32         61252          6344           000         67596    0    0    0  000    0    0    0   25/11/2021 02:56:02 p.m.   PR           000           000             0            10           USD          456        14824
