01 37287257  13642  M  ATENOLOL 50MG X30 TAB BUK                   3       608       715       321      1824       000  000  000 1500  000  000         1  0675696259966       21264283       21264283   515031620001  N  0                        ANL701 01/11/2023       USD          133          400          456
01 37287257  15031  M  ATORVASTATINA AL20 X30TA                    6      1657      1837      1080      9942       000  000  300  700  000  000         1  7597758000732       21264575       21264575   515031620001  N  0                        AVT001 01/02/2024       USD          363         2180          456
01 37287257  ED105  M  CINAREN 25MG. X50CO                         2      3068      3068       000      6136       000  000  000  000  000  000         1  7592803000101       21264283       21264283   515031620001  N  0                       2108600 01/09/2025       USD          673         1346          456
01 37287257  MK101  M  GABAPENTINA +MK300MG. X20                   1      1665      1665       000      1665       000  000  000  000  000  000         1  7591519008562       21264283       21264283   515031620001  N  0                         31910 01/04/2024       USD          365          365          456
01 37287257  15086  M  OMEPRAZOL BM20MG. X30CA                    12       701       845      1728      8412       000  000  000 1700  000  000         1  7598127001176       21264283       21264283   515031620001  N  0                        210120 01/01/2024       USD          154         1845          456
01 37287257  LO730  M  TODEX UNG.OFT. 7,5GR.                       1      3359      3359       000      3359       000  000  000  000  000  000         1  7591196000897       21264575       21264575   515031620001  N  0                        081591 01/08/2023       USD          737          737          456
01 37287257  ED006  M  UDOX 75MG. X10CA                            2       689       689       000      1378       000  000  000  000  000  000         1  7592803002556       21264763       21264763   515031620001  N  0                       2108619 01/08/2023       USD          151          302          456
01 37287257  MK339  M  VIAJESAN 50MG. X10TA                        3      1000      1000       000      3000       000  000  000  000  000  000         1   769229220612       21264575       21264575   515031620001  N  0                        710721 01/07/2024       USD          219          658          456
01 37287257  VM780  M  AMOXIVAL 250MG.PPSO 90ML.                   3      1992      1992       000      5976       000  000  000  000  000  000         2  7591020000758       21264575       21264575   515031620002  N  0                           422 01/11/2023       USD          437         1311          456
02 37287257         33         41692           000           000         41692    0    0    0  000    0    0    0   25/11/2021 06:02:07 p.m.   PR           000           000             0             9           USD          456         9143
