01 37284839  14537  M  ATENOLOL LAND25 X100TA                      1      2092      2092       000      2092       000  000  000  000  000  000         1  7598008000168       21261322       21261322   514992280001  N  0                     TA2000001 01/06/2024       USD          461          461          454
01 37284839  14917  M  AZITROMICINA MC500 X3TA                    24       650       650       000     15600       000  000  000  000  000  000         1   781159319747       21261373       21261373   514992280001  N  0                        210626 01/06/2024       USD          143         3436          454
01 37284839  PO175  M  BACITRACINA PO UNG. 15GR.                   3       988       988       000      2964       000  000  000  000  000  000         1  7592806141016       21261512       21261512   514992280001  N  0                        108139 01/08/2024       USD          218          653          454
01 37284839  15079  C  BIOS LIGH BAR NEUTRO 90GR                   2       510       510       000      1020       163  000  000  000  000  000         1  7595481000265       21261322       21261322   514992280001  N  0                        211002 01/10/2025       USD          112          225          454
01 37284839  16026  M  CLAVUMEDC 500/125MG X10TA                   3      2477      2477       000      7431       000  000  000  000  000  000         1  7597285000397       21261428       21261428   514992280001  N  0                       2103301 01/03/2024       USD          546         1637          454
01 37284839  16064  M  CLOBEDET CR.TOP. 15GR.                     12       824       824       000      9888       000  000  000  000  000  000         1   745687143311       21261322       21261322   514992280001  N  0                            01 01/04/2023       USD          181         2178          454
01 37284839  14234  M  CLONEDEX 1+0.50+0.04 X20G                   6      1166      1166       000      6996       000  000  000  000  000  000         1  7598578000117       21260885       21260885   514992280001  N  0                            46 01/05/2023       USD          257         1541          454
01 37284839  14381  M  CLOTRIMAZ TIAR100 X6T.VAG                   3       780       780       000      2340       000  000  000  000  000  000         1  8904187829503       21261322       21261322   514992280001  N  0                         T9909 01/06/2024       USD          172          515          454
01 37284839  15203  N  COLAGENO ABE450MG. X70CA                    2      2487      2487       000      4974       000  000  000  000  000  000         1  7597134000264       21260997       21260997   514992280001  N  0                          CG04 01/10/2023       USD          548         1096          454
01 37284839  15089  C  EVERY N. JAB. AB TROPI110                   6       247       247       000      1482       237  000  000  000  000  000         1  7590005162405       21261322       21261322   514992280001  N  0                      5411451A 01/05/2023       USD          054          326          454
01 37284839  15984  M  HIDROCLOROTI DIS12,5 X30                    3      1119      1119       000      3357       000  000  000  000  000  000         1  7598252101727       21261322       21261322   514992280001  N  0                        210554 01/05/2024       USD          246          739          454
01 37284839  14815  C  JABON MIMLOT FRESA 90GR.                    6       163       163       000       978       156  000  000  000  000  000         1  1180201949410       21261322       21261322   514992280001  N  0                     212418006 01/06/2028       USD          036          215          454
01 37284839  14580  M  OMEPRAZOL LAND20MG.X100CA                   3      2421      2421       000      7263       000  000  000  000  000  000         1  7598008000601       21261322       21261322   514992280001  N  0                         C1887 01/03/2024       USD          533         1600          454
01 37284839  EL001  M  TALZIC 10MG. X10CO                          3       596       596       000      1788       000  000  000  000  000  000         1  7591062016700       21261322       21261322   514992280001  N  0                        21022B 01/04/2023       USD          131          394          454
01 37284839  12378  M  TAMSULOSINA 0.4MG X30TA                     3      2549      2549       000      7647       000  000  000  000  000  000         1  7598176000069       21261322       21261322   514992280001  N  0                       21T0435 01/03/2024       USD          561         1684          454
01 37284839  15628  M  ROCARNIN SOL.ORAL 120ML.                    3      2015      2015       000      6045       000  000  000  000  000  000         2  7592806121063       21260820       21260820   514992280002  N  0                        107110 01/07/2024       USD          444         1331          454
02 37284839         83         78385          3480           557         82422    0    0    0  000    0    0    0   24/11/2021 06:06:59 p.m.   PR           000           000             0            16           USD          454        18032
