01 37299533  13542  M  ACETAMINOFEN GN650 X10CO                   10       421       421       000      4210       000  000  000  000  000  000         1  7591585279057       21272943       21272943   515150830001  N  0                           072 01/10/2023       USD          091          905          465
01 37299533  13542  M  ACETAMINOFEN GN650 X10CO                    2       421       421       000       842       000  000  000  000  000  000         1  7591585279057       21272943       21272943   515150830001  N  0                           078 01/11/2023       USD          091          181          465
01 37299533  14780  M  ATORVASTATINA DAC40 X30TA                   4      2153      2153       000      8612       000  000  000  000  000  000         1  7598578000254       21272943       21272943   515150830001  N  0                          V227 01/05/2024       USD          463         1852          465
01 37299533  GN092  M  ATORVASTATINA GN 20X30                      2      1927      1927       000      3854       000  000  000  000  000  000         1  7591585373441       21272943       21272943   515150830001  N  0                          2501 01/10/2023       USD          414          829          465
01 37299533  11897  M  BUCOXOLGAR MENTA X10TM                      2       910       910       000      1820       000  000  000  000  000  000         1  7592454891370       21273623       21273623   515150830001  N  0                       3275074 01/09/2023       USD          196          391          465
01 37299533  KF190  M  DERMAZOL 0,05% CR.30GR.                     2      2600      2600       000      5200       000  000  000  000  000  000         1  7591619519036       21273137       21273137   515150830001  N  0                          0063 01/08/2023       USD          559         1118          465
01 37299533  12583  M  DICLOFENAC P. KMP50 X10TA                  11       179       179       000      1969       000  000  000  000  000  000         1  6942189211270       21273623       21273623   515150830001  N  0                        210301 01/03/2024       USD          038          423          465
01 37299533  MK694  M  FINASTERIDE +MK 5MG. X30                    2      3117      3117       000      6234       000  000  000  000  000  000         1  7591519050820       21273137       21273137   515150830001  N  0                         32047 01/07/2024       USD          670         1341          465
01 37299533  LR460  M  FLUCONAZOL LF 150MG X 2CA                  12       501       501       000      6012       000  000  000  000  000  000         1  7594000020609       21273768       21273768   515150830001  N  0                         L2105 01/06/2023       USD          108         1293          465
01 37299533  LC170  M  MONOSULPA GOTAS 15 CC.                     20      1093      1093       000     21860       000  000  000  000  000  000         1  7591585110923       21273768       21273768   515150830001  N  0                           195 01/09/2023       USD          235         4701          465
01 37299533  MY134  M  MUPROBAN 2% UNG. 15GR.                      2      1950      1950       000      3900       000  000  000  000  000  000         1  7592601101093       21273137       21273137   515150830001  N  0                        132804 01/07/2023       USD          419          839          465
01 37299533  EL001  M  TALZIC 10MG. X10CO                          2       536       596       120      1072       000  000  000 1000  000  000         1  7591062016700       21273137       21273137   515150830001  N  0                        21022B 01/04/2023       USD          115          231          465
01 37299533  BQ290  M  AMBROXOL BQ. 30MG.120ML.                   12       967       967       000     11604       000  000  000  000  000  000         2  7594000850923       21273137       21273137   515150830002  N  0                        211005 01/10/2024       USD          208         2495          465
01 37299533  VM780  M  AMOXIVAL 250MG.PPSO 90ML.                   4      1992      1992       000      7968       000  000  000  000  000  000         2  7591020000758       21273692       21273692   515150830002  N  0                           421 01/11/2023       USD          428         1714          465
02 37299533         87         85157           000           000         85157    0    0    0  000    0    0    0   03/12/2021 12:59:44 p.m.   PR           000           000             0            14           USD          465        18313
