01 37298458  12586  M  ACICLOVIR KMP200 X10TA                      6       486       486       000      2916       000  000  000  000  000  000         1  6921875010748       21272795       21272795   515143220001  N  0                       2004421 01/04/2023       USD          105          630          463
01 37298458  14702  M  AMOXICILINA KMP500 X10CA                   36       465       465       000     16740       000  000  000  000  000  000         1  6921875011134       21272795       21272795   515143220001  N  0                     213132056 01/03/2024       USD          100         3616          463
01 37298458  VA012  M  ANTIFOM 40MG. X10CO                         2      1646      1646       000      3292       000  000  000  000  000  000         1  7592349722925       21272795       21272795   515143220001  N  0                       2107018 01/07/2023       USD          356          711          463
01 37298458  14157  M  CEFADROXILO ZIEL500 X10TA                  12       910       910       000     10920       000  000  000  000  000  000         1  0731299120918       21272795       21272795   515143220001  N  0                     ECC210009 01/06/2024       USD          197         2359          463
01 37298458  MY113  M  CETRAL 10MG. X10TA                          3       910       910       000      2730       000  000  000  000  000  000         1  7592601100690       21272795       21272795   515143220001  N  0                        125806 01/09/2023       USD          197          590          463
01 37298458  14234  M  CLONEDEX 1+0.50+0.04 X20G                   6      1166      1166       000      6996       000  000  000  000  000  000         1  7598578000117       21272795       21272795   515143220001  N  0                            45 01/05/2023       USD          252         1511          463
01 37298458  11288  M  COLYPAN 200MG. X10TA                        6      1225      1225       000      7350       000  000  000  000  000  000         1  7591821210264       21272795       21272795   515143220001  N  0                       2110474 01/10/2024       USD          265         1587          463
01 37298458  ZA102  M  EVIGAX 125MG. X10CA.BLA                     3      1682      1682       000      5046       000  000  000  000  000  000         1  7592432900032       21272795       21272795   515143220001  N  0                        210294 01/09/2024       USD          363         1090          463
01 37298458  ED309  M  FUNGOSIN 100MG. X14CA                       1      3783      3783       000      3783       000  000  000  000  000  000         1  7592803002310       21272795       21272795   515143220001  N  0                       2106566 01/06/2023       USD          817          817          463
01 37298458  15965  N  LECHE MAGN. BF MENTA120ML                   1      1616      1616       000      1616       000  000  000  000  000  000         1  7591616002005       21272795       21272795   515143220001  N  0                        214709 01/10/2023       USD          349          349          463
01 37298458  14571  M  LOPERAMIDA LAND2MG.X100TA                   1      2085      2085       000      2085       000  000  000  000  000  000         1  7598008000519       21272795       21272795   515143220001  N  0                     TL1040001 01/06/2024       USD          450          450          463
01 37298458  15515  M  NOXPIRIN 125-0,5 SOL.120                    2      1170      1170       000      2340       000  000  000  000  000  000         1  7592601000068       21272795       21272795   515143220001  N  0                        140402 01/05/2023       USD          253          505          463
01 37298458  KV339  M  TERAGRIP FORTE 24H TAB. X14                 2      1937      1937       000      3874       000  000  000  000  000  000         1  7591821802414       21272795       21272795   515143220001  N  0                21103162109414 01/10/2023       USD          418          837          463
01 37298458  12136  M  TONERVOL 5MG. X10TA                         4      1235      1235       000      4940       000  000  000  000  000  000         1  7591821210431       21272795       21272795   515143220001  N  0                       2106898 01/06/2023       USD          267         1067          463
01 37298458  12143  M  TONERVOL 5MG. X30TA                         3      3397      3397       000     10191       000  000  000  000  000  000         1  7591821210547       21272795       21272795   515143220001  N  0                       2106898 01/06/2023       USD          734         2201          463
01 37298458  14377  M  TRIMIC FORTE L OV.VAG. X7                   1      2080      2080       000      2080       000  000  000  000  000  000         1  8906009238555       21272795       21272795   515143220001  N  0                      K2AJG004 01/04/2022       USD          449          449          463
01 37298458  13491  M  VALSARTAN 160MG X10 TAB                     3      1375      1375       000      4125       000  000  000  000  000  000         1  7598176000236       21272795       21272795   515143220001  N  0                       21T0733 01/06/2024       USD          297          891          463
01 37298458  QO540  M  BROXOL ALERG S.ORAL 100ML                   3      2080      2080       000      6240       000  000  000  000  000  000         2  7592454889513       21272795       21272795   515143220002  N  0                       3275650 01/09/2023       USD          449         1348          463
01 37298458  GN138  M  CEFADROXILO GN250 PPS75ML                   4      1903      1903       000      7612       000  000  000  000  000  000         2  7591585270207       21272795       21272795   515143220002  N  0                           746 01/11/2023       USD          411         1644          463
02 37298458         99        104876           000           000        104876    0    0    0  000    0    0    0   02/12/2021 02:41:26 p.m.   PR           000           000             0            19           USD          463        22651
