01 37296742  VA619  M  HENOVIC SOL.ORAL GOTAS 30ML                 3      2158      2158       000      6474       000  000  000  000  000  000         1  7592349722963       21270085       21270085   515117390001  N  0                       2109036 01/09/2023       USD          467         1401          462
01 37296742  14298  M  HYPERSOL B SPRAY 100X100D                   2      3149      3315       332      6298       000  000  000  500  000  000         1  7795373011700       21270085       21270085   515117390001  N  0                           215 01/08/2023       USD          682         1363          462
01 37296742  12491  M  LATROS TI GOTAS OF 3ML                      1      2450      2450       000      2450       000  000  000  000  000  000         1  7404000314649       21270265       21270265   515117390001  N  0                      F2104016 01/04/2023       USD          530          530          462
01 37296742  12186  M  MAXTHIO 4MG/2ML. IM X6A                     3      3887      3887       000     11661       000  000  000  000  000  000         1  8699525755247       21270091       21270091   515117390001  N  0                       A090486 01/11/2023       USD          841         2524          462
01 37296742  SA520  M  MESIGYNA INSTAYECT 1ML.                     2      5980      5980       000     11960       000  000  000  000  000  000         1  7501303443318       21269817       21269817   515117390001  N  0                       XB30LG4 01/05/2022       USD         1294         2589          462
01 37296742  EL017  M  OFAFLAN GOTAS PED. 30ML.                    3       910       910       000      2730       000  000  000  000  000  000         1  7591062900894       21270091       21270091   515117390001  N  0                        20052A 01/05/2022       USD          197          591          462
01 37296742  LN200  C  POLIFIX POLVO 22GR.                         2      1307      1307       000      2614       418  000  000  000  000  000         1  7592348227506       21270216       21270216   515117390001  N  0                       2106507 01/06/2026       USD          283          566          462
01 37296742  12123  C  BOROCANFOR ORIG.PVO.35GR                    2       714       714       000      1428       228  000  000  000  000  000         2       75971427       21270091       21270091   515117390002  N  0                       2109303 01/09/2023       USD          155          309          462
01 37296742  QF115  M  LIBOLAR JBE. 120 CC.                        6       775       775       000      4650       000  000  000  000  000  000         3  7598484000294       21270216       21270216   515117390003  N  0                         10191 01/09/2023       USD          168         1006          462
01 37296742  EL245  M  TANTUM TOP. BUCAL 240 CC.                   2      1396      1396       000      2792       000  000  000  000  000  000         3  7591062011538       21270085       21270085   515117390003  N  0                        21065A 01/10/2023       USD          302          604          462
02 37296742         26         49015          4042           647         53704    0    0    0  000    0    0    0   01/12/2021 02:40:47 p.m.   PR           000           000             0            10           USD          462        11484
