01 37290646  LO539  M  AFLAMAX 50MG. X20TA                         6       545       779      1404      3270       000  000  000 3000  000  000         1  7591196004451       21266028       21266028   515066830001  N  0                       I101213 01/10/2023       USD          118          708          462
01 37290646  VM025  M  CANDER HCT 16/12,5 X30TAB                   2      3550      3550       000      7100       000  000  000  000  000  000         1  7591020080620       21265663       21265663   515066830001  N  0                            40 01/09/2023       USD          768         1537          462
01 37290646  OJ007  N  CASTAÑO DE INDIAS HP 60CA                   2      2634      2634       000      5268       000  000  000  000  000  000         1  7592710000454       21266906       21266906   515066830001  N  0                       0122809 01/09/2024       USD          570         1140          462
01 37290646  ED004  M  CLOFEN 1,8MG. SUSP. 60ML.                   3       923       923       000      2769       000  000  000  000  000  000         1  7592803001801       21266028       21266028   515066830001  N  0                       2107596 01/08/2023       USD          200          599          462
01 37290646  FA019  M  FITEX  5MG. X30TA                           3      1931      1931       000      5793       000  000  000  000  000  000         1  7591821904316       21266660       21266660   515066830001  N  0                       2110325 01/09/2023       USD          418         1254          462
01 37290646  FA018  M  FITEX 20MG. X1TA                           12       246       267       252      2952       000  000  000  800  000  000         1  7591821904293       21266028       21266028   515066830001  N  0                       2107093 01/08/2023       USD          053          639          462
01 37290646  LO003  M  IPORET SUSP.PED. 60ML.                      3       857      1071       642      2571       000  000  000 2000  000  000         1  7591196004253       21266028       21266028   515066830001  N  0                       I090996 01/09/2022       USD          185          556          462
01 37290646  FA514  M  NEURIXA 75MG. X14CA                         6      1170      1463      1758      7020       000  000  000 2000  000  000         1  7591821903616       21266121       21266121   515066830001  N  0                       2105213 01/05/2023       USD          253         1519          462
01 37290646  11563  N  OMEGA 369 AI 1000MG.X60CA                   2      3913      3913       000      7826       000  000  000  000  000  000         1  7592946169659       21266906       21266906   515066830001  N  0                      04219659 01/10/2023       USD          847         1694          462
01 37290646  14778  M  PANTOPRAZOL LAT40MG.X14TA                   4      1357      1508       604      5428       000  000  000 1000  000  000         1   720524031068       21266906       21266906   515066830001  N  0                        PZL701 01/11/2023       USD          294         1175          462
01 37290646  14789  M  SEGFEMIOL 0,15/0,03 X28TA                   6       674      1203      3174      4044       000  000 3000 2000  000  000         1  7502213040994       21266028       21266028   515066830001  N  0                        I20436 01/07/2022       USD          146          875          462
01 37290646  KV199  M  TERAGRIP FORTE NOC X6 SOB.                  2      1722      1872       300      3444       000  000  000  800  000  000         1  7591821801882       21266660       21266660   515066830001  N  0                       2109335 01/10/2023       USD          373          745          462
01 37290646  12136  M  TONERVOL 5MG. X10TA                         3      1170      1170       000      3510       000  000  000  000  000  000         1  7591821210431       21266906       21266906   515066830001  N  0                       2106898 01/06/2023       USD          253          760          462
01 37290646  VM780  M  AMOXIVAL 250MG.PPSO 90ML.                   2      1992      1992       000      3984       000  000  000  000  000  000         2  7591020000758       21266028       21266028   515066830002  N  0                           422 01/11/2023       USD          431          862          462
01 37290646  14816  M  AMOXIVAL AC250-62,5 60ML.                   3      2500      2500       000      7500       000  000  000  000  000  000         2  7591020009003       21266028       21266028   515066830002  N  0                            08 01/10/2023       USD          541         1623          462
01 37290646  NP039  M  VALPRON 250MG. JBE.180ML.                   1      4680      4680       000      4680       000  000  000  000  000  000         2  7591821901964       21266028       21266028   515066830002  N  0                       2108352 01/08/2023       USD         1013         1013          462
02 37290646         60         77159           000           000         77159    0    0    0  000    0    0    0   28/11/2021 01:42:15 p.m.   PR           000           000             0            16           USD          462        16701
