01 37307062  RZ160  M  AC FOLICO PX 10MG. X20TA                   24       430       478      1152     10320       000  000  000 1000  000  000         1  7594001101338       21279455       21279455   515212750001  N  0                          6017 01/08/2024       USD          093         2229          463
01 37307062  15895  M  AMPICILINA S.RONA1,5GR.1A                  12       562       562       000      6744       000  000  000  000  000  000         1  7598295000018       21279455       21279455   515212750001  N  0                     202005134 01/04/2023       USD          121         1457          463
01 37307062  12164  M  ANTICONCEPTI BM3-0,03 X21                   2      2569      2569       000      5138       000  000  000  000  000  000         1  6930169708360       21279182       21279182   515212750001  N  0                        190439 01/03/2022       USD          555         1110          463
01 37307062  12960  M  ATENOLOL 100MG X100TA                       1      2266      2266       000      2266       000  000  000  000  000  000         1 07460260000449       21279182       21279182   515212750001  N  0                          AT14 01/07/2023       USD          489          489          463
01 37307062  15079  C  BIOS LIGH BAR NEUTRO 90GR                   1       571       571       000       571       091  000  000  000  000  000         1  7595481000265       21279182       21279182   515212750001  N  0                        211002 01/10/2025       USD          123          123          463
01 37307062  14234  M  CLONEDEX 1+0.50+0.04 X20G                   3      1166      1166       000      3498       000  000  000  000  000  000         1  7598578000117       21279707       21279707   515212750001  N  0                            45 01/05/2023       USD          252          756          463
01 37307062  15631  M  CLOTRIMAZOL KMP1%CR. 20GR                   6       694       694       000      4164       000  000  000  000  000  000         1  6942189211331       21279707       21279707   515212750001  N  0                        201157 01/11/2023       USD          150          899          463
01 37307062  GP220  M  DALTAZEN 60MG. X20CO                        2      2340      2340       000      4680       000  000  000  000  000  000         1  7594000490303       21279182       21279182   515212750001  N  0                          0054 01/10/2023       USD          505         1011          463
01 37307062  GB850  M  GLICERINA GC SUPOS.AD. X6                   2      1842      1842       000      3684       000  000  000  000  000  000         1  7592349923957       21279455       21279455   515212750001  N  0                       2111168 01/11/2023       USD          398          796          463
01 37307062  SP049  M  KETOROLAC SP COMPR. 20 X10                  1       813       813       000       813       000  000  000  000  000  000         1  7590027001997       21279562       21279562   515212750001  N  0                           701 01/06/2023       USD          176          176          463
01 37307062  LX102  M  MIGREN 650-50-1 X20CO                       3      1632      1632       000      4896       000  000  000  000  000  000         1  7591585415738       21279182       21279182   515212750001  N  0                           535 01/09/2023       USD          352         1057          463
01 37307062  15086  M  OMEPRAZOL BM20MG. X30CA                     6       845       845       000      5070       000  000  000  000  000  000         1  7598127001176       21279182       21279182   515212750001  N  0                        210120 01/01/2024       USD          182         1095          463
01 37307062  11600  C  BARR DER.BIOS P.GRASA 90                    6       601       601       000      3606       577  000  000  000  000  000         2  7595481000234       21279182       21279182   515212750002  N  0                        210904 01/09/2025       USD          130          779          463
01 37307062  11590  C  BARR DER.CLINE NEUTRA80                     4       564       564       000      2256       361  000  000  000  000  000         2  7595481001255       21279182       21279182   515212750002  N  0                        201001 01/10/2024       USD          122          487          463
01 37307062  ZU001  C  IODINEX JABON LIQ. 120ML.                   2      1976      1976       000      3952       000  000  000  000  000  000         2  7595248000033       21279182       21279182   515212750002  N  0                       0200543 01/04/2026       USD          427          854          463
01 37307062  ZU002  C  IODINEX SOL.BACTE. 120ML.                   2      1976      1976       000      3952       000  000  000  000  000  000         2  7595248000040       21279182       21279182   515212750002  N  0                       0200544 01/04/2026       USD          427          854          463
01 37307062  ZV005  N  ARNICA D6 GLOB.30GR VIHOM                   3       817       817       000      2451       000  000  000  000  000  000         3  7593533001116       21279578       21279578   515212750003  N  0                     061121133 01/11/2024       USD          176          529          463
02 37307062         80         53724         14337          1029         69090    0    0    0  000    0    0    0   08/12/2021 07:54:48 p.m.   PR           000           000             0            17           USD          463        14700
