01 37319443  VP529  M  ALBISEC CAPS. X12                           2      2125      2592       934      4250       000  000  000 1800  000  000         1  7703153037512       21291905       21291905   515355730001  N  0                       1365276 01/08/2024       USD          460          920          462
01 37319443  QM200  M  BUMETIN RETARD300MG.X20TA                   2      2600      2600       000      5200       000  000  000  000  000  000         1  7703763861002       21292340       21292340   515355730001  N  0                       3274109 01/08/2023       USD          563         1126          462
01 37319443  14833  M  CEFADROXILO JL250 PSPO100                   1      1755      1755       000      1755       000  000  000  000  000  000         1  7598650000202       21292340       21292340   515355730001  N  0                         D2844 01/07/2023       USD          380          380          462
01 37319443  MY980  M  IMAZOL 1% CR.VAG. 50GR.                     1      3380      3380       000      3380       000  000  000  000  000  000         1  7592601100621       21291758       21291758   515355730001  N  0                        117004 01/10/2024       USD          732          732          462
01 37319443  MY010  M  IMAZOL 100MG. X6CA.BL.VAG                   2      2868      2868       000      5736       000  000  000  000  000  000         1  7592601100485       21291637       21291637   515355730001  N  0                        027307 01/06/2023       USD          621         1242          462
01 37319443  MY009  M  IMAZOL 500MG. X1CA.BL.VAG                   1      2483      2483       000      2483       000  000  000  000  000  000         1  7592601100737       21291637       21291637   515355730001  N  0                        130101 01/03/2023       USD          537          537          462
01 37319443  QM340  M  LEPRIT 25MG. X30TA                          2      2080      2080       000      4160       000  000  000  000  000  000         1  7703763363063       21292340       21292340   515355730001  N  0                       3272655 01/08/2023       USD          450          900          462
01 37319443  GQ304  M  SERTRALINA ELTER 50 X 10                    6       619       884      1590      3714       000  000  000 3000  000  000         1  7703763190164       21292340       21292340   515355730001  N  0                       3257383 01/11/2022       USD          134          804          462
01 37319443  GQ720  M  AMBROXOL ELTER15MG.PED120                   3      1105      1300       585      3315       000  000  000 1500  000  000         2  7592454120203       21291905       21291905   515355730002  N  0                       3272653 01/08/2023       USD          239          718          462
02 37319443         20         33993           000           000         33993    0    0    0  000    0    0    0   20/12/2021 09:59:29 a.m.   PR           000           000             0             9           USD          462         7358
