01 37319652  15264  M  ACETAMINOFEN BM800 X10TA                    6       389       389       000      2334       000  000  000  000  000  000         1  7598127000988       21292364       21291758   515355720001  N  0                        210398 01/03/2024       USD          084          505          462
01 37319652  15264  M  ACETAMINOFEN BM800 X10TA                    3       389       389       000      1167       000  000  000  000  000  000         1  7598127000988       21291758       21291758   515355720001  N  0                        210398 01/03/2024       USD          084          253          462
01 37319652  11740  M  BRASARTAN 80MG. X30CA                       3      1843      4095      6756      5529       000  000  000 5500  000  000         1  7591821210486       21291905       21291905   515355720001  N  0                       2008126 01/09/2022       USD          399         1197          462
01 37319652  11288  M  COLYPAN 200MG. X10TA                        3      1088      1209       363      3264       000  000  000 1000  000  000         1  7591821210264       21291637       21291637   515355720001  N  0                       2110478 01/10/2024       USD          235          706          462
01 37319652  15323  M  COMPLEBREZ 100/6 PSI 150D                   1     12376     12376       000     12376       000  000  000  000  000  000         1  8904091110162       21291758       21291758   515355720001  N  0                      12200541 01/08/2022       USD         2679         2679          462
01 37319652  FA018  M  FITEX 20MG. X1TA                            6       269       269       000      1614       000  000  000  000  000  000         1  7591821904293       21292340       21291637   515355720001  N  0                       2107093 01/08/2023       USD          058          349          462
01 37319652  FA018  M  FITEX 20MG. X1TA                            6       269       269       000      1614       000  000  000  000  000  000         1  7591821904293       21291637       21291637   515355720001  N  0                       2107093 01/08/2023       USD          058          349          462
01 37319652  FA017  M  FITEX 20MG. X2TA                            6       618       618       000      3708       000  000  000  000  000  000         1  7591821904309       21291637       21291637   515355720001  N  0                       2107093 01/08/2023       USD          134          803          462
01 37319652  13658  M  LOSARTAN P. BUKA 50X30TA                    3      1000      1053       159      3000       000  000  000  500  000  000         1  0675696260061       21291905       21291905   515355720001  N  0                        LTN701 01/08/2023       USD          216          649          462
01 37319652  11343  M  RINARIS 5MG-60MG. X10TA                     3      1365      1365       000      4095       000  000  000  000  000  000         1  7591821802322       21291699       21291699   515355720001  N  0                       2112437 01/10/2023       USD          295          886          462
01 37319652  VM033  M  TADAFOX 5MG. X30TA                          3      1235      1314       237      3705       000  000  000  600  000  000         1  7591020080781       21292340       21292340   515355720001  N  0                            52 01/08/2023       USD          267          802          462
01 37319652  FA454  M  UROCIT TAB. LP 10MEQ X100                   1     13650     13650       000     13650       000  000  000  000  000  000         1  7592229003229       21292364       21292364   515355720001  N  0                        21A051 01/02/2023       USD         2955         2955          462
01 37319652  12039  M  CEFADROXILO AL250 PPSO60                    2      1702      2002       600      3404       000  000  000 1500  000  000         2  7597758000244       21291758       21291758   515355720002  N  0                         DL155 01/05/2023       USD          368          737          462
01 37319652  NP039  M  VALPRON 250MG. JBE.180ML.                   1      5460      5460       000      5460       000  000  000  000  000  000         2  7591821901964       21291699       21291699   515355720002  N  0                       2108352 01/08/2023       USD         1182         1182          462
02 37319652         47         64920           000           000         64920    0    0    0  000    0    0    0   20/12/2021 11:14:56 a.m.   PR           000           000             0            12           USD          462        14052
