01 37319996  13542  M  ACETAMINOFEN GN650 X10CO                    6       421       421       000      2526       000  000  000  000  000  000         1  7591585279057       21292364       21292364   515355700001  N  0                           073 01/10/2023       USD          091          547          462
01 37319996  PO130  M  ALURON 100MG. X30TA                         2      1820      1820       000      3640       000  000  000  000  000  000         1  7592806133042       21291637       21291637   515355700001  N  0                        108145 01/08/2025       USD          394          788          462
01 37319996  16251  M  AMPICILINA KMP500MG.X10CA                   6       566       566       000      3396       000  000  000  000  000  000         1  6921875011141       21292340       21292340   515355700001  N  0                       2008471 01/08/2023       USD          123          735          462
01 37319996  14546  M  CARBID+LEVOD LA10/100X100                   1     10119     10881       762     10119       000  000  000  700  000  000         1  7598008000281       21292340       21292340   515355700001  N  0                         T9072 01/09/2023       USD         2190         2190          462
01 37319996  14951  M  CETIRIZINA PORT5MG.60ML.                    3       890      1112       666      2670       000  000  000 2000  000  000         1  7750215003299       21292340       21292340   515355700001  N  0                       2050391 01/06/2023       USD          193          578          462
01 37319996  12845  M  DEXTROSALINA 0.45% 500ML                    3      1284      1284       000      3852       000  000  000  000  000  000         1  7595624200200       21291637       21291637   515355700001  N  0                    1912191903 01/12/2022       USD          278          834          462
01 37319996  15154  M  FLAMYDOL 75MG.2ML. X1A                      2      2074      2074       000      4148       000  000  000  000  000  000         1   764600111121       21291637       21291637   515355700001  N  0                         10129 01/01/2024       USD          449          898          462
01 37319996  VC450  M  FUGOLIN CR.VAG. 50GR.                       2      2512      2990       956      5024       000  000  000 1600  000  000         1  7592782000307       21291699       21291699   515355700001  N  0                       2190013 01/09/2023       USD          544         1087          462
01 37319996  13052  M  GENODERM 2N00/0N035 X21CO                   1      4030      4030       000      4030       000  000  000  000  000  000         1  7730564249029       21292340       21291905   515355700001  N  0                         41961 01/05/2024       USD          872          872          462
01 37319996  13052  M  GENODERM 2N00/0N035 X21CO                   2      4030      4030       000      8060       000  000  000  000  000  000         1  7730564249029       21291905       21291905   515355700001  N  0                         41961 01/05/2024       USD          872         1745          462
01 37319996  13400  M  GLICAZET 500/2,5 X40TA                      1      2050      2050       000      2050       000  000  000  000  000  000         1  7406076100997       21291905       21291905   515355700001  N  0                        J20040 01/10/2023       USD          444          444          462
01 37319996  13211  M  IVAGAN DIS 650/1/40 25X4T                   1     10025     11794      1769     10025       000  000  000 1500  000  000         1  7591243826814       21292340       21292340   515355700001  N  0                         92281 01/05/2023       USD         2170         2170          462
01 37319996  14378  M  LOFNAC-50MG. X10 SUPOS.                     1      1300      1300       000      1300       000  000  000  000  000  000         1  8906009232256       21292340       21292340   515355700001  N  0                      K1ABM009 01/07/2023       USD          281          281          462
01 37319996  12342  M  MIGRAVAL 100MG. X4CO                        1      3900      3900       000      3900       000  000  000  000  000  000         1  7591619520681       21291699       21291699   515355700001  N  0                          0018 01/09/2022       USD          844          844          462
01 37319996  KN430  M  NEFROTAL H 100/12,5 X30CO                   1      2860      2860       000      2860       000  000  000  000  000  000         1  7591955558287       21291758       21291758   515355700001  N  0                          0026 01/06/2024       USD          619          619          462
01 37319996  EL172  M  PEREBRON JBE.PED.FRANB120                   2       976      1084       216      1952       000  000  000 1000  000  000         1  7591062011200       21291758       21291758   515355700001  N  0                        20117A 01/10/2022       USD          211          423          462
01 37319996  EL775  M  TALZIC SOL.GOTAS 20ML.                      1       555       617       062       555       000  000  000 1000  000  000         1  7591062016670       21291758       21291758   515355700001  N  0                        20114B 01/09/2022       USD          120          120          462
01 37319996  LC580  N  ALLIXON NARANJA 240 CC.                     1       975       975       000       975       156  000  000  000  000  000         2  7591585112439       21291758       21291758   515355700002  N  0                           348 01/08/2023       USD          211          211          462
01 37319996  14113  M  BROMEXINA 4MGX120ML                         6       655       655       000      3930       000  000  000  000  000  000         2  7598484000034       21292340       21292340   515355700002  N  0                         13911 01/11/2023       USD          142          851          462
01 37319996  LN255  M  BROMEXINA LN 8MG.JBE120ML                   3      1281      1281       000      3843       000  000  000  000  000  000         2  7592348204002       21292340       21291758   515355700002  N  0                         41475 01/08/2024       USD          277          832          462
01 37319996  LN255  M  BROMEXINA LN 8MG.JBE120ML                   3      1281      1281       000      3843       000  000  000  000  000  000         2  7592348204002       21291758       21291758   515355700002  N  0                         41475 01/08/2024       USD          277          832          462
01 37319996  KN400  M  FERGANIC FOLIC GOTAS 30ML                   2      2730      2730       000      5460       000  000  000  000  000  000         2  7591955003077       21291699       21291699   515355700002  N  0                          0072 01/03/2023       USD          591         1182          462
01 37319996  VA304  M  PROMEDINA JBE. 120 CC.                      2      1382      1382       000      2764       000  000  000  000  000  000         2  7592349723489       21291758       21291758   515355700002  N  0                       2110012 01/10/2023       USD          299          598          462
02 37319996         53         90922           000           156         91078    0    0    0  000    0    0    0   20/12/2021 01:48:28 p.m.   PR           000           000             0            21           USD          462        19680
