01 37311823  MG110  M  ACICLOR 5% CR.TOP. 10GR.                    1      1658      1658       000      1658       000  000  000  000  000  000         1  7591585311634       21284766       21284766   515271470001  N  0                           251 01/05/2024       USD          357          357          464
01 37311823  12586  M  ACICLOVIR KMP200 X10TA                      6       486       486       000      2916       000  000  000  000  000  000         1  6921875010748       21284766       21283613   515271470001  N  0                       2004421 01/04/2023       USD          105          628          464
01 37311823  12586  M  ACICLOVIR KMP200 X10TA                      6       486       486       000      2916       000  000  000  000  000  000         1  6921875010748       21283613       21283613   515271470001  N  0                       2004421 01/04/2023       USD          105          628          464
01 37311823  PO185  M  BACTRON TAB. X20                            2      1521      1521       000      3042       000  000  000  000  000  000         1  7592806133073       21284592       21284592   515271470001  N  0                        107117 01/07/2026       USD          328          656          464
01 37311823  GN091  M  CAPTOPRIL GN 25MG.X30CO                     3       979      1112       399      2937       000  000  000 1200  000  000         1  7591585370167       21284766       21284766   515271470001  N  0                           120 01/09/2025       USD          211          633          464
01 37311823  11536  M  OLMECAR 20MG. X30CO                         2      2357      2357       000      4714       000  000  000  000  000  000         1  7591585318794       21284766       21284766   515271470001  N  0                           043 01/11/2023       USD          508         1016          464
01 37311823  LP220  M  PROTOSULFIL 1% CR. 30GR.                    2       702      2340      3276      1404       000  000  000 7000  000  000         1  7591955001486       21283797       21283797   515271470001  N  0                          0301 01/07/2022       USD          151          303          464
01 37311823  AV105  C  AVISPA CHAMPU 120ML.                        2      1017      1017       000      2034       325  000  000  000  000  000         2  7591635000105       21283613       21283613   515271470002  N  0                       0541021 01/10/2023       USD          219          438          464
01 37311823  AV175  C  AVISPA CHAMPU 60ML.                         2       607       607       000      1214       194  000  000  000  000  000         2  7591635000136       21283613       21283613   515271470002  N  0                       0561021 01/10/2023       USD          131          262          464
01 37311823  LR140  M  AMOXICILINA LF250MG.SUSP.                   6      1092      1092       000      6552       000  000  000  000  000  000         3  7594000020043       21284592       21284592   515271470003  N  0                         L2124 01/11/2024       USD          235         1412          464
01 37311823  14113  M  BROMEXINA 4MGX120ML                         6       655       655       000      3930       000  000  000  000  000  000         3  7598484000034       21284599       21284599   515271470003  N  0                         13911 01/11/2023       USD          141          847          464
01 37311823  GN019  M  CETIRIZINA GN SOL. 60ML.                    6       797       797       000      4782       000  000  000  000  000  000         3  7591585174598       21284766       21284766   515271470003  N  0                           084 01/09/2024       USD          172         1031          464
01 37311823  LC140  M  LETISAN SOL.GOTAS 20ML.                     2      1105      1105       000      2210       000  000  000  000  000  000         3  7591585114884       21283797       21283797   515271470003  N  0                           500 01/09/2024       USD          238          476          464
01 37311823  LC840  M  LETISAN SOL.ORAL 120ML.                     3      1275      1275       000      3825       000  000  000  000  000  000         3  7591585214881       21284766       21284766   515271470003  N  0                           501 01/09/2024       USD          275          824          464
01 37311823  GG800  M  MUCORAMA 15MG. JBE.118ML.                   1      1442      1442       000      1442       000  000  000  000  000  000         3  7591651722401       21284766       21284766   515271470003  N  0                       2109057 01/09/2023       USD          311          311          464
02 37311823         50         42328          3248           520         46096    0    0    0  000    0    0    0   13/12/2021 03:33:40 p.m.   PR           000           000             0            14           USD          464         9822
