01 37326244  12904  M  ADEGRA ACI 50MG X4TA                        6       372       372       000      2232       000  000  000  000  000  000         1  7598055000241       21298329       21298329   515420630001  N  0                         EE028 01/02/2023       USD          081          487          458
01 37326244  QO290  M  ANALPER PLUS TAB. X10                       2      1820      1820       000      3640       000  000  000  000  000  000         1  7592454000796       21298362       21298362   515420630001  N  0                       3269854 01/06/2023       USD          397          795          458
01 37326244  CO245  M  EUSILEN 4MG. 2ML. X1KIT                     3      1021      1134       339      3063       000  000  000 1000  000  000         1  7591818113028       21298300       21298300   515420630001  N  0                         10383 01/09/2024       USD          223          669          458
01 37326244  MY010  M  IMAZOL 100MG. X6CA.BL.VAG                   2      2868      2868       000      5736       000  000  000  000  000  000         1  7592601100485       21298300       21298300   515420630001  N  0                        027307 01/06/2023       USD          626         1252          458
01 37326244  MK028  M  LANSOPRAZOL +MK30MG.X28CA                   2      2275      2275       000      4550       000  000  000  000  000  000         1  7591519001624       21297515       21297515   515420630001  N  0                         32078 01/06/2024       USD          497          993          458
01 37326244  AP370  M  METREN 500MG.CAPS.VAG.X10                   1      1634      1634       000      1634       000  000  000  000  000  000         1  7592601200314       21297515       21297515   515420630001  N  0                        126703 01/09/2023       USD          357          357          458
01 37326244  13646  M  SERTRALINA 50MGX10TA MORO                   2      1085      1446       722      2170       000  000  000 2500  000  000         1  7592432000107       21297515       21297515   515420630001  N  0                       1356064 01/05/2023       USD          237          474          458
01 37326244  11893  M  TALYSTO 20MG. X1TA.MAST.                   12       260       260       000      3120       000  000  000  000  000  000         1  7592454891400       21298362       21298362   515420630001  N  0                       3267799 01/05/2023       USD          057          681          458
01 37326244  12914  M  TOMYCIN-D 0,3-0,1 OFT.5ML                   2       862       862       000      1724       000  000  000  000  000  000         1  7598055000104       21298257       21298257   515420630001  N  0                           128 01/03/2023       USD          188          376          458
01 37326244  QO250  M  BROXOL GRIP PED.JBE120ML.                   2      1040      1040       000      2080       000  000  000  000  000  000         2  7592454000734       21297761       21297761   515420630002  N  0                       3274957 01/09/2023       USD          227          454          458
01 37326244  CO520  M  KATIVIL SOL.ORAL 120ML.                     2      2498      2776       556      4996       000  000  000 1000  000  000         2  7591818111147       21298257       21298257   515420630002  N  0                         10391 01/09/2024       USD          545         1091          458
01 37326244  CO640  M  KATIVIL SOL.ORAL 90ML.                      2      1887      2097       420      3774       000  000  000 1000  000  000         2  7591818244128       21298257       21298257   515420630002  N  0                         10387 01/09/2024       USD          412          824          458
02 37326244         38         38719           000           000         38719    0    0    0  000    0    0    0   27/12/2021 11:09:07 a.m.   PR           000           000             0            12           USD          458         8454
