01 37320106  11898  M  BUCOXOLGAR FRU.RO X10TM                     2       910       910       000      1820       000  000  000  000  000  000         1  7592454891363       21292905       21292905   515365200001  N  0                       3500180 01/11/2023       USD          197          394          462
01 37320106  11897  M  BUCOXOLGAR MENTA X10TM                      2       910       910       000      1820       000  000  000  000  000  000         1  7592454891370       21292905       21292905   515365200001  N  0                       3275074 01/09/2023       USD          197          394          462
01 37320106  MY039  M  CETRAL SOL.ORAL 60ML.                       1      1170      1170       000      1170       000  000  000  000  000  000         1  7592601100928       21293233       21293233   515365200001  N  0                        131203 01/11/2023       USD          253          253          462
01 37320106  MK103  M  DIOSMINA +MK 600MG. X14TA                   2      3947      3947       000      7894       000  000  000  000  000  000         1  7591519051193       21293118       21293118   515365200001  N  0                         32336 01/09/2024       USD          854         1709          462
01 37320106  12397  M  FESTAL 210MG X10GRAG                        2      1625      1625       000      3250       000  000  000  000  000  000         1  7591519317428       21293118       21293118   515365200001  N  0                         32308 01/09/2023       USD          352          703          462
01 37320106  CO200  M  IPALAT 1% SOL.TOP. 20ML.                    2      1524      1524       000      3048       000  000  000  000  000  000         1  7591818111048       21293118       21293118   515365200001  N  0                         10258 01/08/2026       USD          330          660          462
01 37320106  CO540  M  MIOVIT COMP. 3ML. X3A KIT                  12      1572      2620     12576     18864       000  000  000 4000  000  000         1  7591818026366       21293233       21293233   515365200001  N  0                         10375 01/08/2024       USD          340         4083          462
01 37320106  MO140  M  PERTEN CREMA 1% 20GR.                       1      1690      1690       000      1690       000  000  000  000  000  000         1  7592601101154       21293118       21293118   515365200001  N  0                        133202 01/08/2024       USD          366          366          462
01 37320106  MK959  M  TIOCOLCHICOSIDO +MK4 X12                    2      2389      2389       000      4778       000  000  000  000  000  000         1  7591519007749       21292905       21292905   515365200001  N  0                         32228 01/08/2024       USD          517         1034          462
02 37320106         26         44334           000           000         44334    0    0    0  000    0    0    0   20/12/2021 02:25:00 p.m.   PR           000           000             0             9           USD          462         9596
