01 37325392  14014  M  ALOPURINOL NEOL300 X20TA                    2      2660      2660       000      5320       000  000  000  000  000  000         1  7501384546809       21296783       21296783   515406320001  N  0                       0521481 01/05/2023       USD          581         1162          458
01 37325392  14949  M  AZITROMICINA PORT200 15ML                  12      1778      1778       000     21336       000  000  000  000  000  000         1  7750215017562       21296464       21296464   515406320001  N  0                       2091220 01/09/2023       USD          388         4659          458
01 37325392  15757  M  CEFADROXILO BRIX500 10X10                   2     13634     13634       000     27268       000  000  000  000  000  000         1  8906130230145       21296464       21296464   515406320001  N  0                       KE21090 01/03/2024       USD         2977         5954          458
01 37325392  14380  M  CLINDA KETO TI100-400X5OV                   2      2600      2600       000      5200       000  000  000  000  000  000         1  8904187881303       21296598       21296598   515406320001  N  0                          2856 01/06/2024       USD          568         1135          458
01 37325392  14046  N  CLORURO MAG.33.33GR.TARRO                  12       771       771       000      9252       000  000  000  000  000  000         1  7594001450474       21296783       21296783   515406320001  N  0                      18102126 01/04/2023       USD          168         2020          458
01 37325392  15631  M  CLOTRIMAZOL KMP1%CR. 20GR                   6       694       694       000      4164       000  000  000  000  000  000         1  6942189211331       21296783       21296783   515406320001  N  0                        201157 01/11/2023       USD          152          909          458
01 37325392  10797  M  DERMAZOL 0,05% L.CAP.25ML                   1      2600      2600       000      2600       000  000  000  000  000  000         1  7591619519098       21296783       21296783   515406320001  N  0                          0019 01/09/2023       USD          568          568          458
01 37325392  14554  M  DESLORATADINA LAND5 X100                    2      3885      4177       584      7770       000  000  000  700  000  000         1  7598008000328       21296783       21296783   515406320001  N  0                         T9664 01/03/2024       USD          848         1696          458
01 37325392  14115  M  DICLOFENAC SOD 50MG X20TA                  12       365       365       000      4380       000  000  000  000  000  000         1  7592236002123       21296783       21296783   515406320001  N  0                     TD1020003 01/01/2024       USD          080          956          458
01 37325392  16047  M  FLEVOMAX 500MG. X30CO                       3      4758      4758       000     14274       000  000  000  000  000  000         1  7791848250414       21296800       21296800   515406320001  N  0                         40651 01/06/2023       USD         1039         3117          458
01 37325392  15715  M  GENTAMICINA BRIX0,1% 20G.                   2       556       556       000      1112       000  000  000  000  000  000         1  8906130230541       21296783       21296783   515406320001  N  0                          OL06 01/02/2023       USD          121          243          458
01 37325392  TQ530  M  GLIDAN 80MG. X20TA                          2      1690      1690       000      3380       000  000  000  000  000  000         1  7591955002469       21296582       21296582   515406320001  N  0                          0027 01/05/2024       USD          369          738          458
01 37325392  13480  M  LOSARTAN P. AG 50MGX30TA                    6       780       780       000      4680       000  000  000  000  000  000         1  7706569021618       21296819       21296819   515406320001  N  0                        20A781 01/01/2023       USD          170         1022          458
01 37325392  KL574  M  MAILEN 2,5MG. JBE. 50ML.                    2       910       910       000      1820       000  000  000  000  000  000         1  7591619519135       21296893       21296893   515406320001  N  0                          0019 01/11/2023       USD          199          397          458
01 37325392  15178  C  MENTOL DAVIS PLUS30G.TAR                    6       762       762       000      4572       732  000  000  000  000  000         1  7594001564027       21296783       21296783   515406320001  N  0                        210560 01/10/2024       USD          166          998          458
01 37325392  14300  M  NEUMOCORT INH.200MCGX200D                   2      4908      4908       000      9816       000  000  000  000  000  000         1  7795373012912       21296582       21296582   515406320001  N  0                           208 01/08/2023       USD         1072         2143          458
01 37325392  12059  M  OFAFLAN 12,5MG. X6 SUPOS.                   1      1803      1803       000      1803       000  000  000  000  000  000         1  7591062016458       21296783       21296783   515406320001  N  0                        20109A 01/10/2022       USD          394          394          458
01 37325392  EL172  M  PEREBRON JBE.PED.FRANB120                   3       976      1084       324      2928       000  000  000 1000  000  000         1  7591062011200       21296783       21296783   515406320001  N  0                        20117A 01/10/2022       USD          213          639          458
01 37325392  14113  M  BROMEXINA 4MGX120ML                         6       655       655       000      3930       000  000  000  000  000  000         2  7598484000034       21296598       21296598   515406320002  N  0                         13911 01/11/2023       USD          143          858          458
01 37325392  LC314  N  FLUVIRIN JBE. 120ML.                        2      1918      1918       000      3836       000  000  000  000  000  000         2  7591585111166       21296464       21296464   515406320002  N  0                           229 01/11/2023       USD          419          838          458
01 37325392  12846  M  RINGER LACTATO BI 500ML                     2      1140      1140       000      2280       000  000  000  000  000  000         2  7595624200309       21296598       21296598   515406320002  N  0                    2002061910 01/02/2023       USD          249          498          458
01 37325392  15628  M  ROCARNIN SOL.ORAL 120ML.                    3      2015      2015       000      6045       000  000  000  000  000  000         2  7592806121063       21296783       21296783   515406320002  N  0                        107110 01/07/2024       USD          440         1320          458
02 37325392         91        143194          4572           732        148498    0    0    0  000    0    0    0   23/12/2021 01:58:43 p.m.   PR           000           000             0            22           USD          458        32263
