01 37324281  MY510  M  CAMPAL 1% CREMA 20GR.                       1      1040      1040       000      1040       000  000  000  000  000  000         1  7592601100232       21296271       21296271   515398930001  N  0                        121304 01/07/2025       USD          226          226          460
01 37324281  CO265  M  CLORACE 500MG/4MG X10TA                     3       994      1104       330      2982       000  000  000 1000  000  000         1  7591818116043       21295981       21295981   515398930001  N  0                         10221 01/07/2024       USD          216          648          460
01 37324281  PB120  M  DENCORUB CREM 40 GR                         3       972      1002       090      2916       000  000  300  000  000  000         1  7591309010409       21296271       21296271   515398930001  N  0                           022 01/11/2023       USD          211          634          460
01 37324281  EH116  M  ESOMEPRAZOL VP40MG. X20TA                   3      2153      2691      1614      6459       000  000  000 2000  000  000         1  7703153027421       21296271       21296271   515398930001  N  0                       1330528 01/12/2022       USD          468         1404          460
01 37324281  MK101  M  GABAPENTINA +MK300MG. X20                   1      1788      1788       000      1788       000  000  000  000  000  000         1  7591519008562       21295981       21295981   515398930001  N  0                         31911 01/04/2024       USD          389          389          460
01 37324281  12914  M  TOMYCIN-D 0,3-0,1 OFT.5ML                   1       862       862       000       862       000  000  000  000  000  000         1  7598055000104       21295981       21295981   515398930001  N  0                           128 01/03/2023       USD          187          187          460
01 37324281  QO540  M  BROXOL ALERG S.ORAL 100ML                   2      2080      2080       000      4160       000  000  000  000  000  000         2  7592454889513       21295981       21295981   515398930002  N  0                       3500263 01/11/2023       USD          452          904          460
01 37324281  QO160  M  BROXOL FLEM AD. 120CC.                      2      2080      2080       000      4160       000  000  000  000  000  000         2  7592454000437       21295981       21295981   515398930002  N  0                       3500255 01/11/2023       USD          452          904          460
01 37324281  QO170  M  BROXOL FLEM PED. 120CC.                     2      1690      1690       000      3380       000  000  000  000  000  000         2  7592454000444       21295981       21295981   515398930002  N  0                       3500253 01/11/2023       USD          367          735          460
01 37324281  GQ105  M  BROXOL JBE.AD. 120ML.                       2      1820      1820       000      3640       000  000  000  000  000  000         2  7592454536271       21295981       21295981   515398930002  N  0                       3500146 01/10/2023       USD          396          791          460
01 37324281  MY109  M  CETRAL 10MG. GOTAS 10ML.                    1       910       910       000       910       000  000  000  000  000  000         2  7592601100706       21296271       21296271   515398930002  N  0                        126101 01/04/2023       USD          198          198          460
02 37324281         21         32297           000           000         32297    0    0    0  000    0    0    0   22/12/2021 03:21:03 p.m.   PR           000           000             0            11           USD          460         7021
