01 37322555  GP260  S  BROMAZEPAM KL 6MG. X30CO                   12      2232      2232       000     26784       000  000  000  000  000  000         1  7594000490204       21293750       21293750   515372460001  N  0                          0032 01/08/2024       USD          485         5823          460
01 37322555  VM028  S  CLONZEP 0,5MG. X30TA                       12      1053      1053       000     12636       000  000  000  000  000  000         2  7591020080750       21293750       21293750   515372460002  N  0                            56 01/06/2023       USD          229         2747          460
01 37322555  VM035  S  CLONZEP 2MG. X30TA                         12      1962      1962       000     23544       000  000  000  000  000  000         3  7591020080767       21293750       21293750   515372460003  N  0                            82 01/09/2023       USD          427         5118          460
01 37322555  VM274  S  ALPRAM 0,5MG. X30TA                        12       956       956       000     11472       000  000  000  000  000  000         4  7591020005296       21293750       21293750   515372460004  N  0                           285 01/09/2026       USD          208         2494          460
01 37322555  VM279  S  ALPRAM 1MG. X30TA                          12      1356      1356       000     16272       000  000  000  000  000  000         5  7591020005302       21293750       21293750   515372460005  N  0                           421 01/07/2025       USD          295         3537          460
01 37322555  VM284  S  ALPRAM 2MG. X30TA                          12      1975      1975       000     23700       000  000  000  000  000  000         6  7591020005319       21293750       21293750   515372460006  N  0                           317 01/08/2025       USD          429         5152          460
01 37322555  12101  S  GARDENAL 100MG. X30CO                      24      2517      2517       000     60408       000  000  000  000  000  000         7  7591519317565       21293750       21293750   515372460007  N  0                         32148 01/10/2024       USD          547        13132          460
01 37322555  12101  S  GARDENAL 100MG. X30CO                      24      2517      2517       000     60408       000  000  000  000  000  000         8  7591519317565       21293750       21293750   515372460008  N  0                         32148 01/10/2024       USD          547        13132          460
01 37322555  VM028  S  CLONZEP 0,5MG. X30TA                       36      1053      1053       000     37908       000  000  000  000  000  000         9  7591020080750       21293750       21293750   515372460009  N  0                            56 01/06/2023       USD          229         8241          460
01 37322555  VM035  S  CLONZEP 2MG. X30TA                         36      1962      1962       000     70632       000  000  000  000  000  000        10  7591020080767       21293750       21293750   515372460010  N  0                            82 01/09/2023       USD          427        15355          460
01 37322555  VM274  S  ALPRAM 0,5MG. X30TA                        36       956       956       000     34416       000  000  000  000  000  000        11  7591020005296       21293750       21293750   515372460011  N  0                           285 01/09/2026       USD          208         7482          460
01 37322555  VM279  S  ALPRAM 1MG. X30TA                          36      1356      1356       000     48816       000  000  000  000  000  000        12  7591020005302       21293750       21293750   515372460012  N  0                           421 01/07/2025       USD          295        10612          460
01 37322555  VM284  S  ALPRAM 2MG. X30TA                          36      1975      1975       000     71100       000  000  000  000  000  000        13  7591020005319       21293750       21293750   515372460013  N  0                           317 01/08/2025       USD          429        15457          460
02 37322555        300        498096           000           000        498096    0    0    0  000    0    0    0   21/12/2021 03:23:22 p.m.   PR           000           000             0            13           USD          460       108282
