01 37333199  PO175  M  BACITRACINA PO UNG. 15GR.                   2       988       988       000      1976       000  000  000  000  000  000         1  7592806141016       21305294       21305294   515488190001  N  0                        108139 01/08/2024       USD          215          430          460
01 37333199  15445  M  BACITRACINA SGG UNG.15GR.                   3       793       793       000      2379       000  000  000  000  000  000         1  7596347793567       21305314       21305314   515488190001  N  0                       05V1123 01/11/2023       USD          172          517          460
01 37333199  14543  M  BISACODILO LAND5MG.X100TA                   1      5811      6248       437      5811       000  000  000  700  000  000         1  7598008000229       21305314       21305314   515488190001  N  0                         T9662 01/03/2024       USD         1263         1263          460
01 37333199  15910  M  CEFIXIMA CLEO400MG. X10TA                   2      5868      5868       000     11736       000  000  000  000  000  000         1  7598677000230       21305294       21305294   515488190001  N  0                      21B53701 01/06/2023       USD         1276         2551          460
01 37333199  KL043  M  CORENTEL 2,5MG. X30CO                       2      1820      1820       000      3640       000  000  000  000  000  000         1  7591619520278       21305294       21305294   515488190001  N  0                          0007 01/04/2024       USD          396          791          460
01 37333199  15032  M  DECA LENTER COM. X2A+2JER                   2       813      1161       696      1626       000  000  000 3000  000  000         1  7591243811469       21305294       21305294   515488190001  N  0                       9226601 01/03/2023       USD          177          353          460
01 37333199  PA934  M  DIAGESIC 75MG. 3ML. X2A                     2      2787      2787       000      5574       000  000  000  000  000  000         1  7591243811704       21305294       21305294   515488190001  N  0                       9232901 01/08/2023       USD          606         1212          460
01 37333199  ED840  M  DOLAK 10MG. X 20CO                          1      1378      1378       000      1378       000  000  000  000  000  000         1  7592803001368       21305294       21305294   515488190001  N  0                      2109627D 01/10/2023       USD          300          300          460
01 37333199  ED790  M  DOLAK SL 10MG. X10CO                        1      1196      1196       000      1196       000  000  000  000  000  000         1  7592803001320       21305294       21305294   515488190001  N  0                       2111685 01/11/2023       USD          260          260          460
01 37333199  ED394  M  DOLAK SL 30MG. X4CO                         1      1170      1170       000      1170       000  000  000  000  000  000         1  7592803002419       21305294       21305294   515488190001  N  0                       2108604 01/08/2023       USD          254          254          460
01 37333199  15154  M  FLAMYDOL 75MG.2ML. X1A                      2      2074      2074       000      4148       000  000  000  000  000  000         1   764600111121       21305314       21305314   515488190001  N  0                         10129 01/01/2024       USD          451          902          460
01 37333199  14384  M  KETOPROFENO TIAR100 X10A                    2      3900      3900       000      7800       000  000  000  000  000  000         1  8904187861770       21305314       21305314   515488190001  N  0                        N18773 01/06/2024       USD          848         1696          460
01 37333199  SA520  M  MESIGYNA INSTAYECT 1ML.                     1      5980      5980       000      5980       000  000  000  000  000  000         1  7501303443318       21305294       21305294   515488190001  N  0                       XB30LG4 01/05/2022       USD         1300         1300          460
01 37333199  EL172  M  PEREBRON JBE.PED.FRANB120                   2       976      1084       216      1952       000  000  000 1000  000  000         1  7591062011200       21305314       21305314   515488190001  N  0                        20117A 01/10/2022       USD          212          424          460
01 37333199  13725  M  SALRES 100MCG AERO 200DOS                   3      2072      2072       000      6216       000  000  000  000  000  000         1  8699525528148       21305294       21305294   515488190001  N  0                       A092150 01/01/2023       USD          450         1351          460
01 37333199  FF200  M  SILVEDERMA 1% CR. 50GR.                     1      2581      2581       000      2581       000  000  000  000  000  000         1  7591096000140       21305294       21305294   515488190001  N  0                      012R029A 01/04/2024       USD          561          561          460
01 37333199  12087  M  SULTAMICILINA DAC750 10TA                   3      5561      5561       000     16683       000  000  000  000  000  000         1  7598578000186       21305294       21305294   515488190001  N  0                          V228 01/05/2023       USD         1209         3627          460
01 37333199  EL001  M  TALZIC 10MG. X10CO                          6       536       596       360      3216       000  000  000 1000  000  000         1  7591062016700       21305294       21305294   515488190001  N  0                        21022B 01/04/2023       USD          117          699          460
01 37333199  LT439  M  TEKRON 200MG. X30CO                         1      5168      5168       000      5168       000  000  000  000  000  000         1  7591585218568       21305314       21305314   515488190001  N  0                           186 01/10/2024       USD         1123         1123          460
01 37333199  14239  M  VALSARTAN GDG.PH 160MGX14                   2      1464      1464       000      2928       000  000  000  000  000  000         1  7598307000104       21305294       21305294   515488190001  N  0                         SM030 01/07/2024       USD          318          637          460
01 37333199  11287  C  BRUCEN CR.DERMO RESTA30                     1      2358      2358       000      2358       377  000  000  000  000  000         2  7592090000075       21305294       21305294   515488190002  N  0                        210911 01/10/2024       USD          513          513          460
01 37333199  11262  C  BRUCEN LO.CR.CORP.250ML.                    1      2831      2831       000      2831       453  000  000  000  000  000         2  7592090000334       21305294       21305294   515488190002  N  0                        210754 01/08/2024       USD          615          615          460
01 37333199  FS017  N  CITRATO POTASIO FS 10X950                   2      3060      3060       000      6120       000  000  000  000  000  000         3  7592368003128       21305294       21305294   515488190003  N  0                       1121137 01/11/2022       USD          665         1330          460
01 37333199  PA009  M  LOGANIL JBE.AD. 120ML.                      3      1555      1555       000      4665       000  000  000  000  000  000         3  7591243831474       21305314       21305314   515488190003  N  0                       9282302 01/11/2023       USD          338         1014          460
01 37333199  EL167  M  PEREBRON JBE.AD.FRANB120                    6      1347      1347       000      8082       000  000  000  000  000  000         3  7591062011217       21305294       21305294   515488190003  N  0                        21100A 01/12/2024       USD          293         1757          460
02 37333199         53        112025          5189           830        118044    0    0    0  000    0    0    0   03/01/2022 11:07:43 a. m.   PR           000           000             0            25           USD          460        25481
