01 37334695  14543  M  BISACODILO LAND5MG.X100TA                   1      6248      6248       000      6248       000  000  000  000  000  000         1  7598008000229       21307081       21307081   515504380001  N  0                         T9662 01/03/2024       USD         1361         1361          459
01 37334695  16026  M  CLAVUMEDC 500/125MG X10TA                   2      2790      2790       000      5580       000  000  000  000  000  000         1  7597285000397       21306471       21306471   515504380001  N  0                       2103301 01/03/2024       USD          608         1216          459
01 37334695  16027  M  CLAVUMEDC 875/125MG X10TA                   2      3242      3242       000      6484       000  000  000  000  000  000         1  7597285000403       21306471       21306471   515504380001  N  0                       2103302 01/03/2024       USD          706         1413          459
01 37334695  15631  M  CLOTRIMAZOL KMP1%CR. 20GR                   6       694       694       000      4164       000  000  000  000  000  000         1  6942189211331       21307197       21307197   515504380001  N  0                        201157 01/11/2023       USD          151          907          459
01 37334695  KF190  M  DERMAZOL 0,05% CR.30GR.                     1      2600      2600       000      2600       000  000  000  000  000  000         1  7591619519036       21306471       21306471   515504380001  N  0                          0067 01/10/2023       USD          566          566          459
01 37334695  15524  M  FLEMIBAR SOL.ORAL 20ML.                     1      1560      1560       000      1560       000  000  000  000  000  000         1  7591619000541       21306471       21306471   515504380001  N  0                          0002 01/10/2023       USD          340          340          459
01 37334695  14213  C  GORRO DESECH. TELA                          1       807       807       000       807       129  000  000  000  000  000         1  7593511000155       21306225       21306225   515504380001  N  0                         0820A 01/01/2030       USD          176          176          459
01 37334695  AY171  C  JER 3CC 21X1-1/2 KX X100                    2      5850      5850       000     11700      1872  000  000  000  000  000         1 10813333013824       21306225       21306225   515504380001  N  0                        210225 01/03/2026       USD         1274         2549          459
01 37334695  15084  M  LOSARTAN P. BM50MG.X100TA                   3      1791      1791       000      5373       000  000  000  000  000  000         1  7598127001411       21306225       21306225   515504380001  N  0                        210166 01/01/2024       USD          390         1171          459
01 37334695  12186  M  MAXTHIO 4MG/2ML. IM X6A                     2      3887      3887       000      7774       000  000  000  000  000  000         1  8699525755247       21307081       21307081   515504380001  N  0                       A090486 01/11/2023       USD          847         1694          459
01 37334695  KL061  M  PLIDAN SOL.GOTAS 20ML.                      1      1820      1820       000      1820       000  000  000  000  000  000         1  7591619517940       21307081       21307081   515504380001  N  0                          0024 01/06/2024       USD          397          397          459
01 37334695  LP220  M  PROTOSULFIL 1% CR. 30GR.                    1      2340      2340       000      2340       000  000  000  000  000  000         1  7591955001486       21306392       21306392   515504380001  N  0                          0302 01/07/2022       USD          510          510          459
01 37334695  VC005  M  SINUTIL GOTAS PED. 30ML.                    2       910       910       000      1820       000  000  000  000  000  000         1  7592782000659       21306392       21306392   515504380001  N  0                       2190011 01/10/2023       USD          198          397          459
01 37334695  12124  C  BOROCANFOR COOL.PVO.35GR                    2       714       714       000      1428       228  000  000  000  000  000         2       75971434       21306225       21306225   515504380002  N  0                       2111302 01/11/2023       USD          156          311          459
01 37334695  RN110  C  GERDEX SOL. SPRAY 240CC.                    1       993       993       000       993       159  000  000  000  000  000         2  7591838000117       21306392       21306392   515504380002  N  0                       A239095 01/09/2024       USD          216          216          459
01 37334695  ZU001  C  IODINEX JABON LIQ. 120ML.                   2      1976      1976       000      3952       000  000  000  000  000  000         2  7595248000033       21306392       21306392   515504380002  N  0                       0200543 01/04/2026       USD          430          861          459
01 37334695  BQ290  M  AMBROXOL BQ. 30MG.120ML.                    6       967       967       000      5802       000  000  000  000  000  000         3  7594000850923       21307197       21307197   515504380003  N  0                        211101 01/11/2024       USD          211         1264          459
01 37334695  CO380  M  CLORACE JBE.PED. 120ML.                     2      1381      1381       000      2762       000  000  000  000  000  000         3  7591818112069       21307081       21307081   515504380003  N  0                         10371 01/09/2025       USD          301          602          459
01 37334695  PD990  M  FERGANIC FOLIC JBE.120CC.                   1      3510      3510       000      3510       000  000  000  000  000  000         3  7591955002803       21306225       21306225   515504380003  N  0                          0105 01/03/2024       USD          765          765          459
01 37334695  GG800  M  MUCORAMA 15MG. JBE.118ML.                   2      1442      1442       000      2884       000  000  000  000  000  000         3  7591651722401       21306392       21306392   515504380003  N  0                       2109057 01/09/2023       USD          314          628          459
01 37334695  12551  M  SUEROLITO 75MEQ FRESA400                    2      1105      1105       000      2210       000  000  000  000  000  000         3  7597767000020       21306392       21306392   515504380003  N  0                         019F1 01/09/2023       USD          241          481          459
01 37334695  12552  M  SUEROLITO 75MEQ UVA400                      2      1105      1105       000      2210       000  000  000  000  000  000         3  7597767000037       21306392       21306392   515504380003  N  0                        0712U1 01/12/2023       USD          241          481          459
01 37334695  12550  M  SUEROLITO 75MEQ+Z COCO40                    2      1105      1105       000      2210       000  000  000  000  000  000         3  7597767000013       21306392       21306392   515504380003  N  0                         238C1 01/08/2023       USD          241          481          459
02 37334695         47         67351         18880          2388         88619    0    0    0  000    0    0    0   04/01/2022 10:47:33 a. m.   PR           000           000             0            23           USD          459        18787
