01 37345051  MK020  M  DICLOFENAC P. +MK50 X20TA                   6       553       650       582      3318       000  000  000 1500  000  000         1  7591519001501       21314928       21314928   515605930001  N  0                         31986 01/05/2024       USD          119          715          464
01 37345051  13124  M  DICLOFENAC P. BM50MG.30TA                  12       676       676       000      8112       000  000  000  000  000  000         1  6972718560067       21314928       21314928   515605930001  N  0                        210217 01/02/2024       USD          146         1748          464
01 37345051  14107  M  GENTAM+BETAM+CLOTRIX30CR                   12      1183      1183       000     14196       000  000  000  000  000  000         1  6930169708162       21314928       21314928   515605930001  N  0                        210215 01/02/2024       USD          255         3059          464
01 37345051  EH210  M  SECNIDAZOL VP 1GR. X2TA                     3       690       758       204      2070       000  000  000  900  000  000         1  7703153019914       21314928       21314928   515605930001  N  0                       1370834 01/08/2024       USD          149          446          464
01 37345051  13120  M  TAMSULOSINA CL BM 0,4X30T                   3      1487      1487       000      4461       000  000  000  000  000  000         1  6972718560029       21314928       21314928   515605930001  N  0                        210735 01/07/2024       USD          320          961          464
01 37345051  MK959  M  TIOCOLCHICOSIDO +MK4 X12                    6      2031      2389      2148     12186       000  000  000 1500  000  000         1  7591519007749       21315301       21315301   515605930001  N  0                         32228 01/08/2024       USD          438         2626          464
01 37345051  MK339  M  VIAJESAN 50MG. X10TA                        3       944      1073       387      2832       000  000  000 1200  000  000         1   769229220612       21314928       21314928   515605930001  N  0                        650821 01/08/2024       USD          203          610          464
01 37345051  QO160  M  BROXOL FLEM AD. 120CC.                      6      2080      2080       000     12480       000  000  000  000  000  000         2  7592454000437       21314928       21314928   515605930002  N  0                       3500255 01/11/2023       USD          448         2690          464
01 37345051  QO170  M  BROXOL FLEM PED. 120CC.                     6      1690      1690       000     10140       000  000  000  000  000  000         2  7592454000444       21314928       21314928   515605930002  N  0                       3500253 01/11/2023       USD          364         2185          464
02 37345051         57         69795           000           000         69795    0    0    0  000    0    0    0   11/01/2022 02:31:37 p.m.   PR           000           000             0             9           USD          464        15042
