01 37342425  12034  M  ACETAMINOFEN AL500 X20TA                   48       598       664      3168     28704       000  000  000 1000  000  000         1  7597758000596       21313414       21313414   515582260001  N  0                         DL182 01/02/2024       USD          129         6186          464
01 37342425  LO444  M  APIRET 180SOL.ORAL 120ML.                  12      1044      1044       000     12528       000  000  000  000  000  000         1  7591196002785       21313484       21313484   515582260001  N  0                       I111248 01/11/2023       USD          225         2700          464
01 37342425  PF204  M  ATAMEL FORTE 650MG. X10TA                   6      1400      1400       000      8400       000  000  000  000  000  000         1  7591257000552       21313414       21313414   515582260001  N  0                     026130041 01/08/2023       USD          302         1810          464
01 37342425  VM025  M  CANDER HCT 16/12,5 X30TAB                   2      3700      3700       000      7400       000  000  000  000  000  000         1  7591020080620       21312382       21312382   515582260001  N  0                            39 01/09/2023       USD          797         1595          464
01 37342425  OJ007  N  CASTAÑO DE INDIAS HP 60CA                   2      2634      2634       000      5268       000  000  000  000  000  000         1  7592710000454       21312810       21312810   515582260001  N  0                       0122210 01/10/2024       USD          568         1135          464
01 37342425  LO149  M  CORTYNASE SUSP.NASAL 140D.                  2      3769      3769       000      7538       000  000  000  000  000  000         1  7591196004604       21312626       21312626   515582260001  N  0                        091947 01/10/2023       USD          812         1625          464
01 37342425  LO134  M  OCUPRED 1% SUSP.OFT. 5ML.                   2      1062      1062       000      2124       000  000  000  000  000  000         1  7591196002242       21312382       21312382   515582260001  N  0                        081657 01/08/2023       USD          229          458          464
01 37342425  11648  M  OMEFLUX 40MG. IV. X1                       12       814       814       000      9768       000  000  000  000  000  000         1       75971182       21312810       21312810   515582260001  N  0                       2121064 01/02/2024       USD          175         2105          464
01 37342425  KV339  M  TERAGRIP FORTE 24H TAB. X14                 2      1764      1960       392      3528       000  000  000 1000  000  000         1  7591821802414       21313484       21313484   515582260001  N  0                21094072109413 01/10/2023       USD          380          760          464
01 37342425  KV760  M  TERAGRIP JBE.PED. 120ML.                    2      1544      1544       000      3088       000  000  000  000  000  000         1  7591821101692       21312382       21312382   515582260001  N  0                       2110480 01/11/2023       USD          333          666          464
02 37342425         90         88346           000           000         88346    0    0    0  000    0    0    0   10/01/2022 01:54:54 p.m.   PR           000           000             0            10           USD          464        19040
