01 37343700  16421  M  ACIDO ASCO.500/5 DIS X10A                   1      6583      7745      1162      6583       000  000  000 1500  000  000         1 17598252101540       21313484       21313484   515582250001  N  0                        210648 01/06/2024       USD         1419         1419          464
01 37343700  14500  M  ACIDO VALPRO LAND500 X100                   2      6774      6774       000     13548       000  000  000  000  000  000         1  7598008000632       21312626       21312626   515582250001  N  0                     TD1570001 01/07/2024       USD         1460         2920          464
01 37343700  11465  C  ALGODON ALGOBAP 25GR.                       6       257       257       000      1542       247  000  000  000  000  000         1  7593255000152       21313484       21313484   515582250001  N  0                        121226 01/05/2026       USD          055          332          464
01 37343700  14949  M  AZITROMICINA PORT200 15ML                  24      1778      1778       000     42672       000  000  000  000  000  000         1  7750215017562       21312626       21312626   515582250001  N  0                       2091220 01/09/2023       USD          383         9197          464
01 37343700  16532  M  CEFTRIAX 1GR POLV.SOL X1V                  24       527       620      2232     12648       000  000  000 1500  000  000         1 18904187804439       21312382       21312382   515582250001  N  0                        CI0028 01/06/2024       USD          114         2726          464
01 37343700  16026  M  CLAVUMEDC 500/125MG X10TA                   3      2790      2790       000      8370       000  000  000  000  000  000         1  7597285000397       21312626       21312626   515582250001  N  0                       2103301 01/03/2024       USD          601         1804          464
01 37343700  13423  M  CLORACE JBE PED S/A 120M                    2      1381      1381       000      2762       000  000  000  000  000  000         1  7591818716700       21312626       21312626   515582250001  N  0                         10503 01/11/2025       USD          298          595          464
01 37343700  KL047  M  COROPRES H 16/12,5 X30CO                    1      4680      4680       000      4680       000  000  000  000  000  000         1  7591619520360       21312382       21312382   515582250001  N  0                          0006 01/07/2024       USD         1009         1009          464
01 37343700  12583  M  DICLOFENAC P. KMP50 X10TA                  48       179       179       000      8592       000  000  000  000  000  000         1  6942189211270       21313484       21312382   515582250001  N  0                        201152 01/11/2023       USD          039         1852          464
01 37343700  12583  M  DICLOFENAC P. KMP50 X10TA                   2       179       179       000       358       000  000  000  000  000  000         1  6942189211270       21312382       21312382   515582250001  N  0                        201152 01/11/2023       USD          039          077          464
01 37343700  14915  M  DICLOFENAC P.MC50 X10TA                    48       243       243       000     11664       000  000  000  000  000  000         1   781159319723       21313484       21313484   515582250001  N  0                        201106 01/11/2023       USD          052         2514          464
01 37343700  16401  M  DIOSMINA+HESPE 50MGX30TA                    1      4660      5482       822      4660       000  000  000 1500  000  000         1  7598252000143       21312382       21312382   515582250001  N  0                        210902 01/09/2024       USD         1004         1004          464
01 37343700  15371  M  DOLCAN 50MG. X10CO                          6       390       390       000      2340       000  000  000  000  000  000         1  7591619002750       21312626       21312626   515582250001  N  0                          0002 01/08/2023       USD          084          504          464
01 37343700  SA500  M  DUVADILAN 10MG. X30CO                       1      3939      3939       000      3939       000  000  000  000  000  000         1  7591651932299       21312382       21312382   515582250001  N  0                       2109129 01/09/2026       USD          849          849          464
01 37343700  11463  C  GASAS EST.3X3 ALGOB X50S                    1      3397      3397       000      3397       544  000  000  000  000  000         1 17593255000401       21312382       21312382   515582250001  N  0                       1201013 01/01/2026       USD          732          732          464
01 37343700  KL859  M  RISPERID 2MG. X30CO                         2      2470      2470       000      4940       000  000  000  000  000  000         1  7591619518589       21312382       21312382   515582250001  N  0                          0004 01/02/2024       USD          532         1065          464
01 37343700  12583  M  DICLOFENAC P. KMP50 X10TA                  18       179       179       000      3222       000  000  000  000  000  000         2  6942189211270       21312382       21312382   515582250002  N  0                        210301 01/03/2024       USD          039          694          464
01 37343700  11463  C  GASAS EST.3X3 ALGOB X50S                   10      3397      3397       000     33970      5435  000  000  000  000  000         2 17593255000401       21312382       21312382   515582250002  N  0                       1201013 01/01/2026       USD          732         7321          464
01 37343700  11463  C  GASAS EST.3X3 ALGOB X50S                    1      3397      3397       000      3397       544  000  000  000  000  000         2 17593255000401       21312382       21312382   515582250002  N  0                       1201013 01/01/2026       USD          732          732          464
01 37343700  12583  M  DICLOFENAC P. KMP50 X10TA                  28       179       179       000      5012       000  000  000  000  000  000         3  6942189211270       21312382       21312382   515582250003  N  0                        210301 01/03/2024       USD          039         1080          464
01 37343700  15116  C  EVERY N.BIO CR.H CACAO200                   2       690       690       000      1380       221  000  000  000  000  000         4  7590005162108       21312810       21312810   515582250004  N  0                       2110325 01/10/2023       USD          149          297          464
01 37343700  14113  M  BROMEXINA 4MGX120ML                        12       655       655       000      7860       000  000  000  000  000  000         5  7598484000034       21312810       21312810   515582250005  N  0                         13911 01/11/2023       USD          141         1694          464
01 37343700  ZP310  M  MUCOLIPTO JBE.PED. 90ML.                    3      1266      1266       000      3798       000  000  000  000  000  000         5  7591651723651       21313414       21313414   515582250005  N  0                       2109003 01/09/2023       USD          273          819          464
01 37343700  GG800  M  MUCORAMA 15MG. JBE.118ML.                   2      1442      1442       000      2884       000  000  000  000  000  000         5  7591651722401       21312810       21312810   515582250005  N  0                       2109057 01/09/2023       USD          311          622          464
02 37343700        248        150532         43686          6990        201208    0    0    0  000    0    0    0   10/01/2022 07:23:24 p.m.   PR           000           000             0            23           USD          464        41857
