01 37343518  GQ739  M  ACETAMINOFEN ELTER650 X10                  12       390       390       000      4680       000  000  000  000  000  000         1  7592454001243       21313484       21313484   515582270001  N  0                       3275659 01/09/2023       USD          084         1009          464
01 37343518  12164  M  ANTICONCEPTI BM3-0,03 X21                   2      2569      2569       000      5138       000  000  000  000  000  000         1  6930169708360       21313484       21313484   515582270001  N  0                        190439 01/03/2022       USD          554         1107          464
01 37343518  13007  M  BIOCOR 20MG X10TA                           2       967       967       000      1934       000  000  000  000  000  000         1  7591519317695       21312382       21312382   515582270001  N  0                         32082 01/08/2024       USD          208          417          464
01 37343518  10728  M  BIOCOR 20MG. X30TA                          1      2340      2340       000      2340       000  000  000  000  000  000         1  7591519000146       21312382       21312382   515582270001  N  0                         32300 01/09/2024       USD          504          504          464
01 37343518  MO004  M  BROLAT 5MG/30MG. X10TA                      1      1430      1430       000      1430       000  000  000  000  000  000         1  7592601301578       21312810       21312810   515582270001  N  0                        135305 01/09/2024       USD          308          308          464
01 37343518  MY510  M  CAMPAL 1% CREMA 20GR.                       2      1040      1040       000      2080       000  000  000  000  000  000         1  7592601100232       21312382       21312382   515582270001  N  0                        121304 01/07/2025       USD          224          448          464
01 37343518  12141  M  CARVEDILOL BM6,25 X100TA                    1      3380      3380       000      3380       000  000  000  000  000  000         1  6930169708377       21313414       21313414   515582270001  N  0                        210431 01/04/2024       USD          728          728          464
01 37343518  MY060  N  EQUALIV TAB. X30                            1      2860      2860       000      2860       000  000  000  000  000  000         1  7592601100805       21312626       21312626   515582270001  N  0                        160103 01/07/2023       USD          616          616          464
01 37343518  12397  M  FESTAL 210MG X10GRAG                        2      1625      1625       000      3250       000  000  000  000  000  000         1  7591519317428       21313414       21313414   515582270001  N  0                         32308 01/09/2023       USD          350          700          464
01 37343518  14107  M  GENTAM+BETAM+CLOTRIX30CR                   11      1183      1183       000     13013       000  000  000  000  000  000         1  6930169708162       21313414       21313414   515582270001  N  0                        210215 01/02/2024       USD          255         2805          464
01 37343518  14756  N  PASIFLORA AI JBE. 120ML.                    2      1346      1346       000      2692       000  000  000  000  000  000         1  7592946012788       21312626       21312626   515582270001  N  0                      07212788 01/11/2023       USD          290          580          464
01 37343518  AP001  M  SIGTIPHIN 200MG. X10CO                      2      1690      1690       000      3380       000  000  000  000  000  000         1  7592601301639       21312382       21312382   515582270001  N  0                        136503 01/08/2023       USD          364          728          464
01 37343518  MK339  M  VIAJESAN 50MG. X10TA                        3      1073      1073       000      3219       000  000  000  000  000  000         1   769229220612       21312382       21312382   515582270001  N  0                        650821 01/08/2024       USD          231          694          464
02 37343518         42         49396           000           000         49396    0    0    0  000    0    0    0   10/01/2022 06:45:07 p.m.   PR           000           000             0            13           USD          464        10646
