01 37348589  14110  M  ACETAMINOFEN GOTAS X15ML                    3       564       564       000      1692       000  000  000  000  000  000         1  7592236001997       21318190       21318190   515645080001  N  0                         13311 01/11/2023       USD          122          365          464
01 37348589  11795  M  AFLAMAX 50MG. X10TA                         6       488       488       000      2928       000  000  000  000  000  000         1  7591196007186       21318190       21318190   515645080001  N  0                       I111251 01/11/2023       USD          105          631          464
01 37348589  14702  M  AMOXICILINA KMP500 X10CA                   36       465       465       000     16740       000  000  000  000  000  000         1  6921875011134       21318190       21318190   515645080001  N  0                     213132056 01/03/2024       USD          100         3608          464
01 37348589  PO170  M  ATROBEL 10MG. GOTAS 15ML.                   1      1638      1638       000      1638       000  000  000  000  000  000         1  7592806123012       21318190       21318190   515645080001  N  0                        104062 01/04/2023       USD          353          353          464
01 37348589  VC310  M  BEVINDAZOL400 SUSP.10ML                    12       468       468       000      5616       000  000  000  000  000  000         1  7592782000055       21318275       21318275   515645080001  N  0                       2150004 01/05/2023       USD          101         1210          464
01 37348589  14463  M  BROSIDUAL 100/300 X10CABL                   3      2366      2366       000      7098       000  000  000  000  000  000         1   793869810308       21318190       21318190   515645080001  N  0                      20100216 01/10/2022       USD          510         1530          464
01 37348589  12570  M  BUDECORT SOL.P INHAL10ML.                   3      2194      2194       000      6582       000  000  000  000  000  000         1  7591196007162       21318190       21318190   515645080001  N  0                        111256 01/11/2023       USD          473         1419          464
01 37348589  16033  M  CIPROFLOXACI IPS200 100ML                   3       520       520       000      1560       000  000  000  000  000  000         1  7597285000373       21318190       21318190   515645080001  N  0                        210369 01/03/2024       USD          112          336          464
01 37348589  LO484  M  CLARIX SOL.NASAL AD.15ML.                   3      1256      1256       000      3768       000  000  000  000  000  000         1  7591196003171       21318190       21318190   515645080001  N  0                        111245 01/11/2026       USD          271          812          464
01 37348589  16569  M  CLOTRIMAZOL 2% CR.30GR                      6      1300      1300       000      7800       000  000  000  000  000  000         1  8904250520764       21318190       21318190   515645080001  N  0                       ES21010 01/08/2024       USD          280         1681          464
01 37348589  KN101  M  DENUAL 150MG. X1CO                          3      1820      1820       000      5460       000  000  000  000  000  000         1  7591619517605       21318190       21318190   515645080001  N  0                          0003 01/11/2023       USD          392         1177          464
01 37348589  PD390  M  FLEMICAINE SOL.TOP. 5ML.                    2      1300      1300       000      2600       000  000  000  000  000  000         1  7591955000489       21318325       21318325   515645080001  N  0                          0027 01/04/2024       USD          280          560          464
01 37348589  PO460  M  FOLIFER B12 TAB. X30                        2      1781      1781       000      3562       000  000  000  000  000  000         1  7592806133639       21318190       21318190   515645080001  N  0                        107120 01/07/2024       USD          384          768          464
01 37348589  VC215  M  FUGOLIN CR. 20 GR.                          2      1560      1560       000      3120       000  000  000  000  000  000         1  7592782000130       21318275       21318275   515645080001  N  0                       2180005 01/08/2023       USD          336          672          464
01 37348589  HH260  M  GLENLIPID TAB. 100MG. X30                   1      2379      2379       000      2379       000  000  000  000  000  000         1  8904091150397       21318190       21318190   515645080001  N  0                      10201930 01/09/2022       USD          513          513          464
01 37348589  14782  M  IBUPRO-TIOCOL DAC600-4X10                   2      1615      1615       000      3230       000  000  000  000  000  000         1  7598578000247       21318190       21318190   515645080001  N  0                          V223 01/05/2024       USD          348          696          464
01 37348589  DP950  M  IBUPROFEN DP100 SUSP.60                     3       794       854       180      2382       000  000  000  700  000  000         1  7592616221014       21318190       21318190   515645080001  N  0                         10972 01/09/2024       USD          171          513          464
01 37348589  LO414  M  NAS SOL.GOTAS AD. 15ML.                     2       740       740       000      1480       000  000  000  000  000  000         1  7591196003140       21318275       21318275   515645080001  N  0                       I081177 01/08/2023       USD          159          319          464
01 37348589  KL061  M  PLIDAN SOL.GOTAS 20ML.                      2      1820      1820       000      3640       000  000  000  000  000  000         1  7591619517940       21318190       21318190   515645080001  N  0                          0025 01/07/2024       USD          392          784          464
01 37348589  LP255  M  TOLNAFTAN CR. 30 GR.                        2      1820      1820       000      3640       000  000  000  000  000  000         1  7591955001639       21318190       21318190   515645080001  N  0                          0043 01/07/2025       USD          392          784          464
01 37348589  13052  M  GENODERM 2N00/0N035 X21CO                   2      4030      4030       000      8060       000  000  000  000  000  000         2  7730564249029       21318190       21318190   515645080002  N  0                         41961 01/05/2024       USD          869         1737          464
01 37348589  14571  M  LOPERAMIDA LAND2MG.X100TA                   2      2085      2085       000      4170       000  000  000  000  000  000         2  7598008000519       21318190       21318190   515645080002  N  0                     TL1040001 01/06/2024       USD          449          899          464
01 37348589  CO520  M  KATIVIL SOL.ORAL 120ML.                     4      2769      2915       584     11076       000  000  000  500  000  000         3  7591818111147       21318275       21318275   515645080003  N  0                         10391 01/09/2024       USD          597         2387          464
01 37348589  GG800  M  MUCORAMA 15MG. JBE.118ML.                   3      1442      1442       000      4326       000  000  000  000  000  000         3  7591651722401       21318190       21318190   515645080003  N  0                       2109057 01/09/2023       USD          311          932          464
01 37348589  15628  M  ROCARNIN SOL.ORAL 120ML.                    6      2015      2015       000     12090       000  000  000  000  000  000         3  7592806121063       21318190       21318190   515645080003  N  0                        107110 01/07/2024       USD          434         2606          464
02 37348589        114        126637           000           000        126637    0    0    0  000    0    0    0   13/01/2022 11:12:30 a.m.   PR           000           000             0            25           USD          464        27292
