01 37354611  11795  M  AFLAMAX 50MG. X10TA                        12       366       488      1464      4392       000  000  000 2500  000  000         1  7591196007186       21322587       21322587   515704670001  N  0                       I111251 01/11/2023       USD          079          949          463
01 37354611  LO539  M  AFLAMAX 50MG. X20TA                        12       682       853      2052      8184       000  000  000 2000  000  000         1  7591196004451       21322587       21322587   515704670001  N  0                       I101231 01/11/2023       USD          147         1768          463
01 37354611  15244  M  ENOXA-K 40MG/0,4ML X1JP                     1      3992      4436       444      3992       000  000  000 1000  000  000         1  7598578000285       21322691       21322691   515704670001  N  0                       PO1HO52 01/05/2023       USD          862          862          463
01 37354611  16166  M  HIDROCLOROTI SP12,5 X10CO                   4       793       793       000      3172       000  000  000  000  000  000         1  7590027002536       21322691       21322691   515704670001  N  0                           521 01/05/2023       USD          171          685          463
01 37354611  KH016  C  HISOPOS ALGODON X150 KX                     3       520       520       000      1560       250  000  000  000  000  000         1   813333014114       21322587       21322587   515704670001  N  0                      21021305 01/01/2030       USD          112          337          463
01 37354611  11350  C  LIMP ENCIA CLASIC100 GALA                   6       497       497       000      2982       477  000  000  000  000  000         1  7595751001350       21322587       21322587   515704670001  N  0                       2010007 01/10/2023       USD          107          644          463
01 37354611  15601  M  LORATADINA LO10MG. X125TA                   2      5161      5161       000     10322       000  000  000  000  000  000         1  7591196006219       21322587       21322587   515704670001  N  0                       I081173 01/08/2023       USD         1115         2229          463
01 37354611  LO419  M  NAS SOL.NASAL PED.15ML.                     2       666       740       148      1332       000  000  000 1000  000  000         1  7591196003027       21322498       21322498   515704670001  N  0                       I110047 01/12/2022       USD          144          288          463
01 37354611  DP720  M  SULFADIAZINA P.DP CR.30GR                   1      1597      1717       120      1597       000  000  000  700  000  000         1  7592616480015       21322691       21322691   515704670001  N  0                         10975 01/11/2023       USD          345          345          463
01 37354611  EL001  M  TALZIC 10MG. X10CO                         12       597       597       000      7164       000  000  000  000  000  000         1  7591062016700       21322498       21322498   515704670001  N  0                        21022B 01/04/2023       USD          129         1547          463
01 37354611  14377  M  TRIMIC FORTE L OV.VAG. X7                   3      2600      2600       000      7800       000  000  000  000  000  000         1  8906009238555       21322587       21322587   515704670001  N  0                      K2AJG009 01/08/2022       USD          562         1685          463
01 37354611  11600  C  BARR DER.BIOS P.GRASA 90                    3       601       601       000      1803       288  000  000  000  000  000         2  7595481000234       21322498       21322498   515704670002  N  0                        210904 01/09/2025       USD          130          389          463
01 37354611  11590  C  BARR DER.CLINE NEUTRA80                     6       573       573       000      3438       550  000  000  000  000  000         2  7595481001255       21322498       21322498   515704670002  N  0                        201001 01/10/2024       USD          124          743          463
01 37354611  15628  M  ROCARNIN SOL.ORAL 120ML.                   12      2015      2015       000     24180       000  000  000  000  000  000         3  7592806121063       21322587       21322587   515704670003  N  0                        107110 01/07/2024       USD          435         5222          463
02 37354611         79         72135          9783          1565         83483    0    0    0  000    0    0    0   17/01/2022 05:55:30 p.m.   PR           000           000             0            14           USD          463        17693
