01 37358618  14538  M  ATENOLOL LAND50 X100TA                      2      2794      2794       000      5588       000  000  000  000  000  000         1  7598008000175       21324832       21324832   515745130001  N  0                     TA1960001 01/06/2024       USD          603         1207          463
01 37358618  15697  M  BUDESONIDA ZIEL200 200DOS                   1      4615      4615       000      4615       000  000  000  000  000  000         1  7598965000096       21324832       21324832   515745130001  N  0                        MDZ038 01/07/2023       USD          997          997          463
01 37358618  13654  M  CLOPIDOGREL 75MGX30TA BUK                   3      1872      1872       000      5616       000  000  000  000  000  000         1   675696260023       21324832       21324832   515745130001  N  0                        CDL303 01/03/2024       USD          404         1213          463
01 37358618  14946  M  CLOPIDOGREL ZIEL75 X30TA                    3      1268      1268       000      3804       000  000  000  000  000  000         1  0781584377619       21324832       21324832   515745130001  N  0                        T10828 01/07/2024       USD          274          822          463
01 37358618  LO149  M  CORTYNASE SUSP.NASAL 140D.                  2      3769      3769       000      7538       000  000  000  000  000  000         1  7591196004604       21325266       21325266   515745130001  N  0                        091947 01/10/2023       USD          814         1628          463
01 37358618  ED840  M  DOLAK 10MG. X 20CO                          2      1430      1430       000      2860       000  000  000  000  000  000         1  7592803001368       21325266       21325266   515745130001  N  0                      2109627D 01/10/2023       USD          309          618          463
01 37358618  15371  M  DOLCAN 50MG. X10CO                          6       390       390       000      2340       000  000  000  000  000  000         1  7591619002750       21324832       21324832   515745130001  N  0                          0002 01/08/2023       USD          084          505          463
01 37358618  13401  M  GLICAZET 500/5 X40TA                        2      3857      3857       000      7714       000  000  000  000  000  000         1  7406076101000       21324832       21324832   515745130001  N  0                        D21010 01/04/2024       USD          833         1666          463
01 37358618  14300  M  NEUMOCORT INH.200MCGX200D                   1      4908      4908       000      4908       000  000  000  000  000  000         1  7795373012912       21325266       21325266   515745130001  N  0                           208 01/08/2023       USD         1060         1060          463
01 37358618  14577  M  NIFEDIPINA LAND10 X100TA                    2      1404      1404       000      2808       000  000  000  000  000  000         1  7598008000571       21325266       21325266   515745130001  N  0                      TN550001 01/07/2024       USD          303          606          463
01 37358618  13725  M  SALRES 100MCG AERO 200DOS                   3      2072      2072       000      6216       000  000  000  000  000  000         1  8699525528148       21324832       21324832   515745130001  N  0                       A092150 01/01/2023       USD          448         1343          463
01 37358618  PD760  M  CLENBUXOL GOTAS 20 CC.                      2      1430      1430       000      2860       000  000  000  000  000  000         2  7591955000175       21325266       21325266   515745130002  N  0                          0051 01/03/2023       USD          309          618          463
01 37358618  TQ175  M  GRAUSIN JBE. 120ML.                         3      1690      1690       000      5070       000  000  000  000  000  000         2  7591955002452       21325266       21325266   515745130002  N  0                          0029 01/07/2023       USD          365         1095          463
02 37358618         32         61937           000           000         61937    0    0    0  000    0    0    0   19/01/2022 01:16:03 p.m.   PR           000           000             0            13           USD          463        13377
