01 37363708  14501  M  ALBENDAZOL LAND200 X100TM                   3      4563      4563       000     13689       000  000  000  000  000  000         1  7598008000106       21327792       21327792   515790220001  N  0                     TA1970001 01/06/2024       USD          988         2963          462
01 37363708  14552  M  CLOPIDOGREL LAND75 X100                     1      8389      8389       000      8389       000  000  000  000  000  000         1  7598008000311       21328039       21328039   515790220001  N  0                         T9663 01/03/2024       USD         1816         1816          462
01 37363708  PB442  M  DENCOFEN 1,16% GEL 40GR.                    2      1463      1463       000      2926       000  000  000  000  000  000         1  7591309002756       21327792       21327792   515790220001  N  0                       2106008 01/06/2024       USD          317          633          462
01 37363708  PB245  M  DENCORUB GEL 40 GR.                         1      1262      1262       000      1262       000  000  000  000  000  000         1  7591309010416       21327792       21327792   515790220001  N  0                       2109015 01/09/2023       USD          273          273          462
01 37363708  16227  M  DESLORATADINA NIO5MG.10TA                  12       447       447       000      5364       000  000  000  000  000  000         1  7598869000123       21328272       21328272   515790220001  N  0                      21152601 01/07/2023       USD          097         1161          462
01 37363708  SP550  M  DICLOFENAC D. SP GEL 15GR                   2       592       592       000      1184       000  000  000  000  000  000         1  7590027000495       21327792       21327792   515790220001  N  0                          1281 01/09/2023       USD          128          256          462
01 37363708  CO245  M  EUSILEN 4MG. 2ML. X1KIT                     2      1131      1191       120      2262       000  000  000  500  000  000         1  7591818113028       21328417       21328417   515790220001  N  0                         10383 01/09/2024       USD          245          490          462
01 37363708  SP011  M  FEXOFENADINA C. SP 120X10                   2       935       935       000      1870       000  000  000  000  000  000         1  7590027002437       21328188       21328188   515790220001  N  0                          1421 01/10/2023       USD          202          405          462
01 37363708  ED309  M  FUNGOSIN 100MG. X14CA                       1      3783      3783       000      3783       000  000  000  000  000  000         1  7592803002310       21328417       21328417   515790220001  N  0                       2110653 01/10/2023       USD          819          819          462
01 37363708  VC440  M  FUROSIL SUSP. 90CC.                         2      1170      1170       000      2340       000  000  000  000  000  000         1  7592782000321       21327792       21327792   515790220001  N  0                       2190017 01/10/2023       USD          253          506          462
01 37363708  16539  M  GESTASYN100 X10T ORA-VAG.                   2      3250      3250       000      6500       000  000  000  000  000  000         1  8904250520665       21328444       21328444   515790220001  N  0                    E1S2HTA015 01/08/2023       USD          703         1407          462
01 37363708  16540  M  GESTASYN200 X10T ORA-VAG.                   2      3900      3900       000      7800       000  000  000  000  000  000         1  8904250520771       21328444       21328444   515790220001  N  0                    E1S2HTA017 01/08/2023       USD          844         1688          462
01 37363708  PD729  M  KELFEN GEL TOPICO 30GR.                     1      1820      1820       000      1820       000  000  000  000  000  000         1  7591955001677       21328417       21328417   515790220001  N  0                          0019 01/07/2023       USD          394          394          462
01 37363708  14384  M  KETOPROFENO TIAR100 X10A                    1      4810      4810       000      4810       000  000  000  000  000  000         1  8904187861770       21327792       21327792   515790220001  N  0                        N18772 01/06/2024       USD         1041         1041          462
01 37363708  11040  N  LAMEDOR FG JARABE 120ML.                    1      1121      1121       000      1121       000  000  000  000  000  000         1       25525762       21327792       21327792   515790220001  N  0                          2437 01/08/2024       USD          243          243          462
01 37363708  LN160  M  LISOMUCIN 8MG. JBE.120ML.                   6      1362      1362       000      8172       000  000  000  000  000  000         1  7592348218023       21328039       21328039   515790220001  N  0                       2108006 01/08/2024       USD          295         1769          462
01 37363708  15041  C  MASCARILLA MEONSYE X50U                     4      3445      3445       000     13780       000  000  000  000  000  000         1  6956393475083       21327792       21327792   515790220001  N  0                       2020F06 01/06/2022       USD          746         2983          462
01 37363708  15369  M  SUCRALFATO ADN1000 X20TA                    1      5223      5223       000      5223       000  000  000  000  000  000         1  8904187876484       21328039       21328039   515790220001  N  0                         T9403 01/01/2024       USD         1131         1131          462
01 37363708  EL230  M  TANTUM COMPR. 50MG. X20                     2      1279      1279       000      2558       000  000  000  000  000  000         1  7591062011392       21328188       21328188   515790220001  N  0                        20120A 01/10/2024       USD          277          554          462
01 37363708  LO370  M  VOLTEN 0,1% SOL.OFT. 5ML.                   2      1651      1651       000      3302       000  000  000  000  000  000         1  7591196000538       21328417       21328417   515790220001  N  0                        091945 01/11/2023       USD          357          715          462
01 37363708  PB015  C  DENCORUB ICE GEL 40GR.                      2       645       645       000      1290       206  000  000  000  000  000         2  7591309001049       21327792       21327792   515790220002  N  0                      A2109315 01/09/2024       USD          140          279          462
01 37363708  PA050  M  ERILON 0,05% CREMA 15GR.                    1      1890      1890       000      1890       000  000  000  000  000  000         2  7591243815757       21328417       21328417   515790220002  N  0                       9251903 01/06/2023       USD          409          409          462
01 37363708  KN190  M  NEFROTAL 100MG. X14CO                       2      1300      1300       000      2600       000  000  000  000  000  000         2  7591955558256       21327792       21327792   515790220002  N  0                          0016 01/03/2024       USD          281          563          462
01 37363708  ZU001  C  IODINEX JABON LIQ. 120ML.                   2      2051      2051       000      4102       000  000  000  000  000  000         3  7595248000033       21328272       21328272   515790220003  N  0                       0200543 01/04/2026       USD          444          888          462
01 37363708  ZU002  C  IODINEX SOL.BACTE. 120ML.                   2      2051      2051       000      4102       000  000  000  000  000  000         3  7595248000040       21328272       21328272   515790220003  N  0                       0200544 01/04/2026       USD          444          888          462
02 37363708         59         88865         23274           206        112345    0    0    0  000    0    0    0   21/01/2022 02:02:32 p.m.   PR           000           000             0            25           USD          462        24273
