01 37368809  LN001  M  ACICLOVIR LN CR.TOP.20GR.                   2      1960      1960       000      3920       000  000  000  000  000  000         1  7592348201117       21332014       21332014   515850290001  N  0                       2104103 01/04/2024       USD          427          854          459
01 37368809  15444  M  ACICLOVIR SGG5% CR. 20GR.                   2      1125      1125       000      2250       000  000  000  000  000  000         1  7596347802993       21332014       21332014   515850290001  N  0                       04V1023 01/10/2023       USD          245          490          459
01 37368809  GF109  M  AZITROMICINA GF PPSO15ML.                   7      2074      2074       000     14518       000  000  000  000  000  000         1  7702605150304       21332014       21332014   515850290001  N  0                       B02181D 01/09/2023       USD          452         3163          459
01 37368809  PO180  M  BACTRON SUSP. 100ML.                        2      1456      1456       000      2912       000  000  000  000  000  000         1  7592806122015       21332014       21332014   515850290001  N  0                        110176 01/10/2026       USD          317          634          459
01 37368809  15910  M  CEFIXIMA CLEO400MG. X10TA                   1      5868      5868       000      5868       000  000  000  000  000  000         1  7598677000230       21333127       21333127   515850290001  N  0                      21B53701 01/06/2023       USD         1278         1278          459
01 37368809  SP730  M  CETIRIZINA SP 10MG. X10CO                   6       640       640       000      3840       000  000  000  000  000  000         1  7590027001317       21333127       21333127   515850290001  N  0                           441 01/04/2023       USD          139          837          459
01 37368809  16026  M  CLAVUMEDC 500/125MG X10TA                   4      2790      2790       000     11160       000  000  000  000  000  000         1  7597285000397       21332675       21332675   515850290001  N  0                       2103301 01/03/2024       USD          608         2431          459
01 37368809  16566  M  DEXAMETASONA PORT 4MG X10                   1      6150      6150       000      6150       000  000  000  000  000  000         1  7750215026502       21332014       21332014   515850290001  N  0                       2013181 01/01/2024       USD         1340         1340          459
01 37368809  11136  M  FLOMED SOL.TOP.BUCAL180ML                   2       878       878       000      1756       000  000  000  000  000  000         1  7591062901365       21332014       21332014   515850290001  N  0                        20141A 01/11/2022       USD          191          383          459
01 37368809  NQ350  A  L-CARNITINA VAL500 X30CA                    4      3376      3376       000     13504       000  000  000  000  000  000         1   714439705527       21332014       21332014   515850290001  N  0                        590521 01/05/2025       USD          736         2942          459
01 37368809  14908  M  METROHEM 500MG SPI 100ML.                   6       501       501       000      3006       000  000  000  000  000  000         1  7597767000693       21332014       21332014   515850290001  N  0                        E11015 01/10/2022       USD          109          655          459
01 37368809  12802  M  METRONIDAZOL 500MG X100TA                   1      2633      2925       292      2633       000  000  000 1000  000  000         1  7702184010181       21332675       21332675   515850290001  N  0                       B070098 01/06/2023       USD          574          574          459
01 37368809  DP485  M  METRONIDAZOL DP 250 120CC.                  2      1814      1950       272      3628       000  000  000  700  000  000         1  7592616383019       21332014       21332014   515850290001  N  0                        10863B 01/09/2023       USD          395          790          459
01 37368809  16257  M  METRONIDAZOL KMP125 SO100                   2      1252      1252       000      2504       000  000  000  000  000  000         1  6942189304316       21332675       21332675   515850290001  N  0                        210390 01/03/2024       USD          273          546          459
01 37368809  15230  M  METRONIDAZOL LAND500 10TV                   2      1369      1369       000      2738       000  000  000  000  000  000         1  7598008000939       21333127       21333127   515850290001  N  0                         T9480 01/02/2024       USD          298          597          459
01 37368809  14955  M  METRONIDAZOL PORT500 10OV                   2      2223      2223       000      4446       000  000  000  000  000  000         1  7750215001806       21333127       21333127   515850290001  N  0                       2097271 01/09/2024       USD          484          969          459
01 37368809  12883  M  ODICA 75MG. X28CO                           2      1521      2535      2028      3042       000  000  000 4000  000  000         1  7401078920376       21332014       21332014   515850290001  N  0                        N08217 01/08/2023       USD          331          663          459
01 37368809  12394  M  THYRONA 100MCG X100TA                       6      1791      1791       000     10746       000  000  000  000  000  000         1  8904307700866       21332675       21332675   515850290001  N  0                      TT730007 01/08/2023       USD          390         2341          459
01 37368809  DP375  M  TRIMETOPRIM-S DP SUSP.60                    2      1562      1680       236      3124       000  000  000  700  000  000         1  7592616546018       21332014       21332014   515850290001  N  0                         10974 01/10/2023       USD          340          681          459
01 37368809  12396  M  WELLOVIR 5% CREMA 5GR                       3       662       662       000      1986       000  000  000  000  000  000         1  8904307701047       21332014       21332014   515850290001  N  0                         11001 01/09/2024       USD          144          433          459
02 37368809         59        103731           000           000        103731    0    0    0  000    0    0    0   25/01/2022 03:37:20 p.m.   PR           000           000             0            20           USD          459        22599
