01 37363627  GQ324  M  AMPICILINA ELTER250 60ML.                   3       958      1369      1233      2874       000  000  000 3000  000  000         1  7703763875993       21327792       21327792   515790260001  N  0                       3279156 01/11/2023       USD          207          622          462
01 37363627  12543  M  ATOVAROL 20MG X14CA                         6       887      1408      3126      5322       000  000  000 3700  000  000         1  7592432901435       21327792       21327792   515790260001  N  0                        200237 01/09/2022       USD          192         1152          462
01 37363627  VP042  M  ATOVAROL 20MG. X30CA                        2      2015      2428       826      4030       000  000  000 1700  000  000         1  7592432900148       21327792       21327792   515790260001  N  0                        210191 01/06/2023       USD          436          872          462
01 37363627  12544  M  ATOVAROL 40MG X14CA                         2      1360      2159      1598      2720       000  000  000 3700  000  000         1  7592432901442       21327792       21327792   515790260001  N  0                        210051 01/03/2023       USD          294          589          462
01 37363627  15399  M  CANDESARTAN LS8MG. X10TA                    3       829       829       000      2487       000  000  000  000  000  000         1  7592454003360       21328188       21328188   515790260001  N  0                       3271804 01/07/2023       USD          179          538          462
01 37363627  GQ719  M  CLOTRI-NEO-DEXA ELTER20GR                   2      2490      2490       000      4980       000  000  000  000  000  000         1  7703763300051       21328039       21328039   515790260001  N  0                       3273470 01/08/2024       USD          539         1078          462
01 37363627  MK027  M  DEFLAZACORT +MK 6MG. X10                    2      1876      2207       662      3752       000  000  000 1500  000  000         1  7591519008197       21328188       21328188   515790260001  N  0                         32280 01/09/2024       USD          406          812          462
01 37363627  14107  M  GENTAM+BETAM+CLOTRIX30CR                    6      1183      1183       000      7098       000  000  000  000  000  000         1  6930169708162       21328039       21328039   515790260001  N  0                        210215 01/02/2024       USD          256         1536          462
01 37363627  MK028  M  LANSOPRAZOL +MK30MG.X28CA                   2      2275      2275       000      4550       000  000  000  000  000  000         1  7591519001624       21328188       21328188   515790260001  N  0                         32077 01/06/2024       USD          492          985          462
01 37363627  AH295  M  LASIX 20MG. X24CO                           3      1318      1318       000      3954       000  000  000  000  000  000         1  7592205000037       21328188       21328188   515790260001  N  0                         32091 01/06/2024       USD          285          856          462
01 37363627  14918  M  LEVOSULPIRIDE LS25 X30TA                    1      1660      1660       000      1660       000  000  000  000  000  000         1  7592454889995       21328039       21328039   515790260001  N  0                       3272662 01/08/2023       USD          359          359          462
01 37363627  MK805  M  LORATADINA +MK 10MG.X10TA                  12       472       524       624      5664       000  000  000 1000  000  000         1  7591519000788       21328272       21328272   515790260001  N  0                         32415 01/11/2024       USD          102         1226          462
01 37363627  MY134  M  MUPROBAN 2% UNG. 15GR.                      2      1950      1950       000      3900       000  000  000  000  000  000         1  7592601101093       21327792       21327792   515790260001  N  0                        132806 01/10/2023       USD          422          844          462
02 37363627         46         52991           000           000         52991    0    0    0  000    0    0    0   21/01/2022 01:41:53 p.m.   PR           000           000             0            13           USD          462        11470
