01 37369145  12137  M  ATENOLOL BM100MG. X100TA                    2      1673      1673       000      3346       000  000  000  000  000  000         1  6930169708063       21332014       21332014   515850330001  N  0                        190446 01/03/2022       USD          364          729          459
01 37369145  12139  M  CAPTOPRIL BM25MG. X100TA                    1      1673      1673       000      1673       000  000  000  000  000  000         1  6930169708056       21332014       21332014   515850330001  N  0                        190445 01/03/2022       USD          364          364          459
01 37369145  14107  M  GENTAM+BETAM+CLOTRIX30CR                   11      1183      1183       000     13013       000  000  000  000  000  000         1  6930169708162       21332014       21332014   515850330001  N  0                        210215 01/02/2024       USD          258         2835          459
01 37369145  AP310  M  LIPONTAL 900MG. X10TA                       1      1690      1690       000      1690       000  000  000  000  000  000         1  7592601200239       21332014       21332014   515850330001  N  0                        124604 01/09/2023       USD          368          368          459
01 37369145  14861  M  LORATADINA JL10MG. X10TA                   12       580       580       000      6960       000  000  000  000  000  000         1  7598650000462       21332014       21332014   515850330001  N  0                         T9840 01/05/2024       USD          126         1516          459
01 37369145  MK100  M  RISPERIDONA +MK TAB.2MG.X20                 3      1382      1382       000      4146       000  000  000  000  000  000         1  7591519009255       21332675       21332675   515850330001  N  0                         32050 01/07/2023       USD          301          903          459
01 37369145  15082  M  SANA 2% CR.VAG. 20GR.                       6      1403      1403       000      8418       000  000  000  000  000  000         1  7598127001091       21332014       21332014   515850330001  N  0                        210310 01/03/2024       USD          306         1834          459
01 37369145  AP230  M  FERROCE B12 JBE. 120ML.                     1      1528      1528       000      1528       000  000  000  000  000  000         2  7592601200147       21332014       21332014   515850330002  N  0                        003302 01/05/2022       USD          333          333          459
01 37369145  MO009  M  HEPAFOL JARABE 120ML.                       1      2470      2470       000      2470       000  000  000  000  000  000         2  7592601301592       21332014       21332014   515850330002  N  0                        135201 01/05/2023       USD          538          538          459
01 37369145  AP270  M  IBUTAN 100MG. SUSP.60ML.                    3       858       858       000      2574       000  000  000  000  000  000         2  7592601200192       21332014       21332014   515850330002  N  0                        022501 01/10/2024       USD          187          561          459
02 37369145         41         45818           000           000         45818    0    0    0  000    0    0    0   25/01/2022 04:28:58 p.m.   PR           000           000             0            10           USD          459         9982
