01 37372022  14780  M  ATORVASTATINA DAC40 X30TA                   3      1973      1973       000      5919       000  000  000  000  000  000         1  7598578000254       21334503       21334503   515873290001  N  0                          V227 01/05/2024       USD          430         1290          459
01 37372022  15151  M  ATORVASTATINA PORT20 X100                   1      5280      7040      1760      5280       000  000  000 2500  000  000         1  7750215005682       21334503       21334503   515873290001  N  0                       2044761 01/04/2024       USD         1150         1150          459
01 37372022  PO175  M  BACITRACINA PO UNG. 15GR.                   3       988       988       000      2964       000  000  000  000  000  000         1  7592806141016       21334403       21334403   515873290001  N  0                        108140 01/08/2024       USD          215          646          459
01 37372022  PO180  M  BACTRON SUSP. 100ML.                        6      1456      1456       000      8736       000  000  000  000  000  000         1  7592806122015       21333765       21333765   515873290001  N  0                        110176 01/10/2026       USD          317         1903          459
01 37372022  15330  M  BETAMETASONA LAND4 X10A                     2      2246      2246       000      4492       000  000  000  000  000  000         1  7598008000779       21334503       21334503   515873290001  N  0                       BT12103 01/03/2023       USD          489          979          459
01 37372022  LO484  M  CLARIX SOL.NASAL AD.15ML.                   2      1318      1318       000      2636       000  000  000  000  000  000         1  7591196003171       21333998       21333998   515873290001  N  0                        111245 01/11/2026       USD          287          574          459
01 37372022  14694  M  DEXAMETASONA KMP4 1ML.10A                   3      1693      1693       000      5079       000  000  000  000  000  000         1  6942189211256       21334503       21334503   515873290001  N  0                        210791 01/07/2024       USD          369         1107          459
01 37372022  15899  M  DEXAMETASONA RONA8 X10A                     3      1872      1872       000      5616       000  000  000  000  000  000         1  7598295000049       21334403       21334403   515873290001  N  0                        200545 01/04/2023       USD          408         1224          459
01 37372022  16189  N  GLUCOSAMINE ET2850 X90CA                    2      3768      4433      1330      7536       000  000  000 1500  000  000         1   787790468653       21333998       21333998   515873290001  N  0                         11761 01/07/2024       USD          821         1642          459
01 37372022  LN155  M  LISOMUCIN 4MG. JBE.120ML.                   6      1239      1239       000      7434       000  000  000  000  000  000         1  7592348218009       21333998       21333998   515873290001  N  0                       2106006 01/06/2026       USD          270         1620          459
01 37372022  LO439  M  LORATADINA LO 10MG. X10TA                   2       459       459       000       918       000  000  000  000  000  000         1  7591196002990       21333998       21333998   515873290001  N  0                       I111250 01/11/2023       USD          100          200          459
01 37372022  15177  C  MENTOL DAVIS EUCAL30G.TAR                   2       850       850       000      1700       272  000  000  000  000  000         1  7594001564003       21333765       21333765   515873290001  N  0                        210561 01/10/2024       USD          185          370          459
01 37372022  KN430  M  NEFROTAL H 100/12,5 X30CO                   2      2860      2860       000      5720       000  000  000  000  000  000         1  7591955558287       21334503       21334503   515873290001  N  0                          0027 01/08/2024       USD          623         1246          459
01 37372022  14300  M  NEUMOCORT INH.200MCGX200D                   2      4908      4908       000      9816       000  000  000  000  000  000         1  7795373012912       21334552       21334552   515873290001  N  0                           208 01/08/2023       USD         1069         2139          459
01 37372022  14377  M  TRIMIC FORTE L OV.VAG. X7                   3      2600      2600       000      7800       000  000  000  000  000  000         1  8906009238555       21334403       21334403   515873290001  N  0                      K2AJG009 01/08/2022       USD          566         1699          459
01 37372022  PD280  M  CLENBUNAL JBE.PED. 120CC.                   2      1690      1690       000      3380       000  000  000  000  000  000         2  7591955000113       21334403       21334403   515873290002  N  0                          0072 01/04/2025       USD          368          736          459
02 37372022         44         83326          1700           272         85298    0    0    0  000    0    0    0   26/01/2022 02:58:48 p.m.   PR           000           000             0            16           USD          459        18524
