01 37377746  16115  N  CITRATO P. FSI10,8% 950                     6      3164      3164       000     18984       000  000  000  000  000  000         1  7592368003272       21337973       21337973   515925620001  N  0                       1021003 01/10/2022       USD          691         4145          458
01 37377746  CO265  M  CLORACE 500MG/4MG X10TA                     6      1156      1217       366      6936       000  000  000  500  000  000         1  7591818116043       21337973       21337973   515925620001  N  0                         10219 01/07/2024       USD          252         1514          458
01 37377746  KN340  M  CURPINOL 6,25MG. X30CO                      3      1950      1950       000      5850       000  000  000  000  000  000         1  7591955558218       21337792       21337792   515925620001  N  0                          0032 01/06/2024       USD          426         1277          458
01 37377746  KF190  M  DERMAZOL 0,05% CR.30GR.                     1      2600      2600       000      2600       000  000  000  000  000  000         1  7591619519036       21337792       21337792   515925620001  N  0                          0067 01/10/2023       USD          568          568          458
01 37377746  10797  M  DERMAZOL 0,05% L.CAP.25ML                   2      2600      2600       000      5200       000  000  000  000  000  000         1  7591619519098       21337461       21337461   515925620001  N  0                          0021 01/09/2023       USD          568         1135          458
01 37377746  KL249  M  DERMOSUPRIL 0,1%CR. 15GR.                   2      2860      2860       000      5720       000  000  000  000  000  000         1  7591619000985       21337792       21337792   515925620001  N  0                          0001 01/06/2026       USD          624         1249          458
01 37377746  16401  M  DIOSMINA+HESPE 50MGX30TA                    2      4660      5482      1644      9320       000  000  000 1500  000  000         1  7598252000143       21337309       21337309   515925620001  N  0                        210902 01/09/2024       USD         1017         2035          458
01 37377746  15258  M  DOZHER 10MG. X30CO                          1      6941      6941       000      6941       000  000  000  000  000  000         1  0781100195710       21337309       21337309   515925620001  N  0                         13563 01/08/2023       USD         1516         1516          458
01 37377746  15954  M  FEXOMAC 120MG. X10TA                        2      1309      1309       000      2618       000  000  000  000  000  000         1  8901463131190       21337309       21337309   515925620001  N  0                      FFS2101A 01/04/2023       USD          286          572          458
01 37377746  CO520  M  KATIVIL SOL.ORAL 120ML.                     2      2769      2915       292      5538       000  000  000  500  000  000         1  7591818111147       21337461       21337461   515925620001  N  0                         10391 01/09/2024       USD          605         1209          458
01 37377746  SP760  M  KETOPROFENO SP100MG.X10CO                   6       689       689       000      4134       000  000  000  000  000  000         1  7590027001362       21337973       21337973   515925620001  N  0                           951 01/07/2023       USD          150          903          458
01 37377746  14378  M  LOFNAC-50MG. X10 SUPOS.                     3      1950      1950       000      5850       000  000  000  000  000  000         1  8906009232256       21337973       21337973   515925620001  N  0                      K1ABM010 01/07/2023       USD          426         1277          458
01 37377746  16432  M  LOSARTAN P.BM50MG. X30TA                    3       811       811       000      2433       000  000  000  000  000  000         1  7598127001152       21337309       21337309   515925620001  N  0                        211027 01/10/2024       USD          177          531          458
01 37377746  LO134  M  OCUPRED 1% SUSP.OFT. 5ML.                   3      1169      1169       000      3507       000  000  000  000  000  000         1  7591196002242       21337792       21337792   515925620001  N  0                        111867 01/11/2023       USD          255          766          458
01 37377746  KL844  M  POENGATIF SOL.OFT. 5CC.                     2      2860      2860       000      5720       000  000  000  000  000  000         1  7795368055252       21337461       21337461   515925620001  N  0                         00074 01/04/2022       USD          624         1249          458
01 37377746  PA045  M  PROPRANOLOL 40MG. X20TA                     2      1629      1629       000      3258       000  000  000  000  000  000         1  7591243843101       21337461       21337461   515925620001  N  0                       9201402 01/04/2024       USD          356          711          458
01 37377746  14737  M  STONEX 10MEQ X30TA                          2      4277      4752       950      8554       000  000  000 1000  000  000         1   712155555723       21337792       21337792   515925620001  N  0                       K21A445 01/11/2024       USD          934         1868          458
01 37377746  12551  M  SUEROLITO 75MEQ FRESA400                    2      1300      1300       000      2600       000  000  000  000  000  000         1  7597767000020       21337309       21337309   515925620001  N  0                        1012F1 01/12/2023       USD          284          568          458
01 37377746  12552  M  SUEROLITO 75MEQ UVA400                      2      1300      1300       000      2600       000  000  000  000  000  000         1  7597767000037       21337309       21337309   515925620001  N  0                        0912U1 01/12/2023       USD          284          568          458
01 37377746  12550  M  SUEROLITO 75MEQ+Z COCO40                    2      1300      1300       000      2600       000  000  000  000  000  000         1  7597767000013       21337309       21337309   515925620001  N  0                         268C1 01/08/2023       USD          284          568          458
01 37377746  13052  M  GENODERM 2N00/0N035 X21CO                   2      4030      4030       000      8060       000  000  000  000  000  000         2  7730564249029       21337309       21337309   515925620002  N  0                         41961 01/05/2024       USD          880         1760          458
01 37377746  11600  C  BARR DER.BIOS P.GRASA 90                    3       601       601       000      1803       288  000  000  000  000  000         3  7595481000234       21337309       21337309   515925620003  N  0                        211005 01/10/2025       USD          131          394          458
01 37377746  12678  M  METRONIDAZOL 500 I.V100ML                  12       452       452       000      5424       000  000  000  000  000  000         4  7597285000021       21337309       21337309   515925620004  N  0                        210375 01/03/2024       USD          099         1184          458
01 37377746  ED384  M  MUCLAR JBE. 30/5MG  60ML                    2      1690      1690       000      3380       000  000  000  000  000  000         4  7592803002402       21337461       21337461   515925620004  N  0                       2108611 01/09/2023       USD          369          738          458
02 37377746         73        127827          1803           288        129918    0    0    0  000    0    0    0   28/01/2022 05:05:30 p.m.   PR           000           000             0            24           USD          458        28303
