01 37396308  VA012  M  ANTIFOM 40MG. X10CO                         3      1797      1797       000      5391       000  000  000  000  000  000         1  7592349722925       21353720       21353720   516124850001  N  0                       2110019 01/10/2023       USD          400         1201          449
01 37396308  14540  M  ATORVASTATINA LAND40 X100                   1      5013      5013       000      5013       000  000  000  000  000  000         1  7598008000199       21352846       21352846   516124850001  N  0                     TA1980001 01/06/2024       USD         1116         1116          449
01 37396308  15330  M  BETAMETASONA LAND4 X10A                     1      1879      1879       000      1879       000  000  000  000  000  000         1  7598008000779       21352846       21352846   516124850001  N  0                       BT12103 01/03/2023       USD          418          418          449
01 37396308  VC310  M  BEVINDAZOL400 SUSP.10ML                    24       351       468      2808      8424       000  000  000 2500  000  000         1  7592782000055       21353720       21353720   516124850001  N  0                       2160014 01/08/2023       USD          078         1876          449
01 37396308  16033  M  CIPROFLOXACI IPS200 100ML                  12       671       671       000      8052       000  000  000  000  000  000         1  7597285000373       21352846       21352846   516124850001  N  0                        210369 01/03/2024       USD          149         1793          449
01 37396308  GP220  M  DALTAZEN 60MG. X20CO                        2      4030      4030       000      8060       000  000  000  000  000  000         1  7594000490303       21353720       21353720   516124850001  N  0                          0054 01/10/2023       USD          898         1795          449
01 37396308  KF190  M  DERMAZOL 0,05% CR.30GR.                     1      2600      2600       000      2600       000  000  000  000  000  000         1  7591619519036       21352846       21352846   516124850001  N  0                          0067 01/10/2023       USD          579          579          449
01 37396308  LN105  C  DIADEX CREMA 50GR.                          2       748       748       000      1496       239  000  000  000  000  000         1  7592348208017       21353720       21353720   516124850001  N  0                      31520007 01/11/2023       USD          167          333          449
01 37396308  15022  M  DICLOFENAC S.KMP100 X5SUP                   2       608       608       000      1216       000  000  000  000  000  000         1  6942189211287       21352846       21352846   516124850001  N  0                        201159 01/11/2023       USD          135          271          449
01 37396308  11423  M  HIDROCLOROTI GN12,5 X30CO                   3      1637      1637       000      4911       000  000  000  000  000  000         1  7591585172686       21353720       21353720   516124850001  N  0                           026 01/09/2023       USD          365         1094          449
01 37396308  15041  C  MASCARILLA MEONSYE X50U                     2      3445      3445       000      6890       000  000  000  000  000  000         1  6956393475083       21353720       21353720   516124850001  N  0                       2020F06 01/10/2022       USD          767         1535          449
01 37396308  FF210  M  MATERNAVIT CAPS.BLAN. X30                   2      4752      4752       000      9504       000  000  000  000  000  000         1  7591096000102       21352846       21352846   516124850001  N  0                      15F21X24 01/05/2023       USD         1058         2117          449
01 37396308  15053  M  MEROPENEM GP1G.IV PPSI 1A                   4      3900      3900       000     15600       000  000  000  000  000  000         1  7598658000013       21352846       21352846   516124850001  N  0                     EMPBF4421 01/05/2023       USD          869         3474          449
01 37396308  ED470  M  NEMODINE 30MG. X20CO                        2      2275      2275       000      4550       000  000  000  000  000  000         1  7592803000798       21353720       21353720   516124850001  N  0                       2110659 01/11/2024       USD          507         1013          449
01 37396308  15754  M  OMEPRAZOL BRIX40 10B.10CA                   1      2558      2558       000      2558       000  000  000  000  000  000         1  8906130230091       21352846       21352846   516124850001  N  0                       KE21387 01/08/2023       USD          570          570          449
01 37396308  KL015  M  RISPERID 1MG. X30CO                         2      1950      1950       000      3900       000  000  000  000  000  000         1  7591619518565       21353720       21353720   516124850001  N  0                          0005 01/06/2024       USD          434          869          449
02 37396308         64         81658          8386           239         90283    0    0    0  000    0    0    0   09/02/2022 11:54:27 a.m.   PR           000           000             0            16           USD          449        20054
