01 37414878  13642  M  ATENOLOL 50MG X30 TAB BUK                   2       728       728       000      1456       000  000  000  000  000  000         1  0675696259966       21369188       21369188   516312280001  N  0                        ANL701 01/11/2023       USD          165          330          441
01 37414878  14823  M  ATENOLOL JL100MG. X10TA                     6       369       369       000      2214       000  000  000  000  000  000         1  7598650000141       21369188       21369188   516312280001  N  0                         T8817 01/06/2023       USD          084          502          441
01 37414878  14540  M  ATORVASTATINA LAND40 X100                   1      5013      5013       000      5013       000  000  000  000  000  000         1  7598008000199       21369188       21369188   516312280001  N  0                     TA1980001 01/06/2024       USD         1137         1137          441
01 37414878  14544  M  CAPTOPRIL LAND25 X100TA                     1      2491      2491       000      2491       000  000  000  000  000  000         1  7598008000236       21369188       21369188   516312280001  N  0                     TC1950001 01/06/2024       USD          565          565          441
01 37414878  12016  M  CARBAMAZEPINA DAC200 X20                    6      1299      1299       000      7794       000  000  000  000  000  000         1  7598578000063       21369500       21369500   516312280001  N  0                          V216 01/05/2024       USD          295         1767          441
01 37414878  12025  M  CEFADROXILO DAC500 X10TA                    4      1563      1563       000      6252       000  000  000  000  000  000         1  7598578000070       21369500       21369500   516312280001  N  0                          V502 01/08/2023       USD          354         1418          441
01 37414878  14838  M  CLOTRIMAZOL JL1% CR.20GR.                   6      1114      1114       000      6684       000  000  000  000  000  000         1  7598650000257       21369500       21369500   516312280001  N  0                          2728 01/07/2023       USD          253         1516          441
01 37414878  15631  M  CLOTRIMAZOL KMP1%CR. 20GR                   6       694       694       000      4164       000  000  000  000  000  000         1  6942189211331       21369500       21369500   516312280001  N  0                        210718 01/07/2024       USD          157          944          441
01 37414878  PA050  M  ERILON 0,05% CREMA 15GR.                    2      1890      1890       000      3780       000  000  000  000  000  000         1  7591243815757       21369358       21369358   516312280001  N  0                       9279902 01/09/2023       USD          429          857          441
01 37414878  VC215  M  FUGOLIN CR. 20 GR.                          2      1560      1560       000      3120       000  000  000  000  000  000         1  7592782000130       21369358       21369358   516312280001  N  0                       2180005 01/08/2023       USD          354          707          441
01 37414878  16539  M  GESTASYN100 X10T ORA-VAG.                   3      3250      3250       000      9750       000  000  000  000  000  000         1  8904250520665       21369188       21369188   516312280001  N  0                    E1S2HTA015 01/08/2023       USD          737         2211          441
01 37414878  HH260  M  GLENLIPID TAB. 100MG. X30                   1      2067      2067       000      2067       000  000  000  000  000  000         1  8904091150397       21369500       21369500   516312280001  N  0                      10201930 01/09/2022       USD          469          469          441
01 37414878  14782  M  IBUPRO-TIOCOL DAC600-4X10                   6      1563      1563       000      9378       000  000  000  000  000  000         1  7598578000247       21369358       21369358   516312280001  N  0                          V223 01/05/2024       USD          354         2127          441
01 37414878  VA551  M  KETAZOL 20MG. CREMA 15GR.                   4      1396      1396       000      5584       000  000  000  000  000  000         1  7592349429787       21369188       21369188   516312280001  N  0                       2111540 01/11/2026       USD          317         1266          441
01 37414878  EL070  M  MYCOFENTIN 2% CR.TOP.20GR                   2      1474      1474       000      2948       000  000  000  000  000  000         1  7591062010128       21369188       21369188   516312280001  N  0                        20078A 01/07/2023       USD          334          668          441
01 37414878  FA449  M  NORMIX TAB. 200MG. X12                      2      6143      6143       000     12286       000  000  000  000  000  000         1  7592229003250       21369358       21369358   516312280001  N  0                         22425 01/05/2023       USD         1393         2786          441
01 37414878  14737  M  STONEX 10MEQ X30TA                          2      4277      4752       950      8554       000  000  000 1000  000  000         1   712155555723       21369188       21369188   516312280001  N  0                       K21A445 01/11/2024       USD          970         1940          441
01 37414878  LT930  M  VIASEK 50MG. X2CO                          12       820       820       000      9840       000  000  000  000  000  000         1  7591585111005       21369188       21369188   516312280001  N  0                           095 01/07/2024       USD          186         2231          441
01 37414878  10615  N  CITRATO POTASIO10,8%FS240                   3      1594      1594       000      4782       000  000  000  000  000  000         2  7592368003449       21369358       21369358   516312280002  N  0                       1121054 01/11/2022       USD          361         1084          441
02 37414878         71        108157           000           000        108157    0    0    0  000    0    0    0   22/02/2022 9:08:43 a. m.   PR           000           000             0            19           USD          441        24525
