01 37423351  14499  M  ACICLOVIR LAND200 X100TA                    1      5013      5013       000      5013       000  000  000  000  000  000         1  7598008000090       21377253       21377253   516401750001  N  0                         T9017 01/09/2023       USD         1142         1142          439
01 37423351  14501  M  ALBENDAZOL LAND200 X100TM                   2      3721      3721       000      7442       000  000  000  000  000  000         1  7598008000106       21377198       21377198   516401750001  N  0                     TA1970001 01/06/2024       USD          848         1695          439
01 37423351  13895  M  AMOXI+AC POR250/62.5 60ML                   2      3335      3335       000      6670       000  000  000  000  000  000         1  7750215007204       21377134       21377134   516401750001  N  0                       2096161 01/09/2023       USD          760         1519          439
01 37423351  14784  M  ASARAP 10MG. X20CO                          2      6962      6962       000     13924       000  000  000  000  000  000         1  7591585113351       21377134       21377134   516401750001  N  0                           005 01/10/2023       USD         1586         3172          439
01 37423351  14549  M  CARVEDILOL LAND6.25X100TA                   2      3342      3342       000      6684       000  000  000  000  000  000         1  7598008000250       21377198       21377198   516401750001  N  0                     TC2120001 01/09/2024       USD          761         1523          439
01 37423351  13713  M  CEFADROXILO POL.PS 80ML                     2      2288      2288       000      4576       000  000  000  000  000  000         1  7702605160525       21377153       21377153   516401750001  N  0                       20GE020 01/05/2023       USD          521         1042          439
01 37423351  16145  N  CITRATO POT. FG10,8% 500                    6      2012      2012       000     12072       000  000  000  000  000  000         1   112345202237       21377134       21377134   516401750001  N  0                          2531 01/11/2024       USD          458         2750          439
01 37423351  14381  M  CLOTRIMAZ TIA100 X6TA.VAG                   6      1040      1040       000      6240       000  000  000  000  000  000         1  8904187829503       21377117       21377117   516401750001  N  0                         T9910 01/06/2024       USD          237         1421          439
01 37423351  QR350  M  DAFLON 500MG. X60CO                         1     16162     16162       000     16162       000  000  000  000  000  000         1  7592788000585       21377134       21377134   516401750001  N  0                       6025251 01/11/2023       USD         3682         3682          439
01 37423351  KL799  M  DERMACORTINE CR.0,1% 15GR.                  1      3120      3120       000      3120       000  000  000  000  000  000         1  7703281008415       21377153       21377153   516401750001  N  0                        S07718 01/06/2025       USD          711          711          439
01 37423351  16453  M  DICLOFENAC S.BRI100 10X10                   1      2309      2309       000      2309       000  000  000  000  000  000         1  8906130230978       21377134       21377134   516401750001  N  0                       KE21123 01/04/2024       USD          526          526          439
01 37423351  KL804  M  FARBICIL LOC.1% 30CC.                       1      2470      2470       000      2470       000  000  000  000  000  000         1  7591619520384       21377253       21377253   516401750001  N  0                          0007 01/04/2024       USD          563          563          439
01 37423351  14562  M  GLIMEPIRIDE LAND2MG. X100                   1      2838      2838       000      2838       000  000  000  000  000  000         1  7598008000427       21377134       21377134   516401750001  N  0                         T9667 01/03/2024       USD          646          646          439
01 37423351  14563  M  GLIMEPIRIDE LAND4MG. X100                   1      3468      3468       000      3468       000  000  000  000  000  000         1  7598008000434       21377134       21377134   516401750001  N  0                      TG440001 01/10/2023       USD          790          790          439
01 37423351  11351  M  MADECASSOL 1% UNG. 10GR.                    2      2168      2168       000      4336       000  000  000  000  000  000         1  7592348413824       21377134       21377134   516401750001  N  0                       2109025 01/09/2026       USD          494          988          439
01 37423351  12186  M  MAXTHIO 4MG/2ML. IM X6A                     5      3349      3349       000     16745       000  000  000  000  000  000         1  8699525755247       21377101       21377101   516401750001  N  0                       A096718 01/09/2024       USD          763         3814          439
01 37423351  16618  M  NEUMOCORT +AERO200 200D.                    2      6026      6026       000     12052       000  000  000  000  000  000         1  7795373022362       21377134       21377134   516401750001  N  0                           202 01/06/2023       USD         1373         2745          439
01 37423351  16088  M  PRAZOMEDC 20MG.10B. X10CA                   3      2488      2488       000      7464       000  000  000  000  000  000         1  7597285000410       21377117       21377117   516401750001  N  0                       2103303 01/03/2024       USD          567         1700          439
01 37423351  14888  M  SACAROSA HIERRO JL20 X1A                    6      1316      1316       000      7896       000  000  000  000  000  000         1  7598650000424       21377198       21377198   516401750001  N  0                        N18028 01/03/2024       USD          300         1799          439
01 37423351  GE460  M  TETRALYSAL 300MG. X16CA                     1     11499     11499       000     11499       000  000  000  000  000  000         1  3499320002325       21377283       21377283   516401750001  N  0                           904 01/08/2024       USD         2619         2619          439
02 37423351         48        152980           000           000        152980    0    0    0  000    0    0    0   27/02/2022 10:21:10 a. m.   PR           000           000             0            20           USD          439        34847
