01 37424204  LO504  M  ACETAB 250MG. X20TA                         2      2902      2902       000      5804       000  000  000  000  000  000         1  7591196004802       21377101       21377101   516401780001  N  0                       I101222 01/10/2023       USD          661         1322          439
01 37424204  11795  M  AFLAMAX 50MG. X10TA                        12       410       512      1224      4920       000  000  000 2000  000  000         1  7591196007186       21377134       21377134   516401780001  N  0                       I012298 01/01/2024       USD          093         1121          439
01 37424204  12827  M  ALBENDAZOL PX 200MG X2TA                    6       348       348       000      2088       000  000  000  000  000  000         1  7594001100263       21377198       21377198   516401780001  N  0                          6120 01/04/2023       USD          079          476          439
01 37424204  12570  M  BUDECORT SOL.P INHAL10ML.                   4      2194      2194       000      8776       000  000  000  000  000  000         1  7591196007162       21377198       21377198   516401780001  N  0                        111256 01/11/2023       USD          500         1999          439
01 37424204  VM464  M  CANDER 16MG. X30TA                          2      3396      3396       000      6792       000  000  000  000  000  000         1  7591020008303       21377134       21377134   516401780001  N  0                           163 01/01/2026       USD          774         1547          439
01 37424204  VM469  M  CANDER 8MG. X30TA                           3      2354      2354       000      7062       000  000  000  000  000  000         1  7591020008297       21377134       21377134   516401780001  N  0                           169 01/10/2025       USD          536         1609          439
01 37424204  LO484  M  CLARIX SOL.NASAL AD.15ML.                   2      1595      1595       000      3190       000  000  000  000  000  000         1  7591196003171       21377253       21377253   516401780001  N  0                       I031756 01/03/2026       USD          363          727          439
01 37424204  16248  M  CLINDAMICINA NIO300 X10CA                   2      2535      2535       000      5070       000  000  000  000  000  000         1  7598869000307       21377253       21377253   516401780001  N  0                     CSB012104 01/07/2023       USD          577         1155          439
01 37424204  VM494  M  DUROVAL 50MG. X10TA                        12      2197      2197       000     26364       000  000  000  000  000  000         1  7591020008440       21377134       21377134   516401780001  N  0                           642 01/08/2026       USD          500         6005          439
01 37424204  13761  M  METFORM. 850MGX10BLISX10T                   1      3270      3270       000      3270       000  000  000  000  000  000         1  7753820001889       21377117       21377117   516401780001  N  0                        210413 01/04/2024       USD          745          745          439
01 37424204  11435  M  PROPRANOLOL PX 40MG.X20CO                   6       624       624       000      3744       000  000  000  000  000  000         1  7594001100171       21377134       21377134   516401780001  N  0                          6186 01/12/2024       USD          142          853          439
01 37424204  13554  M  SYNARTROS 60 MGX10 TAB                      2      1403      1559       312      2806       000  000  000 1000  000  000         1  7593090001338       21377134       21377134   516401780001  N  0                        ZT9168 01/02/2024       USD          320          639          439
01 37424204  VM033  M  TADAFOX 5MG. X30TA                          6      1533      1533       000      9198       000  000  000  000  000  000         1  7591020080781       21377101       21377101   516401780001  N  0                            54 01/10/2026       USD          349         2095          439
01 37424204  RZ190  M  TIOCHAX 4MG. X12CO                          6      1495      1495       000      8970       000  000  000  000  000  000         1  7594001100362       21377101       21377101   516401780001  N  0                          6144 01/11/2024       USD          341         2043          439
01 37424204  14221  M  URODUTAN 200MG X10                          6      1485      1650       990      8910       000  000  000 1000  000  000         1  7593090001512       21377117       21377117   516401780001  N  0                        ZT9031 01/09/2023       USD          338         2030          439
01 37424204  15660  N  VENACARE 460MG. X30CA                       2      1931      1931       000      3862       000  000  000  000  000  000         1  7592710004230       21377101       21377101   516401780001  N  0                       2603007 01/07/2024       USD          440          880          439
01 37424204  OJ016  N  VENACARE HP CAPS. X60                       2      3218      3218       000      6436       000  000  000  000  000  000         1  7592710000935       21377101       21377101   516401780001  N  0                       0630709 01/09/2024       USD          733         1466          439
01 37424204  LO370  M  VOLTEN 0,1% SOL.OFT. 5ML.                   3      2088      2088       000      6264       000  000  000  000  000  000         1  7591196000538       21377101       21377101   516401780001  N  0                        091945 01/11/2023       USD          476         1427          439
02 37424204         79        123526           000           000        123526    0    0    0  000    0    0    0   27/02/2022 1:19:30 p. m.   PR           000           000             0            18           USD          439        28138
