01 37433544  14380  M  CLINDA KETO TI100-400 5OV                   3      3250      3250       000      9750       000  000  000  000  000  000         1  8904187881303       21385252       21385252   516498300001  N  0                          2856 01/06/2024       USD          751         2252          433
01 37433544  10797  M  DERMAZOL 0,05% L.CAP.25ML                   2      2600      2600       000      5200       000  000  000  000  000  000         1  7591619519098       21385252       21385252   516498300001  N  0                          0021 01/09/2023       USD          600         1201          433
01 37433544  16252  M  DICLOFENAC S. KMP GEL 30G                   2      1037      1037       000      2074       000  000  000  000  000  000         1  6942189304286       21385252       21385252   516498300001  N  0                       2106303 01/03/2024       USD          239          479          433
01 37433544  KL344  M  DORIXINA FLEX 125-5 X10CO                   2      3250      3250       000      6500       000  000  000  000  000  000         1  7591619518671       21385252       21385252   516498300001  N  0                          0040 01/01/2025       USD          751         1501          433
01 37433544  16564  M  FUROSEMIDA DH 20/2ML X10A                   1      2330      2330       000      2330       000  000  000  000  000  000         1 17709146799358       21385252       21385252   516498300001  N  0                         21191 01/10/2023       USD          538          538          433
01 37433544  KX175  C  JER INSUL 29X1/2 KX X100                    1      6500      6500       000      6500      1040  000  000  000  000  000         1 10813333013909       21385252       21385252   516498300001  N  0                        210225 01/03/2026       USD         1501         1501          433
01 37433544  PO490  M  MILAX POLVO 360GR.                          1      7293      7293       000      7293       000  000  000  000  000  000         1  7592806132021       21385252       21385252   516498300001  N  0                        108136 01/08/2024       USD         1684         1684          433
01 37433544  LT043  M  PEGYT 75MG. X20CA                           4      1985      1985       000      7940       000  000  000  000  000  000         1  7591585317018       21385252       21385252   516498300001  N  0                           052 01/09/2024       USD          458         1834          433
01 37433544  KL704  M  PRESIDERM 2% UNG.TOP.15GR                   2      2340      2340       000      4680       000  000  000  000  000  000         1  7591619520513       21385252       21385252   516498300001  N  0                          0005 01/11/2022       USD          540         1081          433
01 37433544  11600  C  BARR DER.BIOS P.GRASA 90                    6       683       683       000      4098       656  000  000  000  000  000         2  7595481000234       21385252       21385252   516498300002  N  0                        210904 01/09/2025       USD          158          946          433
02 37433544         24         45767         10598          1696         58061    0    0    0  000    0    0    0   08/03/2022 5:41:04 p. m.   PR           000           000             0            10           USD          433        13017
