01 37448872  LO239  M  AIRON 4MG. X10TAB.MAST.                     2       751       751       000      1502       000  000  000  000  000  000         1  7591196002952       21398415       21398415   516650800001  N  0                       I121268 01/12/2023       USD          174          348          431
01 37448872  LO104  M  AIRON 5MG. X10TAB.MAST.                     2      1108      1108       000      2216       000  000  000  000  000  000         1  7591196002549       21398476       21398476   516650800001  N  0                       I121269 01/01/2024       USD          257          514          431
01 37448872  VP529  M  ALBISEC CAPS. X12                           1      7266      7266       000      7266       000  000  000  000  000  000         1  7703153037512       21397724       21397724   516650800001  N  0                       1375034 01/10/2024       USD         1686         1686          431
01 37448872  NP003  M  CALCIBON D 1500/200 X30                     1      3186      3705       519      3186       000  000  000 1400  000  000         1  7591821101029       21398278       21398278   516650800001  N  0                       2106813 01/12/2023       USD          739          739          431
01 37448872  NP099  N  CALCIBON NATAL FORT X30TA                   2      2921      3397       952      5842       935  000  000 1400  000  000         1  7591821102071       21398278       21398278   516650800001  N  0                       2108346 01/09/2023       USD          678         1355          431
01 37448872  MY510  M  CAMPAL 1% CR.TOPICA 20GR.                   2       988      1040       208      1976       000  000  000  500  000  000         1  7592601100232       21398415       21397724   516650800001  N  0                        121306 01/10/2025       USD          229          458          431
01 37448872  MY510  M  CAMPAL 1% CR.TOPICA 20GR.                   2       988      1040       208      1976       000  000  000  500  000  000         1  7592601100232       21397724       21397724   516650800001  N  0                        121306 01/10/2025       USD          229          458          431
01 37448872  14549  M  CARVEDILOL LAND6.25X100TA                   2      3342      3342       000      6684       000  000  000  000  000  000         1  7598008000250       21397578       21397578   516650800001  N  0                     TC2120001 01/09/2024       USD          775         1551          431
01 37448872  LO484  M  CLARIX SOL.NASAL AD.15ML.                   2      1595      1595       000      3190       000  000  000  000  000  000         1  7591196003171       21398476       21398476   516650800001  N  0                       I031756 01/03/2026       USD          370          740          431
01 37448872  11686  M  DESLER 0,5MG. JBE.60ML.                     2      1434      1434       000      2868       000  000  000  000  000  000         1  7592454891318       21397578       21397578   516650800001  N  0                       3500645 01/02/2024       USD          333          665          431
01 37448872  14558  M  ENALAPRIL LAND10 X100TA                     1      2491      2491       000      2491       000  000  000  000  000  000         1  7598008000366       21398476       21398476   516650800001  N  0                      TE650001 01/10/2024       USD          578          578          431
01 37448872  15260  M  FLUCONAZOL BM150MG. X2CA                   12       456       507       612      5472       000  000  000 1000  000  000         1  7598127001060       21397621       21397621   516650800001  N  0                        211007 01/10/2024       USD          106         1270          431
01 37448872  14561  M  FUROSEMIDA LAND40MG. X100                   1      2838      2838       000      2838       000  000  000  000  000  000         1  7598008000403       21397823       21397823   516650800001  N  0                      TF770001 01/10/2024       USD          658          658          431
01 37448872  GM149  M  FUROSEMIDA MY 40MG. X24TA                   3      1105      1105       000      3315       000  000  000  000  000  000         1  7592601301059       21397823       21397823   516650800001  N  0                        157104 01/09/2023       USD          256          769          431
01 37448872  14107  M  GENTAM+BETAM+CLOTRIX30CR                   12      1293      1437      1728     15516       000  000  000 1000  000  000         1  6930169708162       21398415       21398415   516650800001  N  0                        211005 01/10/2024       USD          300         3600          431
01 37448872  14876  M  IBUPRO+TIOCOL FM600/4 X10                  12      1188      1697      6108     14256       000  000  000 3000  000  000         1  8906082150775       21397621       21397621   516650800001  N  0                      KTIBAG01 01/06/2024       USD          276         3308          431
01 37448872  AP003  M  IBUTANCOL 400/4 X10TA                       4      1287      1430       572      5148       000  000  000 1000  000  000         1  7592601301783       21398278       21398278   516650800001  N  0                        237701 01/02/2025       USD          299         1194          431
01 37448872  AP310  M  LIPONTAL 900MG. X10TA                       2      1820      1820       000      3640       000  000  000  000  000  000         1  7592601200239       21398415       21398415   516650800001  N  0                        124604 01/09/2023       USD          422          845          431
01 37448872  14878  M  LOSARTAN P. FM50MG.X30TA                    1       730       913       183       730       000  000  000 2000  000  000         1  8906082150751       21398476       21398476   516650800001  N  0                         T1009 01/12/2023       USD          169          169          431
01 37448872  14878  M  LOSARTAN P. FM50MG.X30TA                    5       730       913       915      3650       000  000  000 2000  000  000         1  8906082150751       21398476       21398476   516650800001  N  0                         T1009 01/12/2023       USD          169          847          431
01 37448872  15082  M  SANA 2% CR.VAG. 20GR.                       3      1263      1403       420      3789       000  000  000 1000  000  000         1  7598127001091       21398278       21398278   516650800001  N  0                        210310 01/03/2024       USD          293          879          431
01 37448872  16581  M  TERBINAFINA LS250 X14TA                     2      2860      2860       000      5720       000  000  000  000  000  000         1  7703763641000       21397823       21397823   516650800001  N  0                       3275139 01/09/2023       USD          664         1327          431
01 37448872  13598  M  EXOVIS DUO 400MG-57MGX60M                   3      2723      3025       906      8169       000  000  000 1000  000  000         2  7593090001277       21397578       21397578   516650800002  N  0                        200616 01/06/2023       USD          632         1895          431
01 37448872  12397  M  FESTAL 210MG X10GRAG                        3      1736      1973       711      5208       000  000  000 1200  000  000         2  7591519317428       21397578       21397578   516650800002  N  0                         32512 01/12/2023       USD          403         1208          431
01 37448872  AH295  M  LASIX 20MG. X24CO                           3      1318      1318       000      3954       000  000  000  000  000  000         2  7591519317411       21397823       21397823   516650800002  N  0                         32254 01/10/2024       USD          306          917          431
01 37448872  LO514  M  MOVIMEX 15MG. X10TA                         4      1385      1385       000      5540       000  000  000  000  000  000         2  7591196004093       21397578       21397578   516650800002  N  0                       I081175 01/08/2023       USD          321         1285          431
01 37448872  KL112  C  HIDRIBET L.HID. 5% 125CC.                   1      5330      5330       000      5330       853  000  000  000  000  000         3  7703333007465       21398415       21398415   516650800003  N  0                        S05874 01/03/2023       USD         1237         1237          431
02 37448872         90        126142          5330          1788        133260    0    0    0  000    0    0    0   21/03/2022 11:11:55 a. m.   PR           000           000             0            26           USD          431        30504
