01 37449882  VM464  M  CANDER 16MG. X30TA                          2      3414      3414       000      6828       000  000  000  000  000  000         1  7591020008303       21399363       21399363   516661350001  N  0                           164 01/01/2026       USD          792         1584          431
01 37449882  VM469  M  CANDER 8MG. X30TA                           4      2414      2414       000      9656       000  000  000  000  000  000         1  7591020008297       21399311       21399345   516661350001  N  0                           169 01/10/2025       USD          560         2240          431
01 37449882  VM026  M  CANDER HCT 8/12,5 X30TAB                    3      2493      2493       000      7479       000  000  000  000  000  000         1  7591020080637       21399311       21399345   516661350001  N  0                            33 01/09/2023       USD          578         1735          431
01 37449882  14547  M  CARVEDILOL LAND12.5X100TA                   2      4225      4225       000      8450       000  000  000  000  000  000         1  7598008000267       21399311       21399345   516661350001  N  0                     TC2130001 01/09/2024       USD          980         1961          431
01 37449882  14549  M  CARVEDILOL LAND6.25X100TA                   2      3342      3342       000      6684       000  000  000  000  000  000         1  7598008000250       21399311       21399345   516661350001  N  0                     TC2120001 01/09/2024       USD          775         1551          431
01 37449882  14561  M  FUROSEMIDA LAND40MG. X100                   1      2838      2838       000      2838       000  000  000  000  000  000         1  7598008000403       21399311       21399345   516661350001  N  0                      TF770001 01/10/2024       USD          658          658          431
01 37449882  15341  M  HIDROCORTISONA LAND100 1V                   3       599       599       000      1797       000  000  000  000  000  000         1  7598008000878       21399363       21399363   516661350001  N  0                       EM21087 01/04/2023       USD          139          417          431
01 37449882  14567  M  LEVONORGESTREL LAND1.5 X1                   3       852       852       000      2556       000  000  000  000  000  000         1  7598008000472       21399422       21399422   516661350001  N  0                        T10121 01/10/2024       USD          198          593          431
01 37449882  14576  M  METRONIDAZ LAND500 X100TA                   2      3121      3121       000      6242       000  000  000  000  000  000         1  7598008000564       21399311       21399345   516661350001  N  0                     TM1050001 01/06/2024       USD          724         1448          431
01 37449882  LO414  M  NAS SOL.GOTAS AD. 15ML.                     6       740       740       000      4440       000  000  000  000  000  000         1  7591196003140       21399311       21399345   516661350001  N  0                       I081171 01/08/2023       USD          172         1030          431
01 37449882  LO419  M  NAS SOL.NASAL PED.15ML.                     6       740       740       000      4440       000  000  000  000  000  000         1  7591196003027       21399311       21399345   516661350001  N  0                       I121265 01/12/2023       USD          172         1030          431
01 37449882  LO700  M  VITADYN KIDS JBE. 120ML.                    4      1339      1339       000      5356       000  000  000  000  000  000         2  7591196000767       21399311       21399345   516661350002  N  0                       I101220 01/11/2023       USD          311         1243          431
02 37449882         38         66766           000           000         66766    0    0    0  000    0    0    0   21/03/2022 2:59:20 p. m.   PR           000           000             0            12           USD          431        15491
