01 37449645  13895  M  AMOXI+AC POR250/62.5 60ML                   2      3335      3335       000      6670       000  000  000  000  000  000         1  7750215007204       21399311       21399345   516661310001  N  0                       2096161 01/09/2023       USD          774         1548          431
01 37449645  PO185  M  BACTRON TAB. X20                            2      1521      1521       000      3042       000  000  000  000  000  000         1  7592806133073       21399262       21399262   516661310001  N  0                        201010 01/01/2027       USD          353          706          431
01 37449645  13654  M  CLOPIDOGREL 75MGX30TA BUK                   6      1747      1747       000     10482       000  000  000  000  000  000         1   675696260023       21399363       21399363   516661310001  N  0                        CDL303 01/03/2024       USD          405         2432          431
01 37449645  KN350  M  CURPINOL 12,5MG. X30CO                      3      2470      2470       000      7410       000  000  000  000  000  000         1  7591955558232       21399363       21399363   516661310001  N  0                          0031 01/06/2024       USD          573         1719          431
01 37449645  11004  M  DOBRACID LP 300MG. X30CO                   10      4094      4094       000     40940       000  000  000  000  000  000         1  7591585114327       21399311       21399345   516661310001  N  0                           018 01/11/2024       USD          950         9499          431
01 37449645  MG154  M  GENESA 3MG/30MG. X21CO                      1      5103      5103       000      5103       000  000  000  000  000  000         1  7591585116598       21399422       21399422   516661310001  N  0                      LF22387A 01/01/2023       USD         1184         1184          431
01 37449645  13052  M  GENODERM 2N00/0N035 X21CO                   2      4030      4030       000      8060       000  000  000  000  000  000         1  7730564249029       21399422       21399422   516661310001  N  0                         43474 01/06/2025       USD          935         1870          431
01 37449645  AY171  C  JER 3CC 21X1-1/2 KX X100                    1      5850      5850       000      5850       936  000  000  000  000  000         1 10813333013824       21399377       21399377   516661310001  N  0                        210811 01/08/2026       USD         1357         1357          431
01 37449645  VA551  M  KETAZOL 20MG. CREMA 15GR.                   3      1347      1347       000      4041       000  000  000  000  000  000         1  7592349429787       21399422       21399422   516661310001  N  0                       2111540 01/11/2026       USD          313          938          431
01 37449645  11802  M  LEVONORGES MC0,75MG. X2TA                   3       819       819       000      2457       000  000  000  000  000  000         1   614143659058       21399422       21399422   516661310001  N  0                        210812 01/08/2024       USD          190          570          431
01 37449645  LN165  M  MADECASSOL 2% POLVO 5GR.                    2      2497      2497       000      4994       000  000  000  000  000  000         1  7592348218108       21399422       21399422   516661310001  N  0                       2202032 01/02/2027       USD          579         1159          431
01 37449645  PD900  M  NEFROTAL H 50/12,5 X14CO                    4      1040      1040       000      4160       000  000  000  000  000  000         1  7591955558270       21399363       21399363   516661310001  N  0                          0014 01/04/2024       USD          241          965          431
01 37449645  15199  M  NEUROMIX COMPLE B X3A                       3      1505      1881      1128      4515       000  000  000 2000  000  000         1  7591585113382       21399363       21399363   516661310001  N  0                           011 01/11/2023       USD          349         1048          431
01 37449645  16475  M  PANTOPRAZOL BRIX40MG.X100                   2      3619      3619       000      7238       000  000  000  000  000  000         1  8906130231173       21399311       21399345   516661310001  N  0                       KE21220 01/06/2024       USD          840         1679          431
01 37449645  KL084  M  PLIDAN COMP.10-125  X10CO                   2      2990      2990       000      5980       000  000  000  000  000  000         1  7591619518695       21399311       21399345   516661310001  N  0                          0014 01/10/2024       USD          694         1387          431
02 37449645         46        115092          5850           936        121878    0    0    0  000    0    0    0   21/03/2022 2:30:45 p. m.   PR           000           000             0            15           USD          431        28061
