01 37441677  10322  M  AZUTAN TOPICO BUCAL 180ML                   2      1430      1430       000      2860       000  000  000  000  000  000         1  7591243803167       21392504       21392504   516581380001  N  0                       9217001 01/02/2024       USD          337          675          424
01 37441677  QO540  M  BROXOL ALERG S.ORAL 100ML                   3      2213      2213       000      6639       000  000  000  000  000  000         1  7592454889513       21392504       21392504   516581380001  N  0                       3500597 01/02/2024       USD          522         1566          424
01 37441677  QM340  M  LEPRIT 25MG. X30TA                          3      2293      2293       000      6879       000  000  000  000  000  000         1  7703763363063       21392669       21392669   516581380001  N  0                       3500250 01/11/2023       USD          541         1622          424
01 37441677  15623  C  MASCARI BM3SLPY NEGRA X50                   6      3042      3380      2028     18252      2920  000  000 1000  000  000         1  7598127001435       21392504       21392504   516581380001  N  0                      20210605 01/06/2024       USD          717         4305          424
01 37441677  PG110  M  NINAZO GOTAS AD. 15ML.                      6       718       772       324      4308       000  000  000  700  000  000         1  7591821802957       21392669       21392669   516581380001  N  0                       2110350 01/04/2023       USD          169         1016          424
01 37441677  16218  M  SITAGLI-MET ANG50/500 X30                   2      4545      4545       000      9090       000  000  000  000  000  000         1  7598176000304       21392669       21392669   516581380001  N  0                       21T0520 01/04/2024       USD         1072         2144          424
01 37441677  LP255  M  TOLNAFTAN CR. 30 GR.                        2      1820      1820       000      3640       000  000  000  000  000  000         1  7591955001639       21392504       21392504   516581380001  N  0                          0043 01/07/2025       USD          429          858          424
01 37441677  LP250  M  TOLNAFTAN SOL. 15 CC.                       2      1690      1690       000      3380       000  000  000  000  000  000         1  7591955001622       21392504       21392504   516581380001  N  0                          0031 01/01/2025       USD          399          797          424
01 37441677  GQ110  M  BROXOL JBE. PED. 120 CC.                    3      1660      1660       000      4980       000  000  000  000  000  000         2  7592454536370       21392504       21392504   516581380002  N  0                       3500722 01/02/2024       USD          392         1175          424
02 37441677         29         41776         18252          2920         62948    0    0    0  000    0    0    0   15/03/2022 2:17:06 p. m.   PR           000           000             0             9           USD          424        14158
