01 37452181  GQ107  M  ACETAMINOFEN ELTER JBE120                   6       692       692       000      4152       000  000  000  000  000  000         1  7592454003100       21401039       21401039   516682350001  N  0                       3500809 01/03/2025       USD          161          966          430
01 37452181  14872  M  CARBAMAZEPINA FM200 X20TA                   6       901      1287      2316      5406       000  000  000 3000  000  000         1  8906082150720       21401088       21401088   516682350001  N  0                         T0529 01/11/2023       USD          210         1257          430
01 37452181  10658  M  DISULPEC 25MG. X20TA                        2       975       975       000      1950       000  000  000  000  000  000         1  7591519051971       21401289       21401289   516682350001  N  0                         32237 01/08/2023       USD          227          453          430
01 37452181  14918  M  LEVOSULPIRIDE LS25 X30TA                    2      1660      1660       000      3320       000  000  000  000  000  000         1  7592454889995       21401289       21401289   516682350001  N  0                       3500251 01/11/2023       USD          386          772          430
01 37452181  14255  M  LOSARTAN P. 100MG X30TA                     2      2627      2627       000      5254       000  000  000  000  000  000         1  7592454891172       21401289       21401289   516682350001  N  0                       3276219 01/09/2023       USD          611         1222          430
01 37452181  FA409  M  NIFELAN LP 30MG. X30TA                      1      6143      6825       682      6143       000  000  000 1000  000  000         1  7591821903104       21401289       21401289   516682350001  N  0                       2111566 01/04/2024       USD         1429         1429          430
01 37452181  13914  M  OLMESARTAN 20MGX30 TAB                      1      2075      2075       000      2075       000  000  000  000  000  000         1  7592454003285       21401289       21401289   516682350001  N  0                       3276646 01/10/2023       USD          483          483          430
01 37452181  RZ360  M  SILDEX 50MG. X2TA                          12       269       299       360      3228       000  000  000 1000  000  000         1  7594001101420       21401289       21401289   516682350001  N  0                          6135 01/10/2024       USD          063          751          430
01 37452181  14584  M  TAMSULOSINA LAND0.4 X100                    1      6243      6243       000      6243       000  000  000  000  000  000         1  7598008000625       21401088       21401088   516682350001  N  0                     TT1310001 01/07/2024       USD         1452         1452          430
02 37452181         33         37771           000           000         37771    0    0    0  000    0    0    0   22/03/2022 3:02:15 p. m.   PR           000           000             0             9           USD          430         8784
