01 37459369  AL120  C  ALGODON ALVE 10 GR.                        12       316       316       000      3792       607  000  000  000  000  000         1  7591442000046       21410061       21410061   516769900001  N  0                SEPTIEMBRE2021 01/09/2026       USD          072          870          436
01 37459369  16744  M  ALUMA-D SUSP.ORAL 200ML.                    4      1810      1810       000      7240       000  000  000  000  000  000         1  8902502117045       21407315       21407315   516769900001  N  0                        ALP204 01/03/2024       USD          415         1661          436
01 37459369  13961  M  BABILINKID 100/0,42 20ML.                   2      1496      1496       000      2992       000  000  000  000  000  000         1  7591585217660       21410061       21410061   516769900001  N  0                           003 01/10/2023       USD          343          686          436
01 37459369  FF450  M  BUDESONIDA MF 50MCG.200D                    2      6509      6509       000     13018       000  000  000  000  000  000         1  7591096000898       21407523       21407523   516769900001  N  0                      069R001E 01/02/2023       USD         1493         2986          436
01 37459369  PA954  M  CALPAL D TAB. 1500/300 X30                  2      3510      3510       000      7020       000  000  000  000  000  000         1  7591243807554       21409214       21409214   516769900001  N  0                       9249101 01/04/2023       USD          805         1610          436
01 37459369  PB120  M  DENCORUB CREM 40 GR                         2      1002      1002       000      2004       000  000  000  000  000  000         1  7591309010409       21410061       21410061   516769900001  N  0                       2201000 01/01/2024       USD          230          460          436
01 37459369  16227  M  DESLORATADINA NIO5MG.10TA                   3       577       577       000      1731       000  000  000  000  000  000         1  7598869000123       21410061       21410061   516769900001  N  0                      21152601 01/07/2023       USD          132          397          436
01 37459369  LN105  C  DIADEX CREMA 50GR.                          2       748       748       000      1496       239  000  000  000  000  000         1  7592348208017       21408451       21408451   516769900001  N  0                      30820005 01/11/2023       USD          172          343          436
01 37459369  PA994  M  DIAGESIC SUSP.ORAL 120ML.                   4      1651      1651       000      6604       000  000  000  000  000  000         1  7591243811728       21407523       21407523   516769900001  N  0                       9279401 01/01/2024       USD          379         1515          436
01 37459369  PA015  M  FLENOX 15MG.JBE.PED 120ML                   2      1382      1382       000      2764       000  000  000  000  000  000         1  7591243817782       21409214       21409214   516769900001  N  0                       9252202 01/01/2024       USD          317          634          436
01 37459369  14011  M  MEMANTINA PSICO10 X28TA                     2      2409      2409       000      4818       000  000  000  000  000  000         1  7501384547912       21407523       21407523   516769900001  N  0                       1571021 01/10/2023       USD          553         1105          436
01 37459369  KN430  M  NEFROTAL H 100/12,5 X30CO                   1      2990      2990       000      2990       000  000  000  000  000  000         1  7591955558287       21409214       21409214   516769900001  N  0                          0028 01/11/2024       USD          686          686          436
01 37459369  15199  M  NEUROMIX COMPLE B X3A                       3      1505      1881      1128      4515       000  000  000 2000  000  000         1  7591585113382       21409214       21409214   516769900001  N  0                           011 01/11/2023       USD          345         1036          436
01 37459369  16475  M  PANTOPRAZOL BRIX40MG.X100                   2      3619      3619       000      7238       000  000  000  000  000  000         1  8906130231173       21409214       21409214   516769900001  N  0                       KE21220 01/06/2024       USD          830         1660          436
01 37459369  EL172  M  PEREBRON JBE.PED.FRANB120                   3      1084      1084       000      3252       000  000  000  000  000  000         1  7591062011200       21410061       21408117   516769900001  N  0                        22003A 01/02/2024       USD          249          746          436
01 37459369  EL172  M  PEREBRON JBE.PED.FRANB120                   6      1084      1084       000      6504       000  000  000  000  000  000         1  7591062011200       21408117       21408117   516769900001  N  0                        22003A 01/02/2024       USD          249         1492          436
01 37459369  KL084  M  PLIDAN COMP.10-125  X10CO                   2      2990      2990       000      5980       000  000  000  000  000  000         1  7591619518695       21409284       21409284   516769900001  N  0                          0014 01/10/2024       USD          686         1372          436
01 37459369  KL649  M  ROVARTAL 10MG. X30CO                        2      2990      2990       000      5980       000  000  000  000  000  000         1  7591619518190       21409214       21409214   516769900001  N  0                          0004 01/07/2024       USD          686         1372          436
01 37459369  EL184  M  TALZIC SOL.ORAL 120ML.                      2      1154      1154       000      2308       000  000  000  000  000  000         1  7591062016649       21410061       21409214   516769900001  N  0                        22000A 01/02/2024       USD          265          529          436
01 37459369  EL184  M  TALZIC SOL.ORAL 120ML.                      6      1154      1154       000      6924       000  000  000  000  000  000         1  7591062016649       21409214       21409214   516769900001  N  0                        22000A 01/02/2024       USD          265         1588          436
01 37459369  14715  M  VALSARTAN FAHD80 X100TA                     1      6939      8674      1735      6939       000  000  000 2000  000  000         1 18906043093285       21410061       21410061   516769900001  N  0                       WG20543 01/10/2023       USD         1592         1592          436
01 37459369  14536  M  VALSARTAN GN80MG. X14CA                     2       835      1044       418      1670       000  000  000 2000  000  000         1  7591585375872       21410061       21410061   516769900001  N  0                           193 01/02/2023       USD          192          383          436
02 37459369         67        102491          5288           846        108625    0    0    0  000    0    0    0   28/03/2022 12:52:07 p. m.   PR           000           000             0            20           USD          436        24720
