01 37454489  15427  M  ATORVASTATINA BUKA20 30TA                   6      1529      1529       000      9174       000  000  000  000  000  000         1   675696260139       21403539       21403539   516708410001  N  0                        ATA303 01/03/2024       USD          355         2129          431
01 37454489  PA275  M  BETAGEN SOLSPEN 1ML.1AMP.                   6      2620      2620       000     15720       000  000  000  000  000  000         1  7591243804409       21403539       21403539   516708410001  N  0                         93089 01/05/2023       USD          608         3647          431
01 37454489  14701  M  CLINDAMICINA KMP600 X5A                     3      3049      3049       000      9147       000  000  000  000  000  000         1  6937861391395       21403539       21403539   516708410001  N  0                        201080 01/10/2023       USD          707         2122          431
01 37454489  LT038  M  COVENTROL 6,25MG. X30CO                     6      1934      1934       000     11604       000  000  000  000  000  000         1  7591585265630       21403539       21403539   516708410001  N  0                           128 01/10/2023       USD          449         2692          431
01 37454489  KF190  M  DERMAZOL 0,05% CR.30GR.                     2      3120      3120       000      6240       000  000  000  000  000  000         1  7591619519036       21403539       21403539   516708410001  N  0                          1066 01/10/2023       USD          724         1448          431
01 37454489  KF200  M  DERMAZOL 0,05% UNG.30GR.                    2      3380      3380       000      6760       000  000  000  000  000  000         1  7591619519043       21403539       21403539   516708410001  N  0                          0051 01/06/2023       USD          784         1568          431
01 37454489  GB840  M  GLICERINA GC SUPOS.PED.X6                   4      1431      1431       000      5724       000  000  000  000  000  000         1  7592349923872       21403539       21403539   516708410001  N  0                       2111139 01/11/2023       USD          332         1328          431
01 37454489  LP810  M  KELFEN 50MG. X10CA                          3      1170      1170       000      3510       000  000  000  000  000  000         1  7591955001660       21403539       21403539   516708410001  N  0                          0010 01/03/2023       USD          271          814          431
01 37454489  16102  M  PEPSADEL SUSP.ORAL 120ML.                   2      2096      2096       000      4192       000  000  000  000  000  000         1  7410000703956       21403539       21403539   516708410001  N  0                          1139 01/04/2024       USD          486          973          431
01 37454489  PA053  M  TAMOA 250MG. X6CO.MAST.                     3      2274      2274       000      6822       000  000  000  000  000  000         1  7591243849622       21403539       21403539   516708410001  N  0                       9213704 01/04/2023       USD          528         1583          431
01 37454489  16708  M  TIOCOLCHICOSIDO DAC4 10TA                  12      1073      1073       000     12876       000  000  000  000  000  000         1  7598578000308       21403539       21403539   516708410001  N  0                          V270 01/08/2024       USD          249         2987          431
01 37454489  12251  C  NIVEA CREMA 50ML                            2       978       978       000      1956       313  000  000  000  000  000         2  7501054500063       21403539       21403539   516708410002  N  0                      13177057 01/12/2023       USD          227          454          431
01 37454489  15628  M  ROCARNIN SOL.ORAL 120ML.                   12      2015      2015       000     24180       000  000  000  000  000  000         3  7592806121063       21403539       21403539   516708410003  N  0                        111196 01/11/2024       USD          468         5610          431
02 37454489         63        115949          1956           313        118218    0    0    0  000    0    0    0   23/03/2022 3:12:46 p. m.   PR           000           000             0            13           USD          431        27356
