01 37454821  LO539  M  AFLAMAX 50MG. X20TA                        12       717       896      2148      8604       000  000  000 2000  000  000         1  7591196004451       21404154       21404154   516719900001  N  0                       I022323 01/03/2024       USD          166         1987          433
01 37454821  15031  M  ATORVASTATINA AL20 X30TA                    6      1470      1837      2202      8820       000  000  000 2000  000  000         1  7597758000732       21403627       21403627   516719900001  N  0                        AVT004 01/02/2024       USD          339         2037          433
01 37454821  15716  M  ATORVASTATINA FM20 X30TA                    6      1147      1638      2946      6882       000  000  000 3000  000  000         1  8906082150942       21403627       21403627   516719900001  N  0                         T1384 01/06/2024       USD          265         1589          433
01 37454821  MK939  M  DOMPERIDONA +MK 10 X15                      6       585       585       000      3510       000  000  000  000  000  000         1  7591519007428       21403627       21403627   516719900001  N  0                         32167 01/08/2024       USD          135          811          433
01 37454821  15260  M  FLUCONAZOL BM150MG. X2CA                   12       456       507       612      5472       000  000  000 1000  000  000         1  7598127001060       21403627       21403627   516719900001  N  0                        211007 01/10/2024       USD          105         1264          433
01 37454821  14561  M  FUROSEMIDA LAND40MG. X100                   3      2838      2838       000      8514       000  000  000  000  000  000         1  7598008000403       21403627       21403627   516719900001  N  0                      TF770001 01/10/2024       USD          655         1966          433
01 37454821  LO219  M  GENTAMICINA LO S.OFT.5CC.                   3      1448      1448       000      4344       000  000  000  000  000  000         1  7591196002136       21403627       21403627   516719900001  N  0                        091291 01/10/2023       USD          334         1003          433
01 37454821  MK028  M  LANSOPRAZOL +MK30MG.X28CA                   2      1820      1820       000      3640       000  000  000  000  000  000         1  7591519001624       21403627       21403627   516719900001  N  0                         32078 01/06/2024       USD          420          841          433
01 37454821  FA514  M  NEURIXA 75MG. X14CA                         3      1468      1707       717      4404       000  000  000 1400  000  000         1  7591821903616       21404154       21404154   516719900001  N  0                       2105219 01/07/2023       USD          339         1017          433
01 37454821  LO580  M  QUINOTIC HC OTICA 5ML.                      6      2165      2165       000     12990       000  000  000  000  000  000         1  7591196000637       21404154       21404154   516719900001  N  0                        012193 01/01/2024       USD          500         3000          433
01 37454821  MK409  M  SECNIDAZOL +MK 1GR. X 2                     6       768       768       000      4608       000  000  000  000  000  000         1  7591519003918       21404154       21404154   516719900001  N  0                         32468 01/11/2024       USD          177         1064          433
01 37454821  VM033  M  TADAFOX 5MG. X30TA                          4      1533      1533       000      6132       000  000  000  000  000  000         1  7591020080781       21404154       21404154   516719900001  N  0                            54 01/10/2026       USD          354         1416          433
02 37454821         69         77920           000           000         77920    0    0    0  000    0    0    0   24/03/2022 8:36:02 a. m.   PR           000           000             0            12           USD          433        17995
