01 37462325  QO540  M  BROXOL ALERG S.ORAL 100ML                   2      2213      2213       000      4426       000  000  000  000  000  000         1  7592454889513       21412150       21412150   516796120001  N  0                       3500597 01/02/2024       USD          506         1013          437
01 37462325  QM200  M  BUMETIN RETARD300MG.X20TA                   4      2867      2867       000     11468       000  000  000  000  000  000         1  7703763861002       21412150       21412150   516796120001  N  0                       3500699 01/02/2024       USD          656         2624          437
01 37462325  QM560  M  MOMEQ 0,1% CREMA 15GR.                      2      1720      1720       000      3440       000  000  000  000  000  000         1  7592454889667       21412095       21412095   516796120001  N  0                       3500584 01/03/2024       USD          394          787          437
01 37462325  LO690  M  RINOMAX SOL. NASAL 15ML.                    6      1591      1591       000      9546       000  000  000  000  000  000         1  7591196000682       21412231       21412231   516796120001  N  0                       I032341 01/03/2024       USD          364         2184          437
01 37462325  VO105  M  VALSART H.GCER160/12,5X14                   2      2564      2564       000      5128       000  000  000  000  000  000         1  7591020008600       21412150       21412150   516796120001  N  0                            15 01/08/2023       USD          587         1173          437
01 37462325  13571  M  VALSARTAN AMLO 80/5MGX10T                   2      1521      1521       000      3042       000  000  000  000  000  000         1  7592454891417       21412150       21412150   516796120001  N  0                       3249448 01/08/2022       USD          348          696          437
01 37462325  GQ874  M  VALSARTAN H.ELT80/12,5X14                   1      1383      1383       000      1383       000  000  000  000  000  000         1  7703763341092       21412150       21412150   516796120001  N  0                       3276225 01/10/2023       USD          316          316          437
01 37462325  GQ874  M  VALSARTAN H.ELT80/12,5X14                   1      1383      1383       000      1383       000  000  000  000  000  000         1  7703763341092       21412150       21412150   516796120001  N  0                       3276225 01/10/2023       USD          316          316          437
01 37462325  LO370  M  VOLTEN 0,1% SOL.OFT. 5ML.                   3      2088      2088       000      6264       000  000  000  000  000  000         1  7591196000538       21412150       21412150   516796120001  N  0                        091945 01/11/2023       USD          478         1433          437
02 37462325         23         46080           000           000         46080    0    0    0  000    0    0    0   29/03/2022 1:14:08 p. m.   PR           000           000             0             9           USD          437        10545
