01 37466822  14382  M  CLOTRIMAZ TIA500 X1TA.VAG                   6       845       845       000      5070       000  000  000  000  000  000         1  8904187830677       21414690       21414690   516827970001  N  0                         T9912 01/06/2024       USD          193         1158          438
01 37466822  QR350  M  DAFLON 500MG. X60CO                         1     16162     16162       000     16162       000  000  000  000  000  000         1  7592788000585       21414690       21414690   516827970001  N  0                       6025251 01/11/2023       USD         3690         3690          438
01 37466822  GN146  M  ENALAPRIL GN 20MG. X30CO                    6       606       606       000      3636       000  000  000  000  000  000         1  7591585378538       21414690       21414690   516827970001  N  0                           429 01/12/2023       USD          138          830          438
01 37466822  ED960  M  IDOXEN LP 75MG. X10CA                       1      2600      2600       000      2600       000  000  000  000  000  000         1  7592803001504       21414690       21414690   516827970001  N  0                       2110654 01/12/2022       USD          594          594          438
01 37466822  16183  M  METFORMINA SP1000MG.X30CO                   3      1463      1463       000      4389       000  000  000  000  000  000         1  7590027001089       21414512       21414512   516827970001  N  0                           551 01/05/2023       USD          334         1002          438
01 37466822  LX102  M  MIGREN 650-50-1 X20CO                       6      1672      1672       000     10032       000  000  000  000  000  000         1  7591585415738       21414032       21414577   516827970001  N  0                           549 01/03/2024       USD          382         2290          438
01 37466822  16461  M  NIFEDIPINO BRIX30 10B.X10                   2      3182      3182       000      6364       000  000  000  000  000  000         1  8906130231159       21414512       21414512   516827970001  N  0                       KE21141 01/04/2024       USD          726         1453          438
01 37466822  PB089  C  OVERSKIN 40% CR. 50GR.                      1      1002      1002       000      1002       160  000  000  000  000  000         2  7591309000622       21414512       21414512   516827970002  N  0                      A2203088 01/03/2025       USD          229          229          438
01 37466822  11743  N  CITRATO POTASIO BF10%1LT.                   6      2799      2799       000     16794       000  000  000  000  000  000         3  7591616000704       21414512       21414512   516827970003  N  0                        211722 01/12/2024       USD          639         3834          438
02 37466822         32         65047          1002           160         66209    0    0    0  000    0    0    0   31/03/2022 10:35:29 a. m.   PR           000           000             0             9           USD          438        15080
