01 37465397  PO335  M  COLAYTE POLVO 69,6GR 4TAR                   1      8866      8866       000      8866       000  000  000  000  000  000         1  7592806132014       21414093       21414093   516820330001  N  0                        108138 01/08/2023       USD         2029         2029          437
01 37465397  14955  M  METRONIDAZOL PORT500 10OV                   3      2210      2210       000      6630       000  000  000  000  000  000         1  7750215001806       21414032       21414032   516820330001  N  0                       2097331 01/09/2024       USD          506         1517          437
01 37465397  LM100  C  ULTRASKIN PS CR. 60GR.                      1      2698      2698       000      2698       432  000  000  000  000  000         1  7592025101013       21413957       21413957   516820330001  N  0                        211042 01/10/2025       USD          617          617          437
01 37465397  LM110  C  ULTRASKIN PS GEL 60GR.                      1      2698      2698       000      2698       432  000  000  000  000  000         1  7592025101020       21413957       21413957   516820330001  N  0                        211043 01/10/2025       USD          617          617          437
01 37465397  ED185  M  VIZERUL 150MG. X10CO                        4      1615      1615       000      6460       000  000  000  000  000  000         1  7592803000989       21414093       21414093   516820330001  N  0                       2202720 01/02/2025       USD          370         1478          437
01 37465397  12197  C  JABON LIQ. BLUEBERR 500ML                   2       683       683       000      1366       219  000  000  000  000  000         2  1180201379316       21413957       21413957   516820330002  N  0                         14361 01/08/2024       USD          156          313          437
01 37465397  12198  C  JABON LIQ. CRANBERR 500ML                   2       683       683       000      1366       219  000  000  000  000  000         2  1180201379330       21413957       21413957   516820330002  N  0                          1291 01/06/2023       USD          156          313          437
01 37465397  12199  C  JABON LIQ. MANGO 500ML                      2       683       683       000      1366       219  000  000  000  000  000         2  1180201379347       21413957       21413957   516820330002  N  0                          9611 01/02/2024       USD          156          313          437
01 37465397  14113  M  BROMEXINA 4MGX120ML                         6       655       655       000      3930       000  000  000  000  000  000         3  7598484000034       21414032       21414032   516820330003  N  0                          1122 01/02/2024       USD          150          899          437
01 37465397  QF300  M  BROMEXINA QF8MG.JBE.120ML                   6       667       667       000      4002       000  000  000  000  000  000         3  7598484000041       21414032       21414032   516820330003  N  0                          2232 01/03/2024       USD          153          916          437
01 37465397  MG604  M  FULGRAM 600/42,9SUSP.60CC                   2      5959      5959       000     11918       000  000  000  000  000  000         3  7591585113139       21413957       21413957   516820330003  N  0                           348 01/12/2023       USD         1364         2727          437
02 37465397         30         41806          9494          1519         52819    0    0    0  000    0    0    0   30/03/2022 1:41:23 p. m.   PR           000           000             0            11           USD          437        11739
