01 37460765  11897  M  BUCOXOLGAR MENTA X10TM                      2       969       969       000      1938       000  000  000  000  000  000         1  7592454891370       21407315       21407315   516769990001  N  0                       3500872 01/03/2024       USD          222          444          436
01 37460765  12570  M  BUDECORT SOL.P INHAL10ML.                   3      2084      2194       990      6252       000  000  000  500  000  000         1  7591196007162       21410061       21408117   516769990001  N  0                        111260 01/11/2023       USD          478         1434          436
01 37460765  12570  M  BUDECORT SOL.P INHAL10ML.                   6      2084      2194       990     12504       000  000  000  500  000  000         1  7591196007162       21408117       21408117   516769990001  N  0                        111260 01/11/2023       USD          478         2868          436
01 37460765  GQ600  M  CAPTOPRIL ELTER 25 X20TA                    3       395       719       972      1185       000  000  000 4500  000  000         1  7703763100194       21410061       21410061   516769990001  N  0                       3235868 01/09/2022       USD          091          272          436
01 37460765  13598  M  EXOVIS DUO 400MG-57MGX60M                   1      3025      3025       000      3025       000  000  000  000  000  000         1  7593090001277       21410061       21410061   516769990001  N  0                        200616 01/06/2023       USD          694          694          436
01 37460765  13598  M  EXOVIS DUO 400MG-57MGX60M                   4      2723      3025      1208     10892       000  000  000 1000  000  000         1  7593090001277       21408117       21408117   516769990001  N  0                        200616 01/06/2023       USD          625         2498          436
01 37460765  LO810  M  FISIOLIN GOTAS PED. 15ML.                   4      1606      1606       000      6424       000  000  000  000  000  000         1  7591196002198       21409284       21409284   516769990001  N  0                       I060946 01/07/2023       USD          368         1473          436
01 37460765  GQ114  M  FLUDIL 10MG. X20TA                          2      2436      2436       000      4872       000  000  000  000  000  000         1  7592454345057       21410061       21409284   516769990001  N  0                       3275508 01/09/2024       USD          559         1117          436
01 37460765  GQ114  M  FLUDIL 10MG. X20TA                          2      2436      2436       000      4872       000  000  000  000  000  000         1  7592454345057       21409284       21409284   516769990001  N  0                       3275508 01/09/2024       USD          559         1117          436
01 37460765  15344  M  LACRIDOS SOL.OFT. 10ML.                     3      1401      1401       000      4203       000  000  000  000  000  000         1  7591196007247       21410061       21410061   516769990001  N  0                        012192 01/01/2025       USD          321          964          436
01 37460765  RZ340  M  LORADEX 10MG. X10TA                        12       416       416       000      4992       000  000  000  000  000  000         1  7594001101383       21407523       21407523   516769990001  N  0                          6181 01/11/2026       USD          095         1145          436
01 37460765  LO105  M  MATILOL 0,50% S.OFT. 6ML.                   6      1962      1962       000     11772       000  000  000  000  000  000         1  7591196001603       21408117       21408117   516769990001  N  0                       I031118 01/04/2023       USD          450         2700          436
01 37460765  NP024  M  NOTOLAC 20MG. X10TA                         2      1570      1707       274      3140       000  000  000  800  000  000         1  7591821902022       21410061       21410061   516769990001  N  0                       2111518 01/10/2024       USD          360          720          436
01 37460765  LO730  M  TODEX UNG.OFT. 7,5GR.                       1      3362      3362       000      3362       000  000  000  000  000  000         1  7591196000897       21410061       21410061   516769990001  N  0                        081592 01/08/2023       USD          771          771          436
01 37460765  MK854  M  VALSARTAN H+MK 80/12,5X14                   2      1300      1300       000      2600       000  000  000  000  000  000         1  7591519006698       21410061       21410061   516769990001  N  0                         32215 01/08/2023       USD          298          596          436
01 37460765  11246  M  BROXOL GRIP GOTAS PED.30                    2       829       829       000      1658       000  000  000  000  000  000         2  7592454889629       21408451       21408451   516769990002  N  0                       3500589 01/03/2024       USD          190          380          436
01 37460765  GQ110  M  BROXOL JBE. PED. 120 CC.                    2      1660      1660       000      3320       000  000  000  000  000  000         2  7592454536370       21409214       21409214   516769990002  N  0                       3500723 01/03/2024       USD          381          761          436
01 37460765  VM105  M  LORAVAL JBE. 60 CC.                         6       822       822       000      4932       000  000  000  000  000  000         2  7591020001342       21409138       21409138   516769990002  N  0                            61 01/12/2023       USD          189         1131          436
02 37460765         63         91943           000           000         91943    0    0    0  000    0    0    0   28/03/2022 5:28:32 p. m.   PR           000           000             0            16           USD          436        21088
