01 37472090  FS009  N  AZUL METILENO FSI 30ML.X6                   1      2816      2816       000      2816       000  000  000  000  000  000         1  7592368000424       21420018       21420018   516889940001  N  0                       0222067 01/02/2024       USD          639          639          441
01 37472090  10322  M  AZUTAN TOPICO BUCAL 180ML                   2      1430      1430       000      2860       000  000  000  000  000  000         1  7591243803167       21419932       21419932   516889940001  N  0                       9217001 01/02/2024       USD          324          649          441
01 37472090  PO180  M  BACTRON SUSP. 100ML.                        3      1456      1456       000      4368       000  000  000  000  000  000         1  7592806122015       21419852       21419852   516889940001  N  0                        110179 01/10/2026       USD          330          990          441
01 37472090  PA133  M  BEPROSPEN 7MG. X1A+JER                      2      3283      3283       000      6566       000  000  000  000  000  000         1  7591243803730       21419852       21419852   516889940001  N  0                         92684 01/07/2023       USD          744         1489          441
01 37472090  16555  M  BETADEX 0,1% CR.15GR                        3      1092      1092       000      3276       000  000  000  000  000  000         1   021281083261       21419820       21419820   516889940001  N  0                         BE202 01/07/2024       USD          248          743          441
01 37472090  16501  A  CALPAL D NATAL X30TA                        2      3224      3224       000      6448      1032  000  000  000  000  000         1  7591243807585       21420018       21420018   516889940001  N  0                      92497302 01/04/2023       USD          731         1462          441
01 37472090  14549  M  CARVEDILOL LAND6.25X100TA                   2      3342      3342       000      6684       000  000  000  000  000  000         1  7598008000250       21420279       21420279   516889940001  N  0                     TC2120001 01/09/2024       USD          758         1516          441
01 37472090  14381  M  CLOTRIMAZ TIA100 X6TA.VAG                   6      1040      1040       000      6240       000  000  000  000  000  000         1  8904187829503       21419820       21419820   516889940001  N  0                         T9910 01/06/2024       USD          236         1415          441
01 37472090  15334  M  COMPLEJO B LAND10B.X10TA                    2      2679      2679       000      5358       000  000  000  000  000  000         1  7598008000953       21420018       21420018   516889940001  N  0                       VBT2103 01/09/2023       USD          607         1215          441
01 37472090  LO175  M  GARABET SOL.OFT. 5CC.                       3      2655      2655       000      7965       000  000  000  000  000  000         1  7591196000255       21419852       21419852   516889940001  N  0                       I111244 01/12/2024       USD          602         1806          441
01 37472090  EL035  M  GENURIN 200MG. X10CO                        3      2057      2057       000      6171       000  000  000  000  000  000         1  7591062901198       21419932       21419932   516889940001  N  0                        22021A 01/02/2025       USD          466         1399          441
01 37472090  16468  M  GLIBENCLAMI BRIX5MG.X100                    3      1435      1435       000      4305       000  000  000  000  000  000         1  8906130231029       21418864       21418864   516889940001  N  0                       KE21114 01/03/2024       USD          325          976          441
01 37472090  MO120  M  IMAZOL DUAL OV X6+CV 20GR                   1      3978      4420       442      3978       000  000  000 1000  000  000         1  7592601101062       21420018       21420018   516889940001  N  0                        134601 01/08/2023       USD          902          902          441
01 37472090  GQ069  M  NOGINOX 1% CR.VAG. 40GR.                    1      1911      1911       000      1911       000  000  000  000  000  000         1  7592454363754       21419852       21418864   516889940001  N  0                       3500516 01/02/2025       USD          433          433          441
01 37472090  GQ069  M  NOGINOX 1% CR.VAG. 40GR.                    3      1911      1911       000      5733       000  000  000  000  000  000         1  7592454363754       21419852       21418864   516889940001  N  0                       3500516 01/02/2025       USD          433         1300          441
01 37472090  GQ069  M  NOGINOX 1% CR.VAG. 40GR.                    1      1911      1911       000      1911       000  000  000  000  000  000         1  7592454363754       21418864       21418864   516889940001  N  0                       3500516 01/02/2025       USD          433          433          441
01 37472090  16803  M  QUINOTIC 0,30%S.OTICA 4ML                   6      1724      1724       000     10344       000  000  000  000  000  000         1  7591196006288       21419896       21419896   516889940001  N  0                       I011081 01/01/2023       USD          391         2346          441
01 37472090  12225  M  SERTRASIL COMP 10-125 X20                   2      2779      2779       000      5558       000  000  000  000  000  000         1  7406076100447       21420279       21420279   516889940001  N  0                        I21016 01/09/2023       USD          630         1260          441
01 37472090  12569  M  TERBICRYM 1% CREMA X20GR                    3      1421      1421       000      4263       000  000  000  000  000  000         1  7596654000044       21420219       21420219   516889940001  N  0                       2107010 01/07/2023       USD          322          967          441
01 37472090  16708  M  TIOCOLCHICOSIDO DAC4 10TA                   6      1073      1073       000      6438       000  000  000  000  000  000         1  7598578000308       21419852       21418864   516889940001  N  0                          V270 01/08/2024       USD          243         1460          441
01 37472090  16708  M  TIOCOLCHICOSIDO DAC4 10TA                   6      1073      1073       000      6438       000  000  000  000  000  000         1  7598578000308       21418864       21418864   516889940001  N  0                          V270 01/08/2024       USD          243         1460          441
01 37472090  VO105  M  VALSART H.GCER160/12,5X14                   3      2564      2564       000      7692       000  000  000  000  000  000         1  7591020008600       21419932       21419932   516889940001  N  0                            15 01/08/2023       USD          581         1744          441
01 37472090  15660  N  VENACARE 460MG. X30CA                       3      2223      2223       000      6669       000  000  000  000  000  000         1  7592710004230       21419820       21418864   516889940001  N  0                       2603007 01/07/2024       USD          504         1512          441
01 37472090  15660  N  VENACARE 460MG. X30CA                       1      2223      2223       000      2223       000  000  000  000  000  000         1  7592710004230       21418864       21418864   516889940001  N  0                       2603007 01/07/2024       USD          504          504          441
02 37472090         68        126215           000          1032        127247    0    0    0  000    0    0    0   05/04/2022 12:05:27 p. m.   PR           000           000             0            21           USD          441        28620
