01 37478123  16418  M  ATENOLOL BM100MG. X30TA                     6      1099      1099       000      6594       000  000  000  000  000  000         1  7598127001480       21425629       21425629   516944450001  N  0                        211030 01/10/2024       USD          249         1492          442
01 37478123  KL115  M  BACITRACINA KL UNG. 15GR.                   3      1183      1690      1521      3549       000  000  000 3000  000  000         1  7591619505015       21425186       21425186   516944450001  N  0                          0172 01/03/2023       USD          268          803          442
01 37478123  15220  C  CALAMINOL FRESH LOT.104ML                   2      1511      1511       000      3022       484  000  000  000  000  000         1       75971748       21425645       21425645   516944450001  N  0                       2112502 01/12/2024       USD          342          684          442
01 37478123  12580  M  CEFEPIME KMP1GR. X1VIAL                     2      2016      2016       000      4032       000  000  000  000  000  000         1  6921875010793       21425186       21425186   516944450001  N  0                       2106405 01/06/2024       USD          456          912          442
01 37478123  SP550  M  DICLOFENAC D. SP GEL 15GR                   2       592       592       000      1184       000  000  000  000  000  000         1  7590027000495       21425186       21425186   516944450001  N  0                          1281 01/09/2023       USD          134          268          442
01 37478123  16252  M  DICLOFENAC S. KMP GEL 30G                   2      1037      1037       000      2074       000  000  000  000  000  000         1  6942189304286       21425186       21425186   516944450001  N  0                       2106303 01/03/2024       USD          235          469          442
01 37478123  12209  M  DIOSMIL 500MG. X30CO                        3      4908      4908       000     14724       000  000  000  000  000  000         1  7406076104261       21425186       21425186   516944450001  N  0                        J21034 01/10/2024       USD         1110         3331          442
01 37478123  ED394  M  DOLAK SL 30MG. X4CO                         3      1235      1235       000      3705       000  000  000  000  000  000         1  7592803002419       21425629       21425629   516944450001  N  0                       2201689 01/01/2024       USD          279          838          442
01 37478123  16679  M  EUTIROX 100MCG. X50TA                       2      4433      4433       000      8866       000  000  000  000  000  000         1  7501298234601       21425186       21425186   516944450001  N  0                        M12765 01/05/2023       USD         1003         2006          442
01 37478123  XS008  N  GOTAS VALERIANA XS 30ML.                    6       420       420       000      2520       000  000  000  000  000  000         1  7594001450818       21425629       21425629   516944450001  N  0                      02032289 01/02/2025       USD          095          570          442
01 37478123  12353  M  NEFROTAL 50MG-5MG X30CO                     1      2600      2600       000      2600       000  000  000  000  000  000         1  7591619520834       21425629       21425629   516944450001  N  0                          0006 01/09/2022       USD          588          588          442
01 37478123  14373  M  PARACETA PORT100 GTAS10ML                   3       853       853       000      2559       000  000  000  000  000  000         1  7750215074299       21425186       21425186   516944450001  N  0                       2110021 01/11/2024       USD          193          579          442
01 37478123  14374  M  PARACETA PORT120 JBE120ML                   2      1594      1594       000      3188       000  000  000  000  000  000         1  7750215575819       21425186       21425186   516944450001  N  0                       2088591 01/08/2024       USD          361          721          442
01 37478123  GP210  M  RIDAL 3MG. X20CO                            2      2600      2600       000      5200       000  000  000  000  000  000         1  7594000490624       21425186       21425186   516944450001  N  0                          0013 01/02/2025       USD          588         1176          442
01 37478123  ET340  C  ADEMINA PLUS CR.CORP.30GR                   4      1169      1169       000      4676       748  000  000  000  000  000         2  7591844000439       21425629       21425629   516944450002  N  0                    AP30210100 01/01/2024       USD          264         1058          442
01 37478123  PD600  M  FLODONT ENJ.BUCAL 180ML.                    2      1300      1300       000      2600       000  000  000  000  000  000         3  7591955000502       21425629       21425629   516944450003  N  0                          0038 01/05/2024       USD          294          588          442
02 37478123         45         63395          7698          1232         72325    0    0    0  000    0    0    0   08/04/2022 9:59:38 a. m.   PR           000           000             0            16           USD          442        16084
