01 37483952  14463  M  BROSIDUAL 100/300 X10CABL                   3      2366      2366       000      7098       000  000  000  000  000  000         1   793869810308       21429302       21429302   516989480001  N  0                      20100216 01/10/2022       USD          535         1606          442
01 37483952  OJ007  N  CASTAÑO DE INDIAS HP 60CA                   1      2926      2926       000      2926       000  000  000  000  000  000         1  7592710000454       21429302       21429302   516989480001  N  0                       0121211 01/11/2024       USD          662          662          442
01 37483952  KF190  M  DERMAZOL 0,05% CR.30GR.                     2      3380      3380       000      6760       000  000  000  000  000  000         1  7591619519036       21428754       21428754   516989480001  N  0                          0069 01/02/2024       USD          765         1529          442
01 37483952  10829  M  FLUCON 200MG. X4CA                          1      1820      1820       000      1820       000  000  000  000  000  000         1  7591955558331       21429356       21429356   516989480001  N  0                          0010 01/07/2023       USD          412          412          442
01 37483952  TQ510  M  FLUCON CAPS. 150MG. X2                      1      1300      1300       000      1300       000  000  000  000  000  000         1  7591955002162       21429356       21429356   516989480001  N  0                          0051 01/02/2023       USD          294          294          442
01 37483952  LP810  M  KELFEN 50MG. X10CA                          2      1170      1170       000      2340       000  000  000  000  000  000         1  7591955001660       21428754       21428754   516989480001  N  0                          0010 01/03/2023       USD          265          529          442
01 37483952  VA551  M  KETAZOL 20MG. CREMA 15GR.                   2      1348      1348       000      2696       000  000  000  000  000  000         1  7592349429787       21429302       21429302   516989480001  N  0                       2111540 01/11/2026       USD          305          610          442
01 37483952  LT237  M  KETOREL 30MG. IM-IV 1AMP.                   2      1110      1110       000      2220       000  000  000  000  000  000         1  7591585217875       21429302       21429302   516989480001  N  0                           003 01/10/2023       USD          251          502          442
01 37483952  13959  M  LEVATIR 1000MG. X30TA                       1      9451      9451       000      9451       000  000  000  000  000  000         1  7406076125181       21428754       21428754   516989480001  N  0                        C21030 01/03/2023       USD         2138         2138          442
01 37483952  BQ001  M  AMBROXOL BQ. 15MG.120ML.                    6      1141      1141       000      6846       000  000  000  000  000  000         2  7594000850909       21429302       21429302   516989480002  N  0                        220205 01/02/2025       USD          258         1549          442
02 37483952         21         43457           000           000         43457    0    0    0  000    0    0    0   12/04/2022 6:06:00 p. m.   PR           000           000             0            10           USD          442         9832
