01 37485478  15264  M  ACETAMINOFEN BM800 X10TA                   12       381       423       504      4572       000  000  000 1000  000  000         1  7598127000988       21432004       21432004   517021640001  N  0                        210460 01/04/2024       USD          086         1030          444
01 37485478  11795  M  AFLAMAX 50MG. X10TA                        18       408       510      1836      7344       000  000  000 2000  000  000         1  7591196007186       21432004       21432004   517021640001  N  0                       I032354 01/03/2024       USD          092         1654          444
01 37485478  12164  M  ANTICONCEPTI BM3-0,03 X21                   3      2282      2535       759      6846       000  000  000 1000  000  000         1  6930169708360       21432004       21432004   517021640001  N  0                        210178 01/01/2024       USD          514         1542          444
01 37485478  MK579  M  DOL PLUS TAB. X10                           2      1158      1158       000      2316       000  000  000  000  000  000         1  7591519005134       21431784       21431784   517021640001  N  0                         32462 01/11/2024       USD          261          522          444
01 37485478  13598  M  EXOVIS DUO 400MG-57MGX60M                   3      3268      3631      1089      9804       000  000  000 1000  000  000         1  7593090001277       21431712       21431712   517021640001  N  0                        200616 01/06/2023       USD          736         2208          444
01 37485478  MK694  M  FINASTERIDE +MK 5MG. X30                    2      2770      2770       000      5540       000  000  000  000  000  000         1  7591519050820       21431107       21431107   517021640001  N  0                         32405 01/10/2024       USD          624         1248          444
01 37485478  NP024  M  NOTOLAC 20MG. X10TA                         4      1588      1707       476      6352       000  000  000  700  000  000         1  7591821902022       21432738       21432738   517021640001  N  0                       2203474 01/03/2025       USD          358         1431          444
01 37485478  11260  M  PEDIACORT SOL.PED. 60ML.                    4      3988      3988       000     15952       000  000  000  000  000  000         2  7591196006097       21431784       21431784   517021640002  N  0                        022487 01/03/2025       USD          898         3593          444
01 37485478  LO700  M  VITADYN KIDS JBE. 120ML.                    3      1339      1339       000      4017       000  000  000  000  000  000         2  7591196000767       21432719       21432719   517021640002  N  0                       I101220 01/11/2023       USD          302          905          444
02 37485478         51         62743           000           000         62743    0    0    0  000    0    0    0   16/04/2022 2:33:27 p. m.   PR           000           000             0             9           USD          444        14131
