01 37486193  14264  M  ACIDO VALP. DIS200 100ML.                   2      3429      3429       000      6858       000  000  000  000  000  000         1  7598252101369       21432738       21432738   517021580001  N  0                        210514 01/05/2024       USD          772         1545          444
01 37486193  14539  M  ATORVASTATINA LAND20 X100                   3      3374      3374       000     10122       000  000  000  000  000  000         1  7598008000182       21432043       21432043   517021580001  N  0                     TA1950002 01/09/2024       USD          760         2280          444
01 37486193  LT404  M  AXOKINE 400MG. X5CO                         1      7355      7355       000      7355       000  000  000  000  000  000         1  7591585114280       21431712       21431712   517021580001  N  0                           042 01/12/2024       USD         1657         1657          444
01 37486193  13961  M  BABILINKID 100/0,42 20ML.                   2      1496      1496       000      2992       000  000  000  000  000  000         1  7591585217660       21432004       21432004   517021580001  N  0                           003 01/10/2023       USD          337          674          444
01 37486193  16555  M  BETADEX 0,1% CR.15GR                        2      1092      1092       000      2184       000  000  000  000  000  000         1   021281083261       21431712       21431712   517021580001  N  0                         BE202 01/07/2024       USD          246          492          444
01 37486193  EL524  M  BRUGESICFORTE 200SUSP60ML                   4       814       958       576      3256       000  000  000 1500  000  000         1  7591062013082       21432670       21432670   517021580001  N  0                        21001A 01/02/2023       USD          183          733          444
01 37486193  OJ007  N  CASTAÑO DE INDIAS HP 60CA                   3      2926      2926       000      8778       000  000  000  000  000  000         1  7592710000454       21432004       21432004   517021580001  N  0                       0121211 01/11/2024       USD          659         1977          444
01 37486193  KL290  M  CYPRODEX 4MG. X30CO                         1      1950      1950       000      1950       000  000  000  000  000  000         1  7591619119014       21431784       21431784   517021580001  N  0                          0069 01/07/2023       USD          439          439          444
01 37486193  15198  N  HEPAGRAS 120MG. X30CA                       1      3322      4152       830      3322       000  000  000 2000  000  000         1  7591585216892       21432004       21432004   517021580001  N  0                           004 01/10/2024       USD          748          748          444
01 37486193  LX320  M  LETISAN 500MG. X30CA                        1      1641      2051       410      1641       000  000  000 2000  000  000         1  7591585414861       21432040       21432040   517021580001  N  0                           446 01/10/2024       USD          370          370          444
01 37486193  11502  M  LOPERAM 2MG. X10TA                          2       897       897       000      1794       000  000  000  000  000  000         1  7592349723571       21431107       21431107   517021580001  N  0                       2110445 01/10/2026       USD          202          404          444
01 37486193  LC409  M  MIGREN 650-50-1 X10CO                       2      1178      1178       000      2356       000  000  000  000  000  000         1  7591585115737       21432670       21432670   517021580001  N  0                           553 01/03/2024       USD          265          531          444
01 37486193  LX102  M  MIGREN 650-50-1 X20CO                       2      1338      1672       668      2676       000  000  000 2000  000  000         1  7591585415738       21432670       21432670   517021580001  N  0                           552 01/03/2024       USD          301          603          444
01 37486193  15199  M  NEUROMIX COMPLE B X3A                       3      1505      1881      1128      4515       000  000  000 2000  000  000         1  7591585113382       21431784       21431784   517021580001  N  0                           010 01/11/2023       USD          339         1017          444
01 37486193  15677  M  OXACILINA KMP 1GR. X1VIAL                  12       286       286       000      3432       000  000  000  000  000  000         1  6921875011349       21432547       21432547   517021580001  N  0                       2011431 01/11/2023       USD          064          773          444
01 37486193  14316  C  PARCHE OC.PED CURE AID 20                   1      1391      1391       000      1391       223  000  000  000  000  000         1  6224000549817       21432670       21432670   517021580001  N  0                         15D21 01/03/2026       USD          313          313          444
01 37486193  LP220  M  PROTOSULFIL 1% CR. 30GR.                    2      2340      2340       000      4680       000  000  000  000  000  000         1  7591955001486       21431784       21431784   517021580001  N  0                          0303 01/07/2022       USD          527         1054          444
01 37486193  12394  M  THYRONA 100MCG X100TA                       4      1518      1518       000      6072       000  000  000  000  000  000         1  8904307700866       21432104       21432104   517021580001  N  0                      TT730007 01/08/2023       USD          342         1368          444
01 37486193  16405  M  TOBRA-DEXA DIS UNG.OF 3GR                   1      2014      2014       000      2014       000  000  000  000  000  000         1  7598252000037       21432670       21432670   517021580001  N  0                        210721 01/07/2024       USD          454          454          444
01 37486193  15373  M  TREXIOL 90MG. X10TA                         2      2080      2080       000      4160       000  000  000  000  000  000         1  7401156631118       21432004       21432004   517021580001  N  0                         K2280 01/11/2023       USD          468          937          444
01 37486193  VA012  M  ANTIFOM 40MG. X10CO                         3      1821      1821       000      5463       000  000  000  000  000  000         2  7592349722925       21432670       21432670   517021580002  N  0                       2111020 01/11/2023       USD          410         1230          444
01 37486193  14780  M  ATORVASTATINA DAC40 X30TA                  12      1716      1716       000     20592       000  000  000  000  000  000         2  7598578000254       21432043       21432043   517021580002  N  0                          V264 01/08/2024       USD          386         4638          444
01 37486193  14571  M  LOPERAMIDA LAND2MG.X100TA                   1      1577      1577       000      1577       000  000  000  000  000  000         2  7598008000519       21431107       21431107   517021580002  N  0                     TL1040001 01/06/2024       USD          355          355          444
01 37486193  14124  M  OMEFAR 20MG X14 CAP                         6       387       387       000      2322       000  000  000  000  000  000         2  7592236002246       21432547       21432547   517021580002  N  0                      CO300005 01/04/2024       USD          087          523          444
01 37486193  LT065  M  SITAGLISMET 50-500 X30CO                    1      8363      8363       000      8363       000  000  000  000  000  000         2  7591585118066       21430804       21430804   517021580002  N  0                           080 01/11/2023       USD         1884         1884          444
02 37486193         74        118474          1391           223        120088    0    0    0  000    0    0    0   16/04/2022 4:32:35 p. m.   PR           000           000             0            25           USD          444        26997
