01 37489594  16421  M  ACIDO ASCO.500/5 DIS X10A                   1      6188      7280      1092      6188       000  000  000 1500  000  000         1 17598252101540       21435356       21435356   517061090001  N  0                        210648 01/06/2024       USD         1394         1394          444
01 37489594  16744  M  ALUMA-D SUSP.ORAL 200ML.                    2      1629      1810       362      3258       000  000  000 1000  000  000         1  8902502117045       21435356       21435356   517061090001  N  0                        ALP204 01/03/2024       USD          367          734          444
01 37489594  PO175  M  BACITRACINA PO UNG. 15GR.                   2       988       988       000      1976       000  000  000  000  000  000         1  7592806141016       21435094       21435094   517061090001  N  0                        202014 01/02/2025       USD          223          445          444
01 37489594  PD565  M  BARGONIL UNG. 10GR.                         1      3900      3900       000      3900       000  000  000  000  000  000         1  7591955000045       21435094       21435094   517061090001  N  0                          0103 01/01/2026       USD          878          878          444
01 37489594  16233  M  BISOPROLOL NIO2,5MG.X30TA                   2      1418      1418       000      2836       000  000  000  000  000  000         1  7598869000062       21435094       21435094   517061090001  N  0                      CVZ21001 01/07/2023       USD          319          639          444
01 37489594  GP220  M  DALTAZEN 60MG. X20CO                        3      4030      4030       000     12090       000  000  000  000  000  000         1  7594000490303       21436326       21436326   517061090001  N  0                          0055 01/01/2024       USD          908         2723          444
01 37489594  SP550  M  DICLOFENAC D. SP GEL 15GR                   3       592       592       000      1776       000  000  000  000  000  000         1  7590027000495       21436464       21436464   517061090001  N  0                          1281 01/09/2023       USD          133          400          444
01 37489594  KN400  M  FERGANIC FOLIC GOTAS 30ML                   2      2990      2990       000      5980       000  000  000  000  000  000         1  7591955003077       21436672       21436672   517061090001  N  0                          0073 01/04/2023       USD          673         1347          444
01 37489594  11136  M  FLOMED SOL.TOP.BUCAL180ML                   2       878       878       000      1756       000  000  000  000  000  000         1  7591062901365       21436464       21436464   517061090001  N  0                        21075A 01/10/2024       USD          198          395          444
01 37489594  11463  C  GASAS EST.3X3 ALGOB X50S                    2      3397      3397       000      6794      1087  000  000  000  000  000         1 17593255000401       21436464       21436464   517061090001  N  0                        121540 01/07/2026       USD          765         1530          444
01 37489594  15198  N  HEPAGRAS 120MG. X30CA                       1      4173      4173       000      4173       000  000  000  000  000  000         1  7591585216892       21436672       21436672   517061090001  N  0                           004 01/10/2024       USD          940          940          444
01 37489594  11782  M  LETISAN 500MG. X10CA                        1       740       740       000       740       000  000  000  000  000  000         1  7591585314864       21434990       21434990   517061090001  N  0                           439 01/09/2024       USD          167          167          444
01 37489594  11071  A  OMEGA 369 LONGE1000 X60CA                   2      2504      2504       000      5008       000  000  000  000  000  000         1  7592253001635       21435094       21435094   517061090001  N  0                      06202101 01/06/2024       USD          564         1128          444
01 37489594  EL172  M  PEREBRON JBE.PED.FRANB120                   6      1084      1084       000      6504       000  000  000  000  000  000         1  7591062011200       21436464       21436464   517061090001  N  0                        22003A 01/02/2024       USD          244         1465          444
01 37489594  EL209  M  PEREBRON PED. M.LIMON 120CC                 3      1248      1248       000      3744       000  000  000  000  000  000         1  7591062011262       21436464       21436464   517061090001  N  0                        22011A 01/02/2024       USD          281          843          444
01 37489594  12806  M  SACRUSYT 100MCG.AER. 200D                   3      2223      2223       000      6669       000  000  000  000  000  000         1  7707274721206       21435094       21435094   517061090001  N  0                       2123251 01/06/2024       USD          501         1502          444
01 37489594  14238  M  SILDENAFIL GDG.PH 50MGX2T                  12       161       161       000      1932       000  000  000  000  000  000         1  7598307000050       21435094       21435094   517061090001  N  0                         SM004 01/07/2023       USD          036          435          444
01 37489594  LT065  M  SITAGLISMET 50-500 X30CO                    1      8377      8377       000      8377       000  000  000  000  000  000         1  7591585118066       21436719       21436719   517061090001  N  0                           080 01/11/2023       USD         1887         1887          444
01 37489594  ED224  M  TALERC 10MG. GOTAS 15ML.                    2       845       845       000      1690       000  000  000  000  000  000         1  7592803001825       21436464       21436464   517061090001  N  0                       2203746 01/03/2025       USD          190          381          444
01 37489594  ED006  M  UDOX 75MG. X10CA                            2      1300      1300       000      2600       000  000  000  000  000  000         1  7592803002556       21435356       21435356   517061090001  N  0                       2108619 01/08/2023       USD          293          586          444
01 37489594  14121  M  METFORMINA 500MGX 30TAB                    12       534       534       000      6408       000  000  000  000  000  000         2  7592236002345       21435094       21435094   517061090002  N  0                      TM730027 01/04/2024       USD          120         1443          444
01 37489594  MG604  M  FULGRAM 600/42,9SUSP.60CC                   1      6033      6033       000      6033       000  000  000  000  000  000         3  7591585113139       21435356       21435356   517061090003  N  0                           349 01/02/2024       USD         1359         1359          444
01 37489594  BQ250  M  IBUPROFENO BQ SUSP.120ML.                   2      1093      1093       000      2186       000  000  000  000  000  000         3  7594000850466       21435356       21435356   517061090003  N  0                        220305 01/03/2025       USD          246          492          444
01 37489594  ED219  M  TALERC 1MG.SOL.ORAL 120ML                   2      1235      1235       000      2470       000  000  000  000  000  000         3  7592803001818       21436464       21436464   517061090003  N  0                       2201693 01/02/2024       USD          278          556          444
02 37489594         70         98294          6794          1087        106175    0    0    0  000    0    0    0   20/04/2022 4:13:24 p. m.   PR           000           000             0            24           USD          444        23668
