01 37483690  PO130  M  ALURON 100MG. X30TA                         2      1820      1820       000      3640       000  000  000  000  000  000         1  7592806133042       21430214       21430214   517006150001  N  0                        110168 01/10/2025       USD          412          824          442
01 37483690  16251  M  AMPICILINA KMP500MG.X10CA                   6       566       566       000      3396       000  000  000  000  000  000         1  6921875011141       21430573       21430573   517006150001  N  0                       2106402 01/06/2024       USD          128          768          442
01 37483690  16418  M  ATENOLOL BM100MG. X30TA                     6       989      1099       660      5934       000  000  000 1000  000  000         1  7598127001480       21430214       21430214   517006150001  N  0                        211030 01/10/2024       USD          224         1343          442
01 37483690  PD754  M  FERGANIC 40MG. X14CA                        3      2600      2600       000      7800       000  000  000  000  000  000         1  7591955002421       21430573       21430573   517006150001  N  0                          0147 01/04/2024       USD          588         1765          442
01 37483690  LP640  M  FERGANIC 40MG. X24CA                        3      4290      4290       000     12870       000  000  000  000  000  000         1  7591955001257       21430573       21430573   517006150001  N  0                          0150 01/02/2025       USD          971         2912          442
01 37483690  15651  N  MACA HP500MG. X30CA                         2      2046      2046       000      4092       000  000  000  000  000  000         1  7592710004025       21430214       21430214   517006150001  N  0                       2422809 01/09/2024       USD          463          926          442
01 37483690  14955  M  METRONIDAZOL PORT500 10OV                   3      2210      2210       000      6630       000  000  000  000  000  000         1  7750215001806       21430573       21430573   517006150001  N  0                       2097331 01/09/2024       USD          500         1500          442
01 37483690  12353  M  NEFROTAL 50MG-5MG X30CO                     3      2600      2600       000      7800       000  000  000  000  000  000         1  7591619520834       21430573       21430573   517006150001  N  0                          0006 01/09/2022       USD          588         1765          442
01 37483690  ZV005  N  ARNICA D6 GLOB.30GR VIHOM                   6       937       937       000      5622       000  000  000  000  000  000         2  7593533001116       21430214       21430214   517006150002  N  0                     010322133 01/03/2025       USD          212         1272          442
02 37483690         34         57784           000           000         57784    0    0    0  000    0    0    0   12/04/2022 5:25:16 p. m.   PR           000           000             0             9           USD          442        13073
