01 37492162  GQ107  M  ACETAMINOFEN ELTER JBE120                   6       692       692       000      4152       000  000  000  000  000  000         1  7592454003100       21438077       21438077   517084090001  N  0                       3500812 01/03/2025       USD          156          935          444
01 37492162  10728  M  BIOCOR 20MG. X30TA                          2      2340      2340       000      4680       000  000  000  000  000  000         1  7591519000146       21438383       21438383   517084090001  N  0                         32609 01/02/2025       USD          527         1054          444
01 37492162  11897  M  BUCOXOLGAR MENTA X10TM                      3       969       969       000      2907       000  000  000  000  000  000         1  7592454891370       21438383       21438383   517084090001  N  0                       3500873 01/03/2024       USD          218          655          444
01 37492162  QM200  M  BUMETIN RETARD300MG.X20TA                   4      2867      2867       000     11468       000  000  000  000  000  000         1  7703763861002       21438383       21438383   517084090001  N  0                       3500699 01/02/2024       USD          646         2583          444
01 37492162  12381  M  CARBAMAZEPINA 200MG X20TA                   3      1256      1256       000      3768       000  000  000  000  000  000         1  7598176000106       21438383       21438383   517084090001  N  0                        T10032 01/12/2022       USD          283          849          444
01 37492162  MK949  M  CARVEDILOL +MK 12,5 X14TA                   6       910       910       000      5460       000  000  000  000  000  000         1  7591519007053       21438383       21438383   517084090001  N  0                         32545 01/01/2024       USD          205         1230          444
01 37492162  QM500  M  DESLER M 2,5MG-5MG X30TM                    1      4583      4583       000      4583       000  000  000  000  000  000         1  7592454889278       21438383       21438383   517084090001  N  0                       3500541 01/02/2024       USD         1032         1032          444
01 37492162  QM470  M  DESLER M TAB. 5/10 X30                      1      5719      5719       000      5719       000  000  000  000  000  000         1  7592454002769       21438383       21438383   517084090001  N  0                       3500536 01/01/2024       USD         1288         1288          444
01 37492162  15335  M  DEXAMETASONA LAND4MG.X10A                   4      1387      1387       000      5548       000  000  000  000  000  000         1  7598008000854       21438383       21438383   517084090001  N  0                       DS12157 01/10/2023       USD          312         1250          444
01 37492162  MK939  M  DOMPERIDONA +MK 10 X15                      6       585       585       000      3510       000  000  000  000  000  000         1  7591519007428       21438077       21438077   517084090001  N  0                         32416 01/11/2024       USD          132          791          444
01 37492162  GQ114  M  FLUDIL 10MG. X20TA                          3      2436      2436       000      7308       000  000  000  000  000  000         1  7592454345057       21438383       21438383   517084090001  N  0                       3275508 01/09/2024       USD          549         1646          444
01 37492162  14107  M  GENTAM+BETAM+CLOTRIX30CR                   12      1293      1437      1728     15516       000  000  000 1000  000  000         1  6930169708162       21438544       21438544   517084090001  N  0                        211005 01/10/2024       USD          291         3495          444
01 37492162  RZ340  M  LORADEX 10MG. X10TA                         6       416       416       000      2496       000  000  000  000  000  000         1  7594001101383       21438127       21438127   517084090001  N  0                          6181 01/11/2026       USD          094          562          444
01 37492162  FA449  M  NORMIX 200MG. X12TA                         1      6143      6143       000      6143       000  000  000  000  000  000         1  7592229003250       21438383       21438383   517084090001  N  0                         22425 01/05/2023       USD         1384         1384          444
01 37492162  MK355  M  PREDNISONA +MK 5MG. X10TA                   3       632       632       000      1896       000  000  000  000  000  000         1  7591519001037       21438077       21438077   517084090001  N  0                         32160 01/07/2026       USD          142          427          444
01 37492162  MK036  M  PREDNISONA +MK5MG. X30TA                    3      1249      1249       000      3747       000  000  000  000  000  000         1  7591519050806       21438077       21438077   517084090001  N  0                         32495 01/12/2026       USD          281          844          444
02 37492162         64         88901           000           000         88901    0    0    0  000    0    0    0   21/04/2022 3:12:14 p. m.   PR           000           000             0            16           USD          444        20023
