01 37492495  DP550  M  ATENOLOL DP 50MG. X30TA                     2      1560      1560       000      3120       000  000  000  000  000  000         1  7592616011028       21439737       21439737   517099520001  N  0                         10854 01/08/2023       USD          351          703          444
01 37492495  15323  M  COMPLEBREZ 100/6 PSI 150D                   1      7872     14313      6441      7872       000  000  000 4500  000  000         1  8904091110162       21439664       21439664   517099520001  N  0                      12200541 01/08/2022       USD         1773         1773          444
01 37492495  15324  M  COMPLEBREZ 200/6 PSI 150D                   1      8306     15101      6795      8306       000  000  000 4500  000  000         1  8904091122295       21439664       21439664   517099520001  N  0                      12200546 01/08/2022       USD         1871         1871          444
01 37492495  KL464  M  DERMOSUPRIL C CR. 0,1% 15GR                 1      3640      3640       000      3640       000  000  000  000  000  000         1  7591619520872       21439858       21439858   517099520001  N  0                          0001 01/05/2024       USD          820          820          444
01 37492495  15159  M  EFINEX MET 1000/4 X30TA                     1      3914      3914       000      3914       000  000  000  000  000  000         1   764600232345       21439664       21439664   517099520001  N  0                         10975 01/06/2023       USD          882          882          444
01 37492495  16778  M  FLAVOXATO DAC200MG. X20TA                   6      1430      1430       000      8580       000  000  000  000  000  000         1  7598578000421       21439664       21439664   517099520001  N  0                          V272 01/11/2024       USD          322         1932          444
01 37492495  GB850  M  GLICERINA GC SUPOS.AD. X6                   2      2128      2128       000      4256       000  000  000  000  000  000         1  7592349923957       21439737       21439737   517099520001  N  0                       2201170 01/01/2024       USD          479          959          444
01 37492495  HI240  M  MANITOL 18%SOL.N38 500CC.                   2      2860      2860       000      5720       000  000  000  000  000  000         1  7592637001190       21439737       21439737   517099520001  N  0                       2200047 01/02/2025       USD          644         1288          444
01 37492495  16238  M  METFORMINA NIO1000 X30TA                    2      1104      1104       000      2208       000  000  000  000  000  000         1  7598869000055       21439664       21439664   517099520001  N  0                      CAE41001 01/07/2023       USD          249          497          444
01 37492495  LX102  M  MIGREN 650-50-1 X20CO                       3      1505      1672       501      4515       000  000  000 1000  000  000         1  7591585415738       21439664       21439664   517099520001  N  0                           552 01/03/2024       USD          339         1017          444
01 37492495  12568  M  TERBICRYM 1% ATOMIZA 30ML                   1      1959      1959       000      1959       000  000  000  000  000  000         1  7596654000082       21439664       21439664   517099520001  N  0                         21001 01/09/2023       USD          441          441          444
01 37492495  12567  M  TERBICRYM 1% SOL TO X30ML                   1      1481      1481       000      1481       000  000  000  000  000  000         1  7596654000075       21439664       21439664   517099520001  N  0                         21002 01/10/2023       USD          334          334          444
02 37492495         23         55571           000           000         55571    0    0    0  000    0    0    0   21/04/2022 4:16:48 p. m.   PR           000           000             0            12           USD          444        12516
