01 37496186  GQ739  M  ACETAMINOFEN ELTER650 X10                  12       410       482       864      4920       000  000  000 1500  000  000         1  7592454001243       21442570       21442570   517129850001  N  0                       3500946 01/03/2024       USD          092         1108          444
01 37496186  11808  M  APIRET 180SOL.ORAL 60ML.                   12       599       599       000      7188       000  000  000  000  000  000         1  7591196007155       21442570       21442570   517129850001  N  0                       I032346 01/03/2024       USD          135         1619          444
01 37496186  LO120  M  CLARASOL SOL.OFT. 15ML.                     2      2019      2019       000      4038       000  000  000  000  000  000         1  7591196000071       21441811       21441811   517129850001  N  0                       I061142 01/07/2024       USD          455          909          444
01 37496186  11288  M  COLYPAN 200MG. X10TA                        6      1530      1530       000      9180       000  000  000  000  000  000         1  7591821210264       21441818       21441818   517129850001  N  0                       2202531 01/02/2025       USD          345         2068          444
01 37496186  15913  M  DULOXETINA CLEO30MG.30TA                    2      2542      2542       000      5084       000  000  000  000  000  000         1  7598677000278       21441811       21441811   517129850001  N  0                       21T0716 01/06/2024       USD          573         1145          444
01 37496186  15344  M  LACRIDOS SOL.OFT. 10ML.                     6      1401      1401       000      8406       000  000  000  000  000  000         1  7591196007247       21442570       21442570   517129850001  N  0                        022055 01/02/2025       USD          316         1893          444
01 37496186  CO185  M  MIOVIT GRAGEAS X10                          6       580       967      2322      3480       000  000  000 4000  000  000         1  7591818118030       21442570       21442570   517129850001  N  0                         10189 01/05/2024       USD          131          784          444
01 37496186  CO105  M  MIOVIT GRAGEAS X30                          4      1533      2555      4088      6132       000  000  000 4000  000  000         1  7591818118047       21442570       21442570   517129850001  N  0                         10413 01/09/2024       USD          345         1381          444
01 37496186  13120  M  TAMSULOSINA CL BM 0,4X30T                   4      1338      1487       596      5352       000  000  000 1000  000  000         1  6972718560029       21441818       21441818   517129850001  N  0                        210735 01/07/2024       USD          301         1205          444
02 37496186         54         53780           000           000         53780    0    0    0  000    0    0    0   23/04/2022 2:06:47 p. m.   PR           000           000             0             9           USD          444        12113
