01 37500342  14829  M  AMOXICIL CLA JL500/125X10                   3      4388      4388       000     13164       000  000  000  000  000  000         1  7598650000677       21445200       21445200   517169070001  N  0                       2007375 01/07/2023       USD          988         2965          444
01 37500342  14832  M  CAPTOPRIL JL50MG. X10TA                    12       482       482       000      5784       000  000  000  000  000  000         1  7598650000196       21445200       21445200   517169070001  N  0                         T8818 01/06/2023       USD          109         1303          444
01 37500342  14850  M  DICLOFENAC S. JL100 10SUP                   3      2176      2176       000      6528       000  000  000  000  000  000         1  7598650000585       21445200       21445200   517169070001  N  0                          2733 01/08/2023       USD          490         1470          444
01 37500342  14898  M  HIDROCORTISONA JL500 X1A                    2      4388      4388       000      8776       000  000  000  000  000  000         1  7598650000431       21445200       21445200   517169070001  N  0                        N18101 01/04/2024       USD          988         1977          444
01 37500342  15882  M  KETOPROFENO JL50 2ML.X10A                   1      8775      8775       000      8775       000  000  000  000  000  000         1  7598650000851       21445200       21445200   517169070001  N  0                        N18438 01/05/2024       USD         1976         1976          444
01 37500342  14859  M  LOSARTAN P.JL50MG.X10TA                     2       676       676       000      1352       000  000  000  000  000  000         1  7598650000479       21445200       21445200   517169070001  N  0                         T8881 01/07/2023       USD          152          304          444
01 37500342  14863  M  METFORMINA JL500MG. X10TA                   6       527       527       000      3162       000  000  000  000  000  000         1  7598650000493       21445200       21445200   517169070001  N  0                         T8880 01/07/2023       USD          119          712          444
01 37500342  16159  M  MULTIVITAMINICO JL10ML.5A                   6      4388      4388       000     26328       000  000  000  000  000  000         1  7598650000912       21445200       21445200   517169070001  N  0                        N18406 01/05/2023       USD          988         5930          444
01 37500342  14902  M  SOL ISOTONICA JL0,9% 500                    3      1141      1141       000      3423       000  000  000  000  000  000         1  7598650000011       21445200       21445200   517169070001  N  0                    3B21061102 01/05/2024       USD          257          771          444
01 37500342  14902  M  SOL ISOTONICA JL0,9% 500                   21      1141      1141       000     23961       000  000  000  000  000  000         2  7598650000011       21445200       21445200   517169070002  N  0                    3B21061102 01/05/2024       USD          257         5397          444
02 37500342         59        101253           000           000        101253    0    0    0  000    0    0    0   26/04/2022 3:50:11 p. m.   PR           000           000             0            10           USD          444        22805
