01 37509939  10357  N  ACEITE DE RICINO FSI 30CC                   3      1223      1223       000      3669       000  000  000  000  000  000         1  7592368000165       21452435       21452435   517265610001  N  0                       0222031 01/09/2023       USD          272          815          450
01 37509939  PO130  M  ALURON 100MG. X30TA                         2      1820      1820       000      3640       000  000  000  000  000  000         1  7592806133042       21452435       21452435   517265610001  N  0                        201001 01/01/2026       USD          404          809          450
01 37509939  14558  M  ENALAPRIL LAND10 X100TA                     1      1639      1639       000      1639       000  000  000  000  000  000         1  7598008000366       21452435       21452435   517265610001  N  0                      TE650001 01/10/2024       USD          364          364          450
01 37509939  15997  M  ENEMAX-P SOL. 66.6ML.                       1      4095      4095       000      4095       000  000  000  000  000  000         1  8904271594652       21452435       21452435   517265610001  N  0                        WS2124 01/03/2024       USD          910          910          450
01 37509939  11136  M  FLOMED SOL.TOP.BUCAL180ML                   1       878       878       000       878       000  000  000  000  000  000         1  7591062901365       21452435       21452435   517265610001  N  0                        21075A 01/10/2024       USD          195          195          450
01 37509939  EL035  M  GENURIN 200MG. X10CO                        3      2057      2057       000      6171       000  000  000  000  000  000         1  7591062901198       21452435       21452435   517265610001  N  0                        22021A 01/02/2025       USD          457         1371          450
01 37509939  GB840  M  GLICERINA GC SUPOS.PED.X6                   2      1698      1698       000      3396       000  000  000  000  000  000         1  7592349923872       21452435       21452435   517265610001  N  0                       2111139 01/11/2023       USD          377          755          450
01 37509939  LO580  M  QUINOTIC HC OTICA 5ML.                      6      2165      2165       000     12990       000  000  000  000  000  000         1  7591196000637       21452435       21452435   517265610001  N  0                        012193 01/01/2024       USD          481         2887          450
01 37509939  LO680  M  TOBRASOL UNG. OFT. 7,5GR.                   1      3106      3106       000      3106       000  000  000  000  000  000         1  7591196000873       21452435       21452435   517265610001  N  0                        081345 01/08/2023       USD          690          690          450
01 37509939  11287  C  BRUCEN CR.DERMO RESTA30                     1      2358      2358       000      2358       377  000  000  000  000  000         2  7592090000075       21452435       21452435   517265610002  N  0                        210911 01/10/2024       USD          524          524          450
01 37509939  14436  C  BRUCETIN KIDS BODY LO.200                   1      2548      2548       000      2548       408  000  000  000  000  000         2  7592090001546       21452435       21452435   517265610002  N  0                        211172 01/11/2024       USD          566          566          450
01 37509939  16449  C  GLYCERIN JABON 100GR                        2       650       650       000      1300       208  000  000  000  000  000         2  7598504265580       21452435       21452435   517265610002  N  0                      20210909 01/09/2025       USD          144          289          450
02 37509939         24         39584          6206           993         46783    0    0    0  000    0    0    0   02/05/2022 3:41:41 p. m.   PR           000           000             0            12           USD          450        10176
