01 37518809  12133  M  AMOXICILINA BM500 X100CA                    1      5746      6760      1014      5746       000  000  000 1500  000  000         1  6930169708261       21458922       21458922   517356370001  N  0                        210434 01/04/2024       USD         1255         1255          458
01 37518809  15717  M  ATORVASTATINA FM40 X30TA                    8      1170      1300      1040      9360       000  000  000 1000  000  000         1  8906082150935       21458418       21458418   517356370001  N  0                         T1402 01/06/2024       USD          255         2044          458
01 37518809  CO460  M  CELAY 10MG. X10TA                           1      1036      1036       000      1036       000  000  000  000  000  000         1  7591818116104       21458337       21458337   517356370001  N  0                         10427 01/09/2023       USD          226          226          458
01 37518809  16248  M  CLINDAMICINA NIO300 X10CA                   3      2535      2535       000      7605       000  000  000  000  000  000         1  7598869000307       21458984       21458984   517356370001  N  0                     CSB012104 01/07/2023       USD          553         1660          458
01 37518809  CO265  M  CLORACE 500MG/4MG X10TA                     1      1217      1217       000      1217       000  000  000  000  000  000         1  7591818116043       21458337       21458337   517356370001  N  0                         10466 01/10/2024       USD          266          266          458
01 37518809  12719  M  COFADOR SOL. OF X5ML                        1      3359      3359       000      3359       000  000  000  000  000  000         1  7591818716779       21458418       21458418   517356370001  N  0                        208150 01/08/2023       USD          733          733          458
01 37518809  11585  M  DESLER M 1,25-4 GRAN.10SO                   2      1581      1581       000      3162       000  000  000  000  000  000         1  7592454891233       21458165       21458165   517356370001  N  0                       3500916 01/03/2024       USD          345          690          458
01 37518809  GQ379  M  GLIMEPIRIDE ELTER4MG. X16                   2      1660      1660       000      3320       000  000  000  000  000  000         1  7703763165063       21458922       21458922   517356370001  N  0                       3500560 01/01/2025       USD          362          725          458
01 37518809  CO200  M  IPALAT 1% SOL.TOP. 20ML.                    1      1600      1600       000      1600       000  000  000  000  000  000         1  7591818111048       21458418       21458418   517356370001  N  0                         10258 01/08/2026       USD          349          349          458
01 37518809  15623  C  MASCARI BM3SLPY NEGRA X50                   1      3591      4225       634      3591       575  000  000 1500  000  000         1  7598127001435       21458558       21458558   517356370001  N  0                      20210605 01/06/2024       USD          784          784          458
01 37518809  CO500  M  MIOVIT COMP. 3ML. X1A KIT                   2       647      1079       864      1294       000  000  000 4000  000  000         1  7591818113011       21458165       21458165   517356370001  N  0                         10276 01/06/2024       USD          141          283          458
01 37518809  EH620  M  MONTELUKAST VP 5MG.X30TM                    2      3449      3449       000      6898       000  000  000  000  000  000         1  7703153022655       21458418       21458418   517356370001  N  0                       1353421 01/06/2023       USD          753         1506          458
01 37518809  PG110  M  NINAZO GOTAS AD. 15ML.                      6       726       772       276      4356       000  000  000  600  000  000         1  7591821802957       21458922       21458922   517356370001  N  0                       2111188 01/05/2023       USD          159          951          458
01 37518809  GQ110  M  BROXOL JBE. PED. 120 CC.                    3      1820      1820       000      5460       000  000  000  000  000  000         2  7592454536370       21458984       21458984   517356370002  N  0                       3500723 01/03/2024       USD          397         1192          458
02 37518809         34         54413          3591           575         58579    0    0    0  000    0    0    0   09/05/2022 3:46:20 p. m.   PR           000           000             0            14           USD          458        12665
