01 37518584  LO434  M  ACIDO ACETIL. LO81 X24TA                    3       917       917       000      2751       000  000  000  000  000  000         1  7591196003195       21458849       21458849   517356320001  N  0                       I022814 01/02/2024       USD          200          601          458
01 37518584  LO184  M  AIRON 5MG. X30TA.MAST.                      3      2275      2275       000      6825       000  000  000  000  000  000         1  7591196002792       21458418       21458418   517356320001  N  0                       I121267 01/03/2024       USD          497         1490          458
01 37518584  LO244  M  AIRON TAB.MAST. 4MG. X30                    2      2185      2185       000      4370       000  000  000  000  000  000         1  7591196002945       21458418       21458418   517356320001  N  0                       I121273 01/12/2023       USD          477          954          458
01 37518584  LO444  M  APIRET 180SOL.ORAL 120ML.                   6      1096      1096       000      6576       000  000  000  000  000  000         1  7591196002785       21458418       21458418   517356320001  N  0                       I032358 01/03/2024       USD          239         1436          458
01 37518584  PO170  M  ATROBEL 10MG. GOTAS 15ML.                   1      1638      1638       000      1638       000  000  000  000  000  000         1  7592806123012       21458165       21458165   517356320001  N  0                        109148 01/09/2023       USD          358          358          458
01 37518584  16906  M  ATROVERAN 10MG. X10TA                       1      2146      2146       000      2146       000  000  000  000  000  000         1  7592349001129       21458165       21458165   517356320001  N  0                       2203032 01/03/2024       USD          469          469          458
01 37518584  LO424  M  BUDENAS NASAL 200 DOSIS                     2      3335      3335       000      6670       000  000  000  000  000  000         1  7591196000644       21458418       21458418   517356320001  N  0                        012777 01/01/2024       USD          728         1456          458
01 37518584  15832  M  CLINDAMICINA AL150 4ML.5A                   1      4792      5324       532      4792       000  000  000 1000  000  000         1  7597758000718       21458849       21458849   517356320001  N  0                       2221085 01/03/2024       USD         1046         1046          458
01 37518584  KN400  M  FERGANIC FOLIC GOTAS 30ML                   2      3120      3120       000      6240       000  000  000  000  000  000         1  7591955003077       21459011       21459011   517356320001  N  0                          0073 01/04/2023       USD          681         1362          458
01 37518584  VC002  M  FUGOLIN 1% SOL.TOP. 30ML.                   1      1560      1560       000      1560       000  000  000  000  000  000         1  7592782000680       21458418       21458418   517356320001  N  0                       21A0018 01/12/2023       USD          341          341          458
01 37518584  KL259  M  GLAUCOTENSIL T S.OFT. 5CC.                  1      4030      4030       000      4030       000  000  000  000  000  000         1  7795368001679       21458165       21458165   517356320001  N  0                         00493 01/11/2024       USD          880          880          458
01 37518584  VA619  M  HENOVIC SOL.ORAL GOTAS 30ML                 2      2688      2688       000      5376       000  000  000  000  000  000         1  7592349722963       21459011       21459011   517356320001  N  0                       2111038 01/11/2023       USD          587         1174          458
01 37518584  16724  M  LERCANIDIPINA GP10MG.30TA                   2      2054      2054       000      4108       000  000  000  000  000  000         1  7598658000068       21459020       21459020   517356320001  N  0                         EG154 01/09/2024       USD          448          897          458
01 37518584  14567  M  LEVONORGESTREL LAND1.5 X1                  12       599       599       000      7188       000  000  000  000  000  000         1  7598008000472       21458922       21458922   517356320001  N  0                        T10121 01/10/2024       USD          131         1569          458
01 37518584  EL290  M  LIOLACTIL 1,5G. PPSO X6S.                   2      5282      5282       000     10564       000  000  000  000  000  000         1  7591062013303       21458418       21458418   517356320001  N  0                        21102A 01/12/2022       USD         1153         2307          458
01 37518584  KL424  M  LOTESOFT SUSP.OFT. 5CC.                     1      4420      4420       000      4420       000  000  000  000  000  000         1  7795368054101       21458418       21458418   517356320001  N  0                         00183 01/11/2023       USD          965          965          458
01 37518584  15706  M  MELOXICAM BRIX15MG.100TA                    2      4056      4056       000      8112       000  000  000  000  000  000         1  8906130230459       21459020       21459020   517356320001  N  0                       KE21304 01/07/2024       USD          886         1771          458
01 37518584  15448  M  MINOXIDIL SGG5% S.TOP.60                    2      2067      2067       000      4134       000  000  000  000  000  000         1  7596347792515       21458418       21458418   517356320001  N  0                         0322H 01/03/2024       USD          451          903          458
01 37518584  LO690  M  RINOMAX SOL. NASAL 15ML.                    4      1671      1671       000      6684       000  000  000  000  000  000         1  7591196000682       21458887       21458887   517356320001  N  0                       I032341 01/03/2024       USD          365         1459          458
01 37518584  15621  M  TIMOLOL LPV0,5 SO.OF.10ML                   2      1282      1282       000      2564       000  000  000  000  000  000         1  8908006972289       21458165       21458165   517356320001  N  0                        N21G09 01/06/2023       USD          280          560          458
02 37518584         52        100748           000           000        100748    0    0    0  000    0    0    0   09/05/2022 3:03:52 p. m.   PR           000           000             0            20           USD          458        21997
