01 37520334  LO104  M  AIRON 5MG. X10TAB.MAST.                     2      1108      1108       000      2216       000  000  000  000  000  000         1  7591196002549       21458418       21458418   517356330001  N  0                       I121269 01/01/2024       USD          242          484          458
01 37520334  16251  M  AMPICILINA KMP500MG.X10CA                   6       566       566       000      3396       000  000  000  000  000  000         1  6921875011141       21458418       21458418   517356330001  N  0                       2106402 01/06/2024       USD          124          741          458
01 37520334  PO175  M  BACITRACINA PO UNG. 15GR.                   3       988       988       000      2964       000  000  000  000  000  000         1  7592806141016       21459011       21459011   517356330001  N  0                        202020 01/02/2025       USD          216          647          458
01 37520334  PO500  M  BACTRON FORTE TAB. X10                      1      2158      2158       000      2158       000  000  000  000  000  000         1  7592806133530       21458849       21458849   517356330001  N  0                        110185 01/10/2024       USD          471          471          458
01 37520334  PO185  M  BACTRON TAB. X20                            2      1521      1521       000      3042       000  000  000  000  000  000         1  7592806133073       21458849       21458849   517356330001  N  0                        201011 01/01/2027       USD          332          664          458
01 37520334  KL033  M  COROPRES H 8/12,5 X30CO                     2      3120      3120       000      6240       000  000  000  000  000  000         1  7591619520353       21458418       21458418   517356330001  N  0                          0005 01/03/2024       USD          681         1362          458
01 37520334  LO810  M  FISIOLIN GOTAS PED. 15ML.                   3      1606      1606       000      4818       000  000  000  000  000  000         1  7591196002198       21459011       21459011   517356330001  N  0                       I060946 01/07/2023       USD          351         1052          458
01 37520334  VC215  M  FUGOLIN CR. 20 GR.                          1      1560      1560       000      1560       000  000  000  000  000  000         1  7592782000130       21458418       21458418   517356330001  N  0                       21A0014 01/10/2023       USD          341          341          458
01 37520334  KL254  M  GLAUCOTENSIL D S.OFT. 5CC.                  1      5200      5200       000      5200       000  000  000  000  000  000         1  7795368001686       21458165       21458165   517356330001  N  0                         00118 01/12/2024       USD         1135         1135          458
01 37520334  ED960  M  IDOXEN LP 75MG. X10CA                       1      2600      2600       000      2600       000  000  000  000  000  000         1  7592803001504       21458922       21458922   517356330001  N  0                       2203751 01/12/2022       USD          568          568          458
01 37520334  11502  M  LOPERAM 2MG. X10TA                          3       919       919       000      2757       000  000  000  000  000  000         1  7592349723571       21458984       21458984   517356330001  N  0                       2110445 01/10/2026       USD          201          602          458
01 37520334  LO105  M  MATILOL 0,50% S.OFT. 6ML.                   3      1962      1962       000      5886       000  000  000  000  000  000         1  7591196001603       21458418       21458418   517356330001  N  0                       I031118 01/04/2023       USD          428         1285          458
01 37520334  15591  M  N-BUTIL BRO BIO20MG.10A                     1      4732      4732       000      4732       000  000  000  000  000  000         1 17709315171572       21458542       21458542   517356330001  N  0                         21103 01/06/2023       USD         1033         1033          458
01 37520334  14577  M  NIFEDIPINA LAND10 X100TA                    2      1356      1356       000      2712       000  000  000  000  000  000         1  7598008000571       21458558       21458558   517356330001  N  0                      TN550001 01/07/2024       USD          296          592          458
01 37520334  11536  M  OLMECAR 20MG. X30CO                         1      2229      2786       557      2229       000  000  000 2000  000  000         1  7591585318794       21458984       21458984   517356330001  N  0                           044 01/01/2024       USD          487          487          458
01 37520334  KL084  M  PLIDAN COMP.10-125  X10CO                   3      2990      2990       000      8970       000  000  000  000  000  000         1  7591619518695       21459011       21459011   517356330001  N  0                          0013 01/10/2024       USD          653         1959          458
01 37520334  16871  M  PROLASTAT 0,5MG. X4TA                       1      5785      5785       000      5785       000  000  000  000  000  000         1  7707355052960       21458542       21458542   517356330001  N  0                      15150921 01/10/2023       USD         1263         1263          458
01 37520334  LT065  M  SITAGLISMET 50-500 X30CO                    1      8743      8743       000      8743       000  000  000  000  000  000         1  7591585118066       21458922       21458922   517356330001  N  0                           080 01/11/2023       USD         1909         1909          458
01 37520334  EL001  M  TALZIC 10MG. X10CO                          6       597       597       000      3582       000  000  000  000  000  000         1  7591062016700       21458418       21458418   517356330001  N  0                        21094A 01/12/2023       USD          130          782          458
01 37520334  PA053  M  TAMOA 250MG. X6CO.MAST.                     2      2274      2274       000      4548       000  000  000  000  000  000         1  7591243849622       21458418       21458418   517356330001  N  0                       9285402 01/11/2023       USD          496          993          458
01 37520334  GM139  M  ESPIRONOLACTONA MY 25X20                    6      1625      1625       000      9750       000  000  000  000  000  000         2  7592601300984       21458849       21458849   517356330002  N  0                        256803 01/04/2024       USD          355         2129          458
01 37520334  ET340  C  ADEMINA PLUS CR.CORP.30GR                   4      1169      1169       000      4676       748  000  000  000  000  000         3  7591844000439       21458984       21458984   517356330003  N  0                    AP30220100 01/01/2025       USD          255         1021          458
02 37520334         55         93888          4676           748         99312    0    0    0  000    0    0    0   09/05/2022 8:43:22 p. m.   PR           000           000             0            22           USD          458        21521
