01 37528330  MK106  M  AMLODIPINA +MK10MG. X30TA                   6       542       709      1002      3252       000  000 1500 1000  000  000         1  7591519001648       21465264       21465264   517447180001  N  0                         32384 01/10/2023       USD          115          689          472
01 37528330  LO120  M  CLARASOL SOL.OFT. 15ML.                     6      1332      2422      6540      7992       000  000  000 4500  000  000         1  7591196000071       21465264       21465264   517447180001  N  0                       I061142 01/07/2024       USD          282         1693          472
01 37528330  11288  M  COLYPAN 200MG. X10TA                        6      1535      1535       000      9210       000  000  000  000  000  000         1  7591821210264       21465467       21465467   517447180001  N  0                       2202531 01/02/2025       USD          325         1951          472
01 37528330  FA008  M  DOTRON SUSP.PED. 120ML.                     2      2048      2048       000      4096       000  000  000  000  000  000         1  7591821903944       21465752       21465752   517447180001  N  0                       2202489 01/02/2024       USD          434          868          472
01 37528330  16067  M  ESDET 40MG. X30CA                           6      1462      1720      1548      8772       000  000 1500  000  000  000         1   745687143236       21465264       21465264   517447180001  N  0                       WGC2147 01/03/2023       USD          310         1858          472
01 37528330  MK052  M  FLUCONAZOL +MK150MG. X2CA                  12       520       722      2424      6240       000  000 2000 1000  000  000         1  7591519001594       21465264       21465264   517447180001  N  0                         32440 01/12/2023       USD          110         1322          472
01 37528330  13470  M  GESTAGENO 100MG.X30CA.BLA                   1      8401      8401       000      8401       000  000  000  000  000  000         1  7401078900156       21465752       21465752   517447180001  N  0                      LF24369C 01/08/2023       USD         1780         1780          472
01 37528330  13472  M  GESTAGENO 200MG.X30CA.BLA                   1     11261     11261       000     11261       000  000  000  000  000  000         1  7401078900163       21465752       21465752   517447180001  N  0                      LF24773A 01/10/2023       USD         2386         2386          472
01 37528330  LO419  M  NAS SOL.NASAL PED.15ML.                     4       666       740       296      2664       000  000  000 1000  000  000         1  7591196003027       21465752       21465752   517447180001  N  0                       I121265 01/12/2023       USD          141          564          472
01 37528330  MK409  M  SECNIDAZOL +MK 1GR. X 2                     3       819       819       000      2457       000  000  000  000  000  000         1  7591519003918       21465752       21465752   517447180001  N  0                         32704 01/03/2025       USD          174          521          472
01 37528330  14881  M  SECNIDAZOL FM500MG. X4TA                    4       585       585       000      2340       000  000  000  000  000  000         1  8906082150737       21465752       21465752   517447180001  N  0                         T1096 01/01/2024       USD          124          496          472
01 37528330  15918  M  SUCRALFATO CLEO1GR. X10TA                   3      1555      1555       000      4665       000  000  000  000  000  000         1  7598677000292       21465264       21465264   517447180001  N  0                       21T0717 01/06/2024       USD          329          988          472
02 37528330         54         71350           000           000         71350    0    0    0  000    0    0    0   13/05/2022 4:17:07 p. m.   PR           000           000             0            12           USD          472        15117
