01 37527576  MY014  M  ARBIXIL 7,5-5 GOTAS 15ML.                   2       501      1001      1000      1002       000  000  000 5000  000  000         1  7592601100683       21465467       21465467   517447160001  N  0                        928903 01/09/2022       USD          106          212          472
01 37527576  KW003  C  CLIMAX CHOCO PRESERV. X3                    2       985       985       000      1970       315  000  000  000  000  000         1  8852961006124       21465467       21465467   517447160001  N  0                        174502 01/10/2022       USD          209          417          472
01 37527576  KW001  C  CLIMAX FRESA PRESERV. X3                    2       985       985       000      1970       315  000  000  000  000  000         1  8852961006179       21465467       21465467   517447160001  N  0                        174503 01/10/2022       USD          209          417          472
01 37527576  KL992  M  COROPRES 8MG. X30CO                         2      2340      2340       000      4680       000  000  000  000  000  000         1  7591619520339       21465264       21465264   517447160001  N  0                          0010 01/06/2024       USD          496          992          472
01 37527576  LT038  M  COVENTROL 6,25MG. X30CO                     2      2103      2103       000      4206       000  000  000  000  000  000         1  7591585265630       21465264       21465264   517447160001  N  0                           128 01/10/2023       USD          446          891          472
01 37527576  PA874  M  DI EUDRIN 12,5MG. X24TA                     3      1499      1612       339      4497       000  000  000  700  000  000         1  7591243812374       21465264       21465264   517447160001  N  0                       9250801 01/08/2024       USD          318          953          472
01 37527576  TQ510  M  FLUCON CAPS. 150MG. X2                      2      1300      1300       000      2600       000  000  000  000  000  000         1  7591955002162       21465264       21465264   517447160001  N  0                          0051 01/02/2023       USD          275          551          472
01 37527576  VC003  M  GENCIVOL COMPU SOL.15ML.                    3      1300      1300       000      3900       000  000  000  000  000  000         1  7592782000529       21465467       21465467   517447160001  N  0                       2220008 01/03/2024       USD          275          826          472
01 37527576  HH130  M  GLETOP 40MG. X10TA                          2      1591      1591       000      3182       000  000  000  000  000  000         1  8904091147601       21465264       21465264   517447160001  N  0                      10201722 01/08/2022       USD          337          674          472
01 37527576  KL041  M  MARTESIA CAPS. 75MG. X14                    2      1300      1300       000      2600       000  000  000  000  000  000         1  7591619520483       21465467       21465467   517447160001  N  0                          0003 01/04/2024       USD          275          551          472
01 37527576  16708  M  TIOCOLCHICOSIDO DAC4 10TA                   6      1312      1353       246      7872       000  000  000  300  000  000         1  7598578000308       21465467       21465467   517447160001  N  0                          V270 01/08/2024       USD          278         1668          472
02 37527576         28         34539          3940           630         39109    0    0    0  000    0    0    0   13/05/2022 11:44:36 a. m.   PR           000           000             0            11           USD          472         8152
