01 37535715  LO184  M  AIRON 5MG. X30TA.MAST.                      3      2275      2275       000      6825       000  000  000  000  000  000         1  7591196002792       21471225       21471225   517522150001  N  0                       I121267 01/03/2024       USD          474         1422          480
01 37535715  16484  M  AMOXICILINA BRIX500 100CA                   1      7488      7488       000      7488       000  000  000  000  000  000         1  8906130230824       21471775       21471775   517522150001  N  0                       KE21159 01/04/2023       USD         1560         1560          480
01 37535715  11081  M  BRUDOL 200MG/65MG. X20CO                    2       945       945       000      1890       000  000  000  000  000  000         1  7591062901105       21471225       21471225   517522150001  N  0                        21085A 01/11/2024       USD          197          394          480
01 37535715  14381  M  CLOTRIMAZ TIA100 X6TA.VAG                   2      1040      1040       000      2080       000  000  000  000  000  000         1  8904187829503       21471225       21471225   517522150001  N  0                        T10542 01/03/2025       USD          217          433          480
01 37535715  GP220  M  DALTAZEN 60MG. X20CO                        3      4160      4160       000     12480       000  000  000  000  000  000         1  7594000490303       21471225       21471225   517522150001  N  0                          0055 01/01/2024       USD          867         2600          480
01 37535715  13893  M  DESAZONA 4MG. X100TA                        1      7280      7280       000      7280       000  000  000  000  000  000         1  7750215026250       21471775       21471775   517522150001  N  0                       2112311 01/11/2024       USD         1517         1517          480
01 37535715  GN146  M  ENALAPRIL GN 20MG. X30CO                    6       444       634      1140      2664       000  000  000 3000  000  000         1  7591585378538       21471225       21471225   517522150001  N  0                           428 01/12/2023       USD          092          555          480
01 37535715  MO012  M  IBUTANMIGRA TAB. X10                        2      1040      1040       000      2080       000  000  000  000  000  000         1  7592601301622       21471225       21471225   517522150001  N  0                        136402 01/06/2023       USD          217          433          480
01 37535715  14495  A  LACTOVAC SUSP.PED. 12ML.                    2      1092      1092       000      2184       349  000  000  000  000  000         1  7596855001031       21471225       21471225   517522150001  N  0                   P0205220223 01/10/2022       USD          228          455          480
01 37535715  14577  M  NIFEDIPINA LAND10 X100TA                    2      1385      1385       000      2770       000  000  000  000  000  000         1  7598008000571       21471225       21471225   517522150001  N  0                      TN550001 01/07/2024       USD          289          577          480
01 37535715  11536  M  OLMECAR 20MG. X30CO                         2      2786      2786       000      5572       000  000  000  000  000  000         1  7591585318794       21471775       21471775   517522150001  N  0                           044 01/01/2024       USD          580         1161          480
01 37535715  MY290  M  TILODRIN GOTAS 15ML.                        3      1170      1170       000      3510       000  000  000  000  000  000         1  7592601100539       21471225       21471225   517522150001  N  0                        202701 01/02/2024       USD          244          731          480
01 37535715  12251  C  NIVEA CREMA 50ML                            2      1381      1381       000      2762       442  000  000  000  000  000         2  7501054500063       21471775       21471775   517522150002  N  0                      14439257 01/04/2024       USD          288          575          480
01 37535715  BQ250  M  IBUPROFENO BQ SUSP.120ML.                   3      1093      1093       000      3279       000  000  000  000  000  000         3  7594000850466       21471775       21471775   517522150003  N  0                        220410 01/04/2025       USD          228          683          480
02 37535715         34         60102          2762           791         63655    0    0    0  000    0    0    0   18/05/2022 4:07:33 p. m.   PR           000           000             0            14           USD          480        13097
