01 37539444  12164  M  ANTICONCEPTI BM3-0,03 X21                   2      2535      2535       000      5070       000  000  000  000  000  000         1  6930169708360       21472634       21472634   517545530001  N  0                        210178 01/01/2024       USD          525         1050          483
01 37539444  GQ224  M  CETIRIZINA ELTER JBE60CC.                   6       806      1008      1212      4836       000  000  000 2000  000  000         1  7592454138239       21473341       21473341   517545530001  N  0                       3500654 01/02/2025       USD          167         1001          483
01 37539444  ZA102  M  EVIGAX 125MG. X10CA.BLA                     3      1830      1906       228      5490       000  000  000  400  000  000         1  7592432900032       21473341       21473341   517545530001  N  0                        220024 01/01/2025       USD          379         1137          483
01 37539444  DT240  N  GLICERINA DT 30 X12                         2      6650      6650       000     13300       000  000  000  000  000  000         1 17591616000664       21473341       21473341   517545530001  N  0                        122402 01/04/2025       USD         1377         2754          483
01 37539444  13589  M  INFLAPRED 10MG/ML SOF 5ML                   1      1551      1551       000      1551       000  000  000  000  000  000         1  7703763093168       21473474       21473474   517545530001  N  0                       3254128 01/11/2022       USD          321          321          483
01 37539444  GQ042  M  LOSARTAN P.ELTER50MG.X30                    6       776      1294      3108      4656       000  000  000 4000  000  000         1  7592454889841       21472634       21472634   517545530001  N  0                       3501046 01/04/2024       USD          161          964          483
01 37539444  14121  M  METFORMINA 500MGX 30TAB                    18       530       589      1062      9540       000  000  000 1000  000  000         1  7592236002345       21472634       21472634   517545530001  N  0                      TM730028 01/04/2024       USD          110         1975          483
01 37539444  NP024  M  NOTOLAC 20MG. X10TA                         3      1707      1707       000      5121       000  000  000  000  000  000         1  7591821902022       21472460       21472460   517545530001  N  0                       2203474 01/03/2025       USD          353         1060          483
01 37539444  VP003  M  NYTAXIN 500MG. X6CA.BL.                     1      3198      3331       133      3198       000  000  000  400  000  000         1  7592432018010       21472460       21472460   517545530001  N  0                        210157 01/06/2023       USD          662          662          483
01 37539444  11566  M  OLMESARTAN LS 20MG.X10CO                    3       779       865       258      2337       000  000  000 1000  000  000         1  7592454891219       21472460       21472460   517545530001  N  0                       3500494 01/02/2024       USD          161          484          483
01 37539444  11554  M  PANTOPRAZOL VP 20MG.X10TA                   2      1165      1387       444      2330       000  000  000 1600  000  000         1  7703153034726       21473341       21473341   517545530001  N  0                       1352912 01/05/2023       USD          241          482          483
01 37539444  DP720  M  SULFADIAZINA P.DP CR.30GR                   2      1950      1950       000      3900       000  000  000  000  000  000         1  7592616480015       21473341       21473341   517545530001  N  0                         20317 01/03/2024       USD          404          807          483
01 37539444  PA053  M  TAMOA 250MG. X6CO.MAST.                     2      2274      2274       000      4548       000  000  000  000  000  000         1  7591243849622       21473474       21473474   517545530001  N  0                       9285402 01/11/2023       USD          471          942          483
01 37539444  GQ110  M  BROXOL JBE. PED. 120 CC.                    3      1820      1820       000      5460       000  000  000  000  000  000         2  7592454536370       21473474       21473474   517545530002  N  0                       3500723 01/03/2024       USD          377         1130          483
02 37539444         54         71337           000           000         71337    0    0    0  000    0    0    0   19/05/2022 6:11:35 p. m.   PR           000           000             0            14           USD          483        14770
