01 37542538  13788  C  AGUJA IV 23-G.X100 ECO                      1     23049     23049       000     23049       000  000  000  000  000  000         1  7596793001261       21477196       21477196   517595650001  N  0                      20210428 01/06/2026       USD         4656         4656          495
01 37542538  LO244  M  AIRON TAB.MAST. 4MG. X30                    4      2185      2185       000      8740       000  000  000  000  000  000         1  7591196002945       21477196       21477196   517595650001  N  0                       I121273 01/12/2023       USD          441         1766          495
01 37542538  16484  M  AMOXICILINA BRIX500 100CA                   3      9360      9360       000     28080       000  000  000  000  000  000         1  8906130230824       21476407       21476407   517595650001  N  0                       KE21159 01/04/2023       USD         1891         5673          495
01 37542538  15323  M  COMPLEBREZ 100/6 PSI 150D                   1      7872     14313      6441      7872       000  000  000 4500  000  000         1  8904091110162       21477398       21477398   517595650001  N  0                      12200541 01/08/2022       USD         1590         1590          495
01 37542538  KL689  M  CORENTEL 5MG. X30CO                         2      2860      2860       000      5720       000  000  000  000  000  000         1  7591619520292       21476343       21476343   517595650001  N  0                          0011 01/06/2024       USD          578         1156          495
01 37542538  PB120  M  DENCORUB CREMA 40GR.                        3      1002      1002       000      3006       000  000  000  000  000  000         1  7591309010409       21476765       21476765   517595650001  N  0                       2204002 01/04/2024       USD          202          607          495
01 37542538  KN101  M  DENUAL 150MG. X1CO                          2      2340      2340       000      4680       000  000  000  000  000  000         1  7591619517605       21477385       21477385   517595650001  N  0                          0004 01/03/2025       USD          473          945          495
01 37542538  LT209  M  DERAIN 15% GASAS TOP. X10                   1      4609      4609       000      4609       000  000  000  000  000  000         1  7591585115935       21476573       21476573   517595650001  N  0                       GD2101B 01/05/2026       USD          931          931          495
01 37542538  VC003  M  GENCIVOL COMPU SOL.15ML.                    3      1437      1437       000      4311       000  000  000  000  000  000         1  7592782000529       21477349       21477349   517595650001  N  0                       2220008 01/03/2024       USD          290          871          495
01 37542538  14562  M  GLIMEPIRIDE LAND2MG. X100                   2      2561      2561       000      5122       000  000  000  000  000  000         1  7598008000427       21476573       21476573   517595650001  N  0                      TG430001 01/10/2023       USD          517         1035          495
01 37542538  10372  M  GYNOMET 15%-4%CR.VAG.40GR                   3      3184      3184       000      9552       000  000  000  000  000  000         1  7591585119131       21476573       21476573   517595650001  N  0                           072 01/10/2023       USD          643         1930          495
01 37542538  AY201  C  MACROGOTERO KX 1Y21-1 1/2                  12       260       260       000      3120       000  000  000  000  000  000         1   813333014541       21477196       21477196   517595650001  N  0                        210225 01/03/2026       USD          053          630          495
01 37542538  14576  M  METRONIDAZ LAND500 X100TA                   2      3797      3797       000      7594       000  000  000  000  000  000         1  7598008000564       21476765       21476765   517595650001  N  0                     TM1050001 01/06/2024       USD          767         1534          495
01 37542538  11047  N  PASSIFLORA PLUS FG JBE180                   1      1333      1333       000      1333       000  000  000  000  000  000         1       01100181       21477349       21477349   517595650001  N  0                          2541 01/11/2024       USD          269          269          495
01 37542538  KL084  M  PLIDAN COMP.10-125  X10CO                   3      3250      3250       000      9750       000  000  000  000  000  000         1  7591619518695       21477385       21477385   517595650001  N  0                          0013 01/10/2024       USD          657         1970          495
01 37542538  16095  M  PREDNISONA PORT5 SOL.60ML                   4      2668      2668       000     10672       000  000  000  000  000  000         1  7750215007433       21477196       21477196   517595650001  N  0                       2015842 01/01/2024       USD          539         2156          495
01 37542538  15218  C  SELENIL TC HIDRATA 108ML.                   2      2661      2661       000      5322       852  000  000  000  000  000         1       75971724       21477349       21477349   517595650001  N  0                       2111501 01/11/2023       USD          538         1075          495
01 37542538  SP770  M  SULTAMICILINA SP750 X6CO                    6      2844      2844       000     17064       000  000  000  000  000  000         1  7590027001454       21476343       21476343   517595650001  N  0                           302 01/02/2024       USD          575         3447          495
01 37542538  GE460  M  TETRALYSAL 300MG. X16CA                     1     13039     13039       000     13039       000  000  000  000  000  000         1  3499320002325       21476573       21476573   517595650001  N  0                           913 01/10/2024       USD         2634         2634          495
01 37542538  16708  M  TIOCOLCHICOSIDO DAC4 10TA                   6      1599      1599       000      9594       000  000  000  000  000  000         1  7598578000308       21477196       21477196   517595650001  N  0                          V270 01/08/2024       USD          323         1938          495
02 37542538         62        150738         31491           852        183081    0    0    0  000    0    0    0   23/05/2022 11:47:59 a. m.   PR           000           000             0            20           USD          495        36814
