01 37562554  17048  M  AMIKACINA KMP100MG. X10A                    1      4219      4219       000      4219       000  000  000  000  000  000         1  8908003460512       21491425       21491425   517790200001  N  0                       EM21116 01/05/2024       USD          829          829          509
01 37562554  GQ189  M  CLINDAMICINA ELTER300 X16                   2      3452      3452       000      6904       000  000  000  000  000  000         1  7703763629251       21491425       21491425   517790200001  N  0                       3287075 01/03/2025       USD          678         1356          509
01 37562554  CO200  M  IPALAT 1% SOL.TOP. 20ML.                    2      1765      1765       000      3530       000  000  000  000  000  000         1  7591818111048       21491425       21491425   517790200001  N  0                         10258 01/08/2026       USD          347          694          509
01 37562554  QM330  M  ITISONA 0.1% CR. 30GR.                      3      1404      1404       000      4212       000  000  000  000  000  000         1  7592454001182       21491425       21491425   517790200001  N  0                       3501108 01/05/2024       USD          276          828          509
01 37562554  PB032  C  OVERSKIN 10% CR. 50GR.                      2       888       888       000      1776       284  000  000  000  000  000         1  7591309900274       21491425       21491425   517790200001  N  0                      A2204140 01/04/2025       USD          174          349          509
01 37562554  PA033  M  SAX SOL. VAGINAL 135 CC.                    1      1755      1755       000      1755       000  000  000  000  000  000         1  7591241846609       21491561       21491561   517790200001  N  0                       9266201 01/04/2025       USD          345          345          509
01 37562554  PA034  M  SAXACID SOL. VAG. 135 CC.                   1      1645      1645       000      1645       000  000  000  000  000  000         1  7591241846647       21491561       21491561   517790200001  N  0                       9264402 01/11/2023       USD          323          323          509
01 37562554  PA053  M  TAMOA 250MG. X6CO.MAST.                     2      2274      2274       000      4548       000  000  000  000  000  000         1  7591243849622       21491561       21491561   517790200001  N  0                       9285402 01/11/2023       USD          447          894          509
01 37562554  16492  N  VITAMINA C ABE 500MG X70C                   2      3060      3060       000      6120       000  000  000  000  000  000         1  7597134000899       21491425       21491425   517790200001  N  0                          EFC3 01/09/2023       USD          601         1202          509
02 37562554         16         32933          1776           284         34993    0    0    0  000    0    0    0   02/06/2022 1:58:30 p. m.   PR           000           000             0             9           USD          509         6819
