01 37572864  16776  M  ARCOVAL 90MG. X7TA                          2      1886      1886       000      3772       000  000  000  000  000  000         1  7591020009164       21500450       21500450   517897180001  N  0                            01 01/11/2023       USD          366          731          516
01 37572864  LX103  M  CARNISIN 1G.S.ORAL S/A180                   3      4571      4571       000     13713       000  000  000  000  000  000         1  7591585112323       21500450       21500450   517897180001  N  0                           059 01/02/2025       USD          886         2658          516
01 37572864  AY295  C  GASAS ESTER KX3X3 50-S X2                   2      5200      5200       000     10400      1664  000  000  000  000  000         1 10813333014159       21500450       21500450   517897180001  N  0                      20080306 01/09/2025       USD         1008         2016          516
01 37572864  13052  M  GENODERM 2N00/0N035 X21CO                   2      5078      5078       000     10156       000  000  000  000  000  000         1  7730564249029       21500450       21500450   517897180001  N  0                         43691 01/08/2025       USD          984         1968          516
01 37572864  PG110  M  NINAZO GOTAS AD. 15ML.                      6       772       772       000      4632       000  000  000  000  000  000         1  7591821802957       21500450       21500450   517897180001  N  0                       2112440 01/05/2023       USD          150          898          516
01 37572864  PB032  C  OVERSKIN 10% CR. 50GR.                      3       888       888       000      2664       426  000  000  000  000  000         1  7591309900274       21500450       21500450   517897180001  N  0                      A2204140 01/04/2025       USD          172          516          516
01 37572864  ZU001  C  IODINEX JABON LIQ. 120ML.                   2      2400      2400       000      4800       000  000  000  000  000  000         2  7595248000033       21500450       21500450   517897180002  N  0                       0200543 01/04/2026       USD          465          930          516
01 37572864  BQ131  M  ACETAMINOFEN BQ120MG100ML                   8       961       961       000      7688       000  000  000  000  000  000         3  7594000850855       21500450       21500450   517897180003  N  0                        220502 01/05/2024       USD          186         1490          516
01 37572864  JN100  N  JENGIMIEL JBE.AD. 120ML.                    2      2080      2080       000      4160       000  000  000  000  000  000         3  7592520000019       21500450       21500450   517897180003  N  0                        010322 01/03/2025       USD          403          806          516
02 37572864         30         44121         17864          2090         64075    0    0    0  000    0    0    0   08/06/2022 5:32:04 p. m.   PR           000           000             0             9           USD          516        12013
