01 37572969  QF300  M  BROMEXINA QF8MG.JBE.120ML                   6       846       846       000      5076       000  000  000  000  000  000         1  7598484000041       21500833       21500833   517900580001  N  0                          3952 01/05/2024       USD          164          984          516
01 37572969  PA814  M  IVAGAN FORTE TAB. X10                       3      1312      1381       207      3936       000  000  000  500  000  000         1  7591243826777       21500656       21500656   517900580001  N  0                       9272903 01/10/2023       USD          254          763          516
01 37572969  14375  M  PARACETA PORTU500 X100TA                    1      3891      3891       000      3891       000  000  000  000  000  000         1  7750215496886       21500656       21500656   517900580001  N  0                       2010982 01/01/2025       USD          754          754          516
01 37572969  16803  M  QUINOTIC 0,30%S.OTICA 4ML                   4      1724      1724       000      6896       000  000  000  000  000  000         1  7591196006288       21500702       21500702   517900580001  N  0                       I011081 01/01/2023       USD          334         1336          516
01 37572969  14390  M  SUEROLITO 75MEQ+Z CHIC400                   2      1326      1560       468      2652       000  000  000 1500  000  000         1  7597767000334       21500702       21500702   517900580001  N  0                       1901CH1 01/01/2024       USD          257          514          516
01 37572969  12550  M  SUEROLITO 75MEQ+Z COCO400                   2      1326      1560       468      2652       000  000  000 1500  000  000         1  7597767000013       21500702       21500702   517900580001  N  0                        2501C1 01/01/2024       USD          257          514          516
01 37572969  12551  M  SUEROLITO 75MEQ+Z FRES400                   2      1326      1560       468      2652       000  000  000 1500  000  000         1  7597767000020       21500702       21500702   517900580001  N  0                        3105F1 01/05/2024       USD          257          514          516
01 37572969  11321  M  ULCON 1GR. X20TA                            2      5373      5373       000     10746       000  000  000  000  000  000         1  7591821210288       21500656       21500656   517900580001  N  0                       2202548 01/03/2024       USD         1041         2083          516
01 37572969  11488  C  VENDA ELAST. 15/4,5 KX                      3      1105      1105       000      3315       530  000  000  000  000  000         1   813333012035       21500656       21500656   517900580001  N  0                      20191009 01/11/2024       USD          214          642          516
01 37572969  BQ001  M  AMBROXOL BQ. 15MG.120ML.                    3      1141      1141       000      3423       000  000  000  000  000  000         2  7594000850909       21500656       21500656   517900580002  N  0                        220420 01/04/2025       USD          221          663          516
01 37572969  BQ290  M  AMBROXOL BQ. 30MG.120ML.                    3      1161      1161       000      3483       000  000  000  000  000  000         2  7594000850923       21500656       21500656   517900580002  N  0                        220403 01/04/2025       USD          225          675          516
02 37572969         31         45407          3315           530         49252    0    0    0  000    0    0    0   08/06/2022 5:49:10 p. m.   PR           000           000             0            11           USD          516         9442
