01 37578757  10357  N  ACEITE DE RICINO FSI 30CC                   3      1365      1365       000      4095       000  000  000  000  000  000         1  7592368000165       21505050       21505050   517964080001  N  0                       0222031 01/09/2023       USD          257          771          531
01 37578757  13790  C  CANULA INT.VEN 22-G X50                     1     53151     53151       000     53151       000  000  000  000  000  000         1  7596793001186       21505420       21505420   517964080001  N  0                      20210317 01/03/2026       USD        10010        10010          531
01 37578757  PB120  M  DENCORUB CREMA 40GR.                        3      1082      1082       000      3246       000  000  000  000  000  000         1  7591309010409       21505050       21505050   517964080001  N  0                       2204002 01/04/2024       USD          204          611          531
01 37578757  16252  M  DICLOFENAC S. KMP GEL 30G                   2      1037      1037       000      2074       000  000  000  000  000  000         1  6942189304286       21505050       21505050   517964080001  N  0                       2106303 01/03/2024       USD          195          391          531
01 37578757  16900  M  DIMAR 2MG/1000MG. X30CO                     2      3211      3380       338      6422       000  000  000  500  000  000         1  7592601303732       21505420       21505420   517964080001  N  0                         00201 01/10/2024       USD          605         1209          531
01 37578757  16679  M  EUTIROX 100MCG. X50TA                       1      4836      4836       000      4836       000  000  000  000  000  000         1  7501298234601       21505420       21505420   517964080001  N  0                        M12765 01/05/2023       USD          911          911          531
01 37578757  14782  M  IBUPRO-TIOCOL DAC600-4X10                   6      1414      1767      2118      8484       000  000  000 2000  000  000         1  7598578000247       21505420       21505420   517964080001  N  0                          V261 01/08/2024       USD          266         1598          531
01 37578757  AY171  C  JER 3CC 21X1-1/2 KX X100                    1      5850      5850       000      5850       936  000  000  000  000  000         1 10813333013824       21505420       21505420   517964080001  N  0                        210811 01/08/2026       USD         1102         1102          531
01 37578757  16724  M  LERCANIDIPINA GP10MG.30TA                   2      2054      2054       000      4108       000  000  000  000  000  000         1  7598658000068       21505420       21505420   517964080001  N  0                         EG154 01/09/2024       USD          387          774          531
01 37578757  13959  M  LEVATIR 1000MG. X30TA                       1     11916     11916       000     11916       000  000  000  000  000  000         1  7406076125181       21505050       21505050   517964080001  N  0                        C21030 01/03/2023       USD         2244         2244          531
01 37578757  NQ380  N  MAGNESIUM VAL 500MG.X30TA                   2      3242      3242       000      6484       000  000  000  000  000  000         1   714439705466       21505050       21505050   517964080001  N  0                        22A262 01/01/2025       USD          611         1221          531
01 37578757  16848  M  POLANTAC X10TA                              2      1270      1270       000      2540       000  000  000  000  000  000         1  7592348227025       21505050       21505050   517964080001  N  0                       2203070 01/03/2025       USD          239          478          531
01 37578757  14109  M  ACETAMINOFEN QF JBE.120ML                   6      1001      1001       000      6006       000  000  000  000  000  000         2  7598484000027       21505050       21505050   517964080002  N  0                          2432 01/03/2025       USD          189         1131          531
01 37578757  BQ250  M  IBUPROFENO BQ SUSP.120ML.                   3      1093      1093       000      3279       000  000  000  000  000  000         2  7594000850466       21505420       21505420   517964080002  N  0                        220508 01/05/2025       USD          206          618          531
01 37578757  13657  M  LORATADINA BUKA5MG.60ML.                    3       741       780       117      2223       000  000  000  500  000  000         2   675696260054       21505420       21505420   517964080002  N  0                       LAS1502 01/03/2024       USD          140          419          531
02 37578757         38         65713         59001           936        125650    0    0    0  000    0    0    0   13/06/2022 2:36:26 p. m.   PR           000           000             0            15           USD          531        23487
