01 37571453  LO184  M  AIRON 5MG. X30TA.MAST.                      6      2275      2275       000     13650       000  000  000  000  000  000         1  7591196002792       21498470       21498470   517880950001  N  0                       I121267 01/03/2024       USD          441         2645          516
01 37571453  LO244  M  AIRON TAB.MAST. 4MG. X30                    6      2185      2185       000     13110       000  000  000  000  000  000         1  7591196002945       21498470       21498470   517880950001  N  0                       I121273 01/12/2023       USD          423         2541          516
01 37571453  PA054  M  BETADERM PLUS CREMA 15GR.                   2      2075      2184       218      4150       000  000  000  500  000  000         1  7591243804164       21499096       21499096   517880950001  N  0                       9271102 01/02/2024       USD          402          804          516
01 37571453  SP024  M  CARVEDILOL SP 6,25 X20CO                    6      1219      1219       000      7314       000  000  000  000  000  000         1  7590027002208       21499096       21499096   517880950001  N  0                           361 01/03/2023       USD          236         1417          516
01 37571453  GN146  M  ENALAPRIL GN 20MG. X30CO                    6       605       605       000      3630       000  000  000  000  000  000         1  7591585378538       21498470       21498470   517880950001  N  0                           431 01/02/2024       USD          117          703          516
01 37571453  BQ190  M  FERCOR COMP. CAPS. X30                      4      1940      1940       000      7760       000  000  000  000  000  000         1  7594000850206       21499096       21499096   517880950001  N  0                        201108 01/11/2022       USD          376         1504          516
01 37571453  FA018  M  FITEX 20MG. X1TA                           12       309       309       000      3708       000  000  000  000  000  000         1  7591821904293       21498470       21498470   517880950001  N  0                       2202458 01/03/2024       USD          060          719          516
01 37571453  13470  M  GESTAGENO 100MG.X30CA.BLA                   1      8401      8401       000      8401       000  000  000  000  000  000         1  7401078900156       21499096       21499096   517880950001  N  0                      LF24369C 01/08/2023       USD         1628         1628          516
01 37571453  FA514  M  NEURIXA 75MG. X14CA                         3      1788      1788       000      5364       000  000  000  000  000  000         1  7591821903616       21499096       21499096   517880950001  N  0                       2105219 01/07/2023       USD          347         1040          516
01 37571453  12874  M  SULIXTRA DUO 0.4/0.5 10CA                   1      6194      6520       326      6194       000  000  000  500  000  000         1  7593090001215       21499096       21499096   517880950001  N  0                  TL210IC22002 01/03/2024       USD         1200         1200          516
01 37571453  11287  C  BRUCEN CR.DERMO RESTA30                     1      2604      2604       000      2604       417  000  000  000  000  000         2  7592090000075       21499096       21499096   517880950002  N  0                        220363 01/03/2025       USD          505          505          516
01 37571453  AL230  M  AGUA OXIG. ALVA 240ML.                      6       549       549       000      3294       000  000  000  000  000  000         3  7591487000070       21499146       21499146   517880950003  N  0                        C1021P 01/01/2025       USD          106          638          516
02 37571453         54         76575          2604           417         79596    0    0    0  000    0    0    0   08/06/2022 1:08:34 p. m.   PR           000           000             0            12           USD          516        15345
