01 37607640  16433  M  CAPTOPRIL BM25MG. X30TA                     2       961      1131       340      1922       000  000  000 1500  000  000         1  7598127001510       21523043       21523043   518242610001  N  0                        210941 01/09/2024       USD          174          349          551
01 37607640  15948  M  CILOSTAZOL CLEO50MG. 30TA                   2      4437      4437       000      8874       000  000  000  000  000  000         1  7598677000391       21523043       21523043   518242610001  N  0                        T10796 01/07/2024       USD          805         1611          551
01 37607640  16064  M  CLOBEDET CR.TOP. 15GR.                      6      1248      1248       000      7488       000  000  000  000  000  000         1   745687143311       21523238       21523238   518242610001  N  0                            02 01/02/2024       USD          226         1359          551
01 37607640  11455  A  COLAGENO+VITC VAL X30CA                     1      3803      3803       000      3803       000  000  000  000  000  000         1   714439705541       21523043       21523043   518242610001  N  0                        22A261 01/12/2024       USD          690          690          551
01 37607640  16453  M  DICLOFENAC S.BRI100 10X10                   1      2886      2886       000      2886       000  000  000  000  000  000         1  8906130230978       21523238       21523238   518242610001  N  0                       KE21123 01/04/2024       USD          524          524          551
01 37607640  14494  A  LACTOVAC SUSP. 12ML.                        6      1208      1208       000      7248      1160  000  000  000  000  000         1  7596855000027       21523238       21523238   518242610001  N  0                   P0109220602 01/02/2023       USD          219         1315          551
01 37607640  14495  A  LACTOVAC SUSP.PED. 12ML.                    6      1208      1208       000      7248      1160  000  000  000  000  000         1  7596855001031       21523238       21523238   518242610001  N  0                   P0208220601 01/02/2023       USD          219         1315          551
01 37607640  NQ380  N  MAGNESIUM VAL 500MG.X30TA                   2      3634      3634       000      7268       000  000  000  000  000  000         1   714439705466       21523043       21523043   518242610001  N  0                        22A262 01/01/2025       USD          660         1319          551
01 37607640  HU001  M  TADIFIL 20MG. X1CO                          3       520       520       000      1560       000  000  000  000  000  000         1  7591619519029       21523238       21523238   518242610001  N  0                          0021 01/02/2025       USD          094          283          551
01 37607640  11090  M  VASSLUTEN 150MG. X30TA                      2      3890      3890       000      7780       000  000  000  000  000  000         1  7406076101727       21523043       21523043   518242610001  N  0                        C22038 01/03/2025       USD          706         1412          551
02 37607640         31         56077           000          2319         58396    0    0    0  000    0    0    0   27/06/2022 3:30:42 p. m.   PR           000           000             0            10           USD          551        10177
