01 37608372  16900  M  DIMAR 2MG/1000MG. X30CO                     2      3380      3380       000      6760       000  000  000  000  000  000         1  7592601303732       21523835       21523835   518255020001  N  0                         00201 01/10/2024       USD          617         1234          548
01 37608372  16679  M  EUTIROX 100MCG. X50TA                       1      4836      4836       000      4836       000  000  000  000  000  000         1  7501298234601       21523896       21523896   518255020001  N  0                        M12765 01/05/2023       USD          882          882          548
01 37608372  11136  M  FLOMED SOL.TOP.BUCAL180ML                   2       878       878       000      1756       000  000  000  000  000  000         1  7591062901365       21523716       21523716   518255020001  N  0                        21075A 01/10/2024       USD          160          320          548
01 37608372  12750  M  METSIGLIN 500/50 X10CO                      4      1877      1976       396      7508       000  000  000  500  000  000         1  7592806134131       21523835       21523835   518255020001  N  0                        201004 01/01/2024       USD          343         1370          548
01 37608372  CR300  C  MIMADITO BASTONCITOS X50                    3       419       419       000      1257       201  000  000  000  000  000         1  7591248821104       21523716       21523716   518255020001  N  0                  M41372282110 01/05/2025       USD          076          229          548
01 37608372  VC008  M  PAPAVERYL GOTAS 30ML.                       1      2324      2324       000      2324       000  000  000  000  000  000         1  7592782000611       21523835       21523835   518255020001  N  0                       2140001 01/04/2023       USD          424          424          548
01 37608372  ZD013  C  RELA ADH.MIC.HA2,5X4,5BLA                   4      1924      1924       000      7696      1231  000  000  000  000  000         1  7891800398908       21523835       21523835   518255020001  N  0                        450262 01/01/2030       USD          351         1404          548
01 37608372  11277  M  TADIFIL 5MG. X30CO                          3      1950      1950       000      5850       000  000  000  000  000  000         1  7591619519203       21523896       21523896   518255020001  N  0                          0011 01/04/2024       USD          356         1068          548
01 37608372  12395  M  THYRONA BP 50MCG 100TA                      2      1479      1479       000      2958       000  000  000  000  000  000         1  8904307700859       21523896       21523896   518255020001  N  0                      TT720006 01/08/2023       USD          270          540          548
02 37608372         22         31992          8953          1432         42377    0    0    0  000    0    0    0   28/06/2022 11:05:14 a. m.   PR           000           000             0             9           USD          548         7472
