01 37604915  PO130  M  ALURON 100MG. X30TA                         2      1820      1820       000      3640       000  000  000  000  000  000         1  7592806133042       21521033       21521033   518214040001  N  0                        202035 01/02/2026       USD          330          661          551
01 37604915  14696  M  AMPICILINA S. KMP1.5GR.1A                  12       358       358       000      4296       000  000  000  000  000  000         1  6921875007038       21521386       21521386   518214040001  N  0                       2111411 01/11/2024       USD          065          780          551
01 37604915  15427  M  ATORVASTATINA BUKA20 30TA                   6      1638      1638       000      9828       000  000  000  000  000  000         1   675696260139       21521033       21521033   518214040001  N  0                        ATA304 01/03/2024       USD          297         1784          551
01 37604915  16064  M  CLOBEDET CR.TOP. 15GR.                     12      1248      1248       000     14976       000  000  000  000  000  000         1   745687143311       21521667       21521667   518214040001  N  0                            02 01/02/2024       USD          226         2718          551
01 37604915  KL290  M  CYPRODEX 4MG. X30CO                         1      2080      2080       000      2080       000  000  000  000  000  000         1  7591619119014       21521386       21521386   518214040001  N  0                          0069 01/07/2023       USD          377          377          551
01 37604915  15926  C  DENCORUB ICE ROLL 80GR.                     2      1008      1008       000      2016       323  000  000  000  000  000         1  7591309002206       21521033       21521033   518214040001  N  0                      A2112461 01/12/2024       USD          183          366          551
01 37604915  KF190  M  DERMAZOL 0,05% CR.30GR.                     1      4290      4290       000      4290       000  000  000  000  000  000         1  7591619519036       21521033       21521033   518214040001  N  0                          0070 01/03/2024       USD          779          779          551
01 37604915  FS100  N  GOTAS DEL CARMEN FSI30 X6                   1      3270      3270       000      3270       000  000  000  000  000  000         1  7592368002138       21521033       21521033   518214040001  N  0                       0522055 01/05/2024       USD          593          593          551
01 37604915  XS008  N  GOTAS VALERIANA XS 30ML.                    6       465       465       000      2790       000  000  000  000  000  000         1  7594001450818       21521033       21521033   518214040001  N  0                      09062278 01/06/2025       USD          084          506          551
01 37604915  15042  C  JER INSUL JD 30G/8MM X100                   1      5112      5112       000      5112       000  000  000  000  000  000         1  3926909907172       21521386       21521386   518214040001  N  0                      20200810 01/08/2025       USD          928          928          551
01 37604915  10735  M  LANCERAN JBE. 90ML.                         2       939       939       000      1878       000  000  000  000  000  000         1  7594000850954       21521033       21521033   518214040001  N  0                        220509 01/05/2024       USD          170          341          551
01 37604915  13959  M  LEVATIR 1000MG. X30TA                       1     13147     13147       000     13147       000  000  000  000  000  000         1  7406076125181       21521033       21521033   518214040001  N  0                        C21030 01/03/2023       USD         2386         2386          551
01 37604915  16183  M  METFORMINA SP1000MG.X30CO                   1      1463      1463       000      1463       000  000  000  000  000  000         1  7590027001089       21521033       21521033   518214040001  N  0                            82 01/01/2024       USD          266          266          551
01 37604915  GP300  M  ONDANSETRON KL 4MG. X10CO                   2      2600      2600       000      5200       000  000  000  000  000  000         1  7594000490471       21521033       21521033   518214040001  N  0                          0014 01/03/2024       USD          472          944          551
01 37604915  SP770  M  SULTAMICILINA SP750 X6CO                    3      3558      3558       000     10674       000  000  000  000  000  000         1  7590027001454       21521386       21521386   518214040001  N  0                           622 01/05/2024       USD          646         1937          551
01 37604915  KL035  M  FEBRATIC 10MG.SUSP.120ML.                   2      2340      2340       000      4680       000  000  000  000  000  000         2  7591619519081       21521033       21521033   518214040002  N  0                          0073 01/05/2024       USD          425          849          551
01 37604915  PB006  N  WAMPOLE EMUL.T.FRUTI240ML                   3      1413      1413       000      4239       678  000  000  000  000  000         2  7591309000967       21521667       21521667   518214040002  N  0                      A2203084 01/03/2024       USD          256          769          551
01 37604915  PB002  N  WAMPOLE EMULS. FRESA 360CC.                 3      1884      1884       000      5652       904  000  000  000  000  000         2  7591309000547       21521667       21521667   518214040002  N  0                      A2205072 01/05/2024       USD          342         1026          551
02 37604915         61         92103          7128          1905        101136    0    0    0  000    0    0    0   26/06/2022 3:41:43 p. m.   PR           000           000             0            18           USD          551        18009
