01 37609977  VP042  M  ATOVAROL 20MG. X30CA                        2      2321      2831      1020      4642       000  000  000 1800  000  000         1  7592432900148       21524765       21524765   518273240001  N  0                        210339 01/07/2023       USD          424          847          548
01 37609977  13007  M  BIOCOR 20MG X10TA                           2      1095      1095       000      2190       000  000  000  000  000  000         1  7591519317695       21524986       21524986   518273240001  N  0                         32702 01/03/2025       USD          200          400          548
01 37609977  11477  M  BIOCOR AMLO40MG-5MG 30TA                    2      3978      3978       000      7956       000  000  000  000  000  000         1  7591519316230       21524986       21524986   518273240001  N  0                         32723 01/03/2024       USD          726         1452          548
01 37609977  MK004  M  CARVEDILOL +MK 6,25 X14TA                   6      1031      1031       000      6186       000  000  000  000  000  000         1  7591519007633       21525041       21525041   518273240001  N  0                         32543 01/01/2024       USD          188         1129          548
01 37609977  13590  M  CARVEDILOL 6,25MG X30TA                     4      1814      2015       804      7256       000  000  000 1000  000  000         1  7703763712724       21524986       21524986   518273240001  N  0                       3277483 01/10/2023       USD          331         1324          548
01 37609977  12727  M  COFATODEX SUS. OF 5ML                       2      1421      1776       710      2842       000  000  000 2000  000  000         1  7591818716885       21525041       21525041   518273240001  N  0                        211071 01/11/2023       USD          259          519          548
01 37609977  16547  M  DEXAMETASONA DAM 8/2MLX10                   2      2386      2386       000      4772       000  000  000  000  000  000         1  7598668001161       21524986       21524986   518273240001  N  0                        210902 01/09/2024       USD          435          871          548
01 37609977  PA874  M  DI EUDRIN 12,5MG. X24TA                     6      1612      1612       000      9672       000  000  000  000  000  000         1  7591243812374       21524986       21524986   518273240001  N  0                       9250902 01/02/2025       USD          294         1765          548
01 37609977  PA934  M  DIAGESIC 75MG. 3ML. X2A                     1      3068      3068       000      3068       000  000  000  000  000  000         1  7591243811704       21525041       21525041   518273240001  N  0                       9260801 01/03/2024       USD          560          560          548
01 37609977  13886  M  ESCITALOPRAM +MK10MG 28TA                   1      3480      3480       000      3480       000  000  000  000  000  000         1  7591519317534       21524986       21524986   518273240001  N  0                         32701 01/03/2024       USD          635          635          548
01 37609977  CO500  M  MIOVIT COMP. 3ML. X1A KIT                   2       744      1283      1078      1488       000  000  000 4200  000  000         1  7591818113011       21525041       21525041   518273240001  N  0                         10276 01/06/2024       USD          136          272          548
01 37609977  CO540  M  MIOVIT COMP. 3ML. X3A KIT                  12      1841      3272     17172     22092       000  000  300 4200  000  000         1  7591818026366       21525041       21525041   518273240001  N  0                         20037 01/02/2025       USD          336         4031          548
01 37609977  FA504  M  NEURIXA 150MG. X14CA                        2      3289      3738       898      6578       000  000  000 1200  000  000         1  7591821903609       21524986       21524986   518273240001  N  0                       2105180 01/05/2023       USD          600         1200          548
01 37609977  FA514  M  NEURIXA 75MG. X14CA                         4      1589      1869      1120      6356       000  000  000 1500  000  000         1  7591821903616       21524986       21524986   518273240001  N  0                       2106035 01/07/2023       USD          290         1160          548
01 37609977  MK735  M  PREDNISONA +MK50MG. X10TA                   3      2211      2211       000      6633       000  000  000  000  000  000         1  7591519001044       21524765       21524765   518273240001  N  0                         32496 01/12/2026       USD          403         1210          548
02 37609977         51         95211           000           000         95211    0    0    0  000    0    0    0   28/06/2022 4:05:58 p. m.   PR           000           000             0            15           USD          548        17374
