01 37627241  12201  C  CENTRO CAMA 60X90 X10UNI                    1      2613      2613       000      2613       418  000  000  000  000  000         1  1180201378555       21536394       21536394   518446620001  N  0                    HB1220410A 01/04/2027       USD          470          470          556
01 37627241  12927  M  CLOTRIMAZOL AL200MG X3OVU                   4      1180      1180       000      4720       000  000  000  000  000  000         1  7597758000657       21536394       21536394   518446620001  N  0                      A1AAL003 01/11/2024       USD          212          849          556
01 37627241  12928  M  CLOTRIMAZOL AL500MG X1OVU                   4      1360      1360       000      5440       000  000  000  000  000  000         1  7597758000664       21536394       21536394   518446620001  N  0                      A1AHK001 01/11/2024       USD          245          978          556
01 37627241  PO460  M  FOLIFER B12 TAB. X30                        6      1692      1781       534     10152       000  000  500  000  000  000         1  7592806133639       21536394       21536394   518446620001  N  0                        107122 01/07/2024       USD          304         1826          556
01 37627241  16189  N  GLUCOSAMINE ET2850 X90CA                    4      5957      5957       000     23828       000  000  000  000  000  000         1   787790468653       21536394       21536394   518446620001  N  0                         BP15U 01/05/2025       USD         1071         4286          556
01 37627241  SP049  M  KETOROLAC SP20MG. X10CO                     2      1219      1219       000      2438       000  000  000  000  000  000         1  7590027001997       21536394       21536394   518446620001  N  0                           182 01/02/2024       USD          219          438          556
01 37627241  14391  M  SUEROLITO 75MEQ+Z FRU400                    3      1326      1560       702      3978       000  000  000 1500  000  000         1  7597767000358       21536394       21536394   518446620001  N  0                       1306FP1 01/06/2024       USD          238          715          556
01 37627241  14392  M  SUEROLITO 75MEQ+Z MAND400                   2      1326      1560       468      2652       000  000  000 1500  000  000         1  7597767000327       21536394       21536394   518446620001  N  0                        1406M1 01/06/2024       USD          238          477          556
01 37627241  16811  M  ZINC CO 25MG. X30TA                         1      4489      4489       000      4489       000  000  000  000  000  000         1  7591818000281       21536394       21536394   518446620001  N  0                        203055 01/03/2024       USD          807          807          556
01 37627241  16193  N  ZINC ET50MG. X60TA                          1      3250      3250       000      3250       000  000  000  000  000  000         1   787790468356       21536394       21536394   518446620001  N  0                         12138 01/10/2024       USD          585          585          556
01 37627241  AV105  C  AVISPA CHAMPU 120ML.                        2      1251      1251       000      2502       400  000  000  000  000  000         2  7591635000105       21536394       21536394   518446620002  N  0                       0310422 01/04/2024       USD          225          450          556
02 37627241         30         60947          5115           818         66880    0    0    0  000    0    0    0   06/07/2022 3:09:15 p. m.   PR           000           000             0            11           USD          556        11882
