01 37624321  16967  M  CLAVULAM 875-125 X10TA                      3      4167      4167       000     12501       000  000  000  000  000  000         1  8906045946216       21532937       21532937   518403340001  N  0                      LVUTE001 01/11/2023       USD          749         2248          556
01 37624321  16567  M  CLINFAST 100-200 X3OV.VAG                   2      2340      2340       000      4680       000  000  000  000  000  000         1  8906081306876       21533701       21533701   518403340001  N  0                      A1ARP001 01/08/2024       USD          421          842          556
01 37624321  16064  M  CLOBEDET CR.TOP. 15GR.                     12      1287      1287       000     15444       000  000  000  000  000  000         1   745687143311       21533733       21533733   518403340001  N  0                            02 01/02/2024       USD          231         2778          556
01 37624321  13893  M  DESAZONA 4MG. X100TA                        1      8494      8494       000      8494       000  000  000  000  000  000         1  7750215026250       21533701       21533701   518403340001  N  0                       2112311 01/11/2024       USD         1528         1528          556
01 37624321  17055  M  ESPIRONOLACTONA KMP25 X30                   6      1481      1481       000      8886       000  000  000  000  000  000         1  6921875011936       21532937       21532937   518403340001  N  0                       2109403 01/09/2024       USD          266         1598          556
01 37624321  12929  M  MICONAZOL N.AL400 X3O.VAG                   3      1897      1897       000      5691       000  000  000  000  000  000         1  7597758000640       21533701       21533701   518403340001  N  0                      A1ANN002 01/11/2023       USD          341         1024          556
01 37624321  14374  M  PARACETA PORT120 JBE120ML                   2      1845      1845       000      3690       000  000  000  000  000  000         1  7750215575819       21533701       21533701   518403340001  N  0                       2088591 01/08/2024       USD          332          664          556
01 37624321  16743  M  SITAGLIPTINA LAT100 X30TA                   1      6760      6760       000      6760       000  000  000  000  000  000         1  0720524031235       21532937       21532937   518403340001  N  0                       SPA1801 01/05/2023       USD         1216         1216          556
01 37624321  13140  C  SOMEDINE SOL.YODADA 120ML                   3      1915      1915       000      5745       000  000  000  000  000  000         2  7596139000415       21533701       21533701   518403340002  N  0                         SS504 01/05/2024       USD          344         1033          556
01 37624321  ZP310  M  MUCOLIPTO JBE.PED. 90ML.                    2      1638      1638       000      3276       000  000  000  000  000  000         3  7591651723651       21533701       21533701   518403340003  N  0                       2202005 01/02/2024       USD          295          589          556
01 37624321  15628  M  ROCARNIN SOL.ORAL 120ML.                    8      2015      2015       000     16120       000  000  000  000  000  000         3  7592806121063       21533701       21533701   518403340003  N  0                        205076 01/05/2025       USD          362         2899          556
02 37624321         43         85542          5745           000         91287    0    0    0  000    0    0    0   05/07/2022 4:30:43 p. m.   PR           000           000             0            11           USD          556        16419
