01 37635957  11795  M  AFLAMAX 50MG. X10TA                        12       410       512      1224      4920       000  000  000 2000  000  000         1  7591196007186       21540854       21540854   518521390001  N  0                       I052517 01/05/2024       USD          073          877          561
01 37635957  NP003  M  CALCIBON D 1500/200 X30                     2      4680      4680       000      9360       000  000  000  000  000  000         1  7591821101029       21540854       21540854   518521390001  N  0                       2205466 01/12/2024       USD          834         1668          561
01 37635957  KL290  M  CYPRODEX 4MG. X30CO                         1      1934      2080       146      1934       000  000  000  700  000  000         1  7591619119014       21541601       21541601   518521390001  N  0                          0069 01/07/2023       USD          345          345          561
01 37635957  MY005  M  IMAZOL SOL.SPRAY 1% 25ML.                   1      1957      2795       838      1957       000  000  000 3000  000  000         1  7592601100447       21540854       21540854   518521390001  N  0                        127901 01/09/2024       USD          349          349          561
01 37635957  QM560  M  MOMEQ 0,1% CREMA 15GR.                      2      1977      1977       000      3954       000  000  000  000  000  000         1  7592454889667       21540854       21540854   518521390001  N  0                       3500750 01/03/2024       USD          352          705          561
01 37635957  MY134  M  MUPROBAN 2% UNG. 15GR.                      2      1976      2080       208      3952       000  000  000  500  000  000         1  7592601101093       21541601       21541601   518521390001  N  0                        232803 01/06/2024       USD          352          704          561
01 37635957  KL704  M  PRESIDERM 2% UNG.TOP.15GR                   1      2176      2340       164      2176       000  000  000  700  000  000         1  7591619520513       21541601       21541601   518521390001  N  0                          0005 01/11/2022       USD          388          388          561
01 37635957  KV005  M  TERAGRIP SUPRA TAB. X10                     1      2470      2470       000      2470       000  000  000  000  000  000         1  7591821802186       21541601       21541601   518521390001  N  0                       2202499 01/03/2024       USD          440          440          561
01 37635957  LO490  M  VITADYN C F.TROP. X24 DISP.                 1     14297     15886      1589     14297       000  000  000 1000  000  000         1  7591196000576       21541601       21541601   518521390001  N  0                       I022328 01/03/2024       USD         2548         2548          561
01 37635957  KL639  M  ZUDENINA 0,1%GEL TOP.30GR                   1      3143      3380       237      3143       000  000  000  700  000  000         1  7591619517810       21541648       21541648   518521390001  N  0                          0004 01/06/2024       USD          560          560          561
01 37635957  PD710  M  CLENBUXOL JBE. AD. 120CC.                   1      2418      2600       182      2418       000  000  000  700  000  000         2  7591955000151       21540854       21540854   518521390002  N  0                          0066 01/04/2025       USD          431          431          561
01 37635957  CO110  M  MUCOBROL 4MG. JBE.120ML.                    1      2796      2796       000      2796       000  000  000  000  000  000         2  7591818112021       21540854       21540854   518521390002  N  0                         20078 01/03/2024       USD          498          498          561
02 37635957         26         53377           000           000         53377    0    0    0  000    0    0    0   11/07/2022 4:12:11 p. m.   PR           000           000             0            12           USD          561         9515
