01 37646484  GQ730  M  AMBROXOL ELTER30MG.AD120                    2      1966      1966       000      3932       000  000  000  000  000  000         1  7592454120302       21549034       21549034   518625240001  N  0                       3500886 01/03/2024       USD          347          695          566
01 37646484  15337  M  AMITRIPTILINA LAND25 X100                   1      1846      1846       000      1846       000  000  000  000  000  000         1  7598008000748       21548718       21548718   518625240001  N  0                     TA1660002 01/09/2024       USD          326          326          566
01 37646484  MY034  M  BENZODIAZOL TM MENTA X16                    2       865      1235       740      1730       000  000  000 3000  000  000         1  7592601100881       21549034       21549034   518625240001  N  0                        205504 01/06/2024       USD          153          306          566
01 37646484  GP220  M  DALTAZEN 60MG. X20CO                        3      4940      4940       000     14820       000  000  000  000  000  000         1  7594000490303       21548718       21548718   518625240001  N  0                          0055 01/01/2024       USD          873         2618          566
01 37646484  14107  M  GENTAM+BETAM+CLOTRIX30CR                   24      1409      1658      5976     33816       000  000  000 1500  000  000         1  6930169708162       21549034       21549034   518625240001  N  0                        211005 01/10/2024       USD          249         5975          566
01 37646484  11561  N  GLUCOSAMINA AI500MG.X60CA                   2      4729      4729       000      9458       000  000  000  000  000  000         1  7592946169758       21548718       21548718   518625240001  N  0                      02229758 01/05/2024       USD          836         1671          566
01 37646484  LP420  M  GULAPER JBE.AD. 120ML.                      2      2275      3250      1950      4550       000  000  000 3000  000  000         1  7591955001288       21549034       21549034   518625240001  N  0                          0064 01/05/2024       USD          402          804          566
01 37646484  MY250  M  IMAZOL 1% CR.TOPICA 20GR.                   3      1148      1690      1626      3444       000  000  300 3000  000  000         1  7592601100454       21549034       21549034   518625240001  N  0                        208701 01/05/2026       USD          203          608          566
01 37646484  14255  M  LOSARTAN P. 100MG X30TA                     2      2437      2867       860      4874       000  000  000 1500  000  000         1  7592454891172       21549034       21549034   518625240001  N  0                       3501089 01/04/2024       USD          431          861          566
01 37646484  11441  M  LOSARTAN P.100MG.X10ELTER                   3       906      1208       906      2718       000  000  000 2500  000  000         1  7592454891165       21549034       21549034   518625240001  N  0                       3500782 01/03/2024       USD          160          480          566
01 37646484  14787  M  NEULEVAL 750MG. X5TA                        2      1491      2330      1678      2982       000  000 2000 2000  000  000         1  7591020080989       21548718       21548718   518625240001  N  0                            04 01/08/2023       USD          263          527          566
01 37646484  FA449  M  NORMIX 200MG. X12TA                         1      7020      7020       000      7020       000  000  000  000  000  000         1  7592229003250       21548718       21548718   518625240001  N  0                         22425 01/05/2023       USD         1240         1240          566
01 37646484  15509  M  ROSUVASTATINA LS20 X10TA                    2      1689      1689       000      3378       000  000  000  000  000  000         1  7703763895779       21548718       21548718   518625240001  N  0                       3276455 01/10/2023       USD          298          597          566
01 37646484  VM031  M  TADAFOX 20MG. X1TA                          8       260       346       688      2080       000  000  000 2500  000  000         1  7591020008754       21549034       21549034   518625240001  N  0                            07 01/03/2024       USD          046          367          566
01 37646484  KV199  M  TERAGRIP FORTE NOC X6 SOB.                  4      3549      3549       000     14196       000  000  000  000  000  000         1  7591821801882       21549034       21549034   518625240001  N  0                       2206374 01/06/2024       USD          627         2508          566
01 37646484  LP660  M  GULAPER GOTAS 30CC.                         1      2080      2080       000      2080       000  000  000  000  000  000         2  7591955001301       21549034       21549034   518625240002  N  0                          0035 01/05/2024       USD          367          367          566
01 37646484  CO011  M  MIOVIT JARABE 180ML.                        2      3311      3485       348      6622       000  000  000  500  000  000         2  7591818251393       21548718       21548718   518625240002  N  0                         10434 01/11/2023       USD          585         1170          566
02 37646484         64        119546           000           000        119546    0    0    0  000    0    0    0   14/07/2022 3:31:27 p. m.   PR           000           000             0            17           USD          566        21121
