01 37652139  VP924  M  BETADUO AMP. JP 1ML.                        1      5223      5498       275      5223       000  000  000  500  000  000         1  7592432017877       21553677       21553677   518692360001  N  0                       1402225 01/04/2024       USD          916          916          570
01 37652139  MY510  M  CAMPAL 1% CR.TOPICA 20GR.                   2       988      1040       104      1976       000  000  000  500  000  000         1  7592601100232       21553677       21553677   518692360001  N  0                        221303 01/05/2026       USD          173          347          570
01 37652139  14982  M  CAMPAL 1% CR.TOPICA 50GR.                   1      1235      1300       065      1235       000  000  000  500  000  000         1  7592601303558       21553677       21553677   518692360001  N  0                        221304 01/06/2026       USD          217          217          570
01 37652139  VM025  M  CANDER HCT 16/12,5 X30TAB                   2      3500      4375      1750      7000       000  000  000 2000  000  000         1  7591020080620       21553677       21553677   518692360001  N  0                            47 01/04/2024       USD          614         1228          570
01 37652139  11251  M  CICLOKAN 500MG. X21CO                       1      5005      7150      2145      5005       000  000  000 3000  000  000         1  7591619519227       21553677       21553677   518692360001  N  0                          0031 01/11/2023       USD          878          878          570
01 37652139  CO265  M  CLORACE 500MG/4MG X10TA                     4      1236      1593      1428      4944       000  000  300 2000  000  000         1  7591818116043       21553677       21553677   518692360001  N  0                         10458 01/10/2024       USD          217          867          570
01 37652139  13525  M  CLORACI 1000MG X30TA                        2      1783      2971      2376      3566       000  000  000 4000  000  000         1  7591818000106       21553677       21553677   518692360001  N  0                        111120 01/11/2023       USD          313          626          570
01 37652139  LO509  M  DESLORAT 0,5MG. JBE.60ML.                   3      1148      1275       381      3444       000  000  000 1000  000  000         1  7591196004161       21553821       21553821   518692360001  N  0                       I042430 01/05/2024       USD          201          604          570
01 37652139  LO409  M  DESLORAT 5MG. X10TA                         4       825       917       368      3300       000  000  000 1000  000  000         1  7591196002969       21553821       21553821   518692360001  N  0                       I052593 01/05/2024       USD          145          579          570
01 37652139  MY255  M  IMAZOL 1% SOL.TOP.  20ML.                   3       927      1365      1314      2781       000  000  300 3000  000  000         1  7592601100461       21553677       21553677   518692360001  N  0                        009502 01/01/2024       USD          163          488          570
01 37652139  CO200  M  IPALAT 1% SOL.TOP. 20ML.                    1      1910      1910       000      1910       000  000  000  000  000  000         1  7591818111048       21553677       21553677   518692360001  N  0                         20158 01/06/2027       USD          335          335          570
01 37652139  LO580  M  QUINOTIC HC OTICA 5ML.                      6      2500      2500       000     15000       000  000  000  000  000  000         1  7591196000637       21553677       21553677   518692360001  N  0                        052882 01/05/2024       USD          439         2632          570
01 37652139  12087  M  SULTAMICILINA DAC750 10TA                   2      5206      6507      2602     10412       000  000  000 2000  000  000         1  7598578000186       21553677       21553677   518692360001  N  0                          V506 01/08/2023       USD          913         1827          570
01 37652139  LP255  M  TOLNAFTAN CR. 30 GR.                        2      1950      1950       000      3900       000  000  000  000  000  000         1  7591955001639       21553677       21553677   518692360001  N  0                          0044 01/03/2026       USD          342          684          570
01 37652139  TQ175  M  GRAUSIN JBE. 120ML.                         3      2600      2600       000      7800       000  000  000  000  000  000         2  7591955002452       21553677       21553677   518692360002  N  0                          0030 01/07/2023       USD          456         1368          570
02 37652139         37         77496           000           000         77496    0    0    0  000    0    0    0   16/07/2022 11:28:28 a. m.   PR           000           000             0            15           USD          570        13596
