01 37667382  KL115  M  BACITRACINA KL UNG. 15GR.                  12      1092      1560      5616     13104       000  000  000 3000  000  000         1  7591619505015       21564375       21564375   518847570001  N  0                          0173 01/06/2023       USD          191         2287          573
01 37667382  PD565  M  BARGONIL UNG. 10GR.                         3      3822      5460      4914     11466       000  000  000 3000  000  000         1  7591955000045       21564375       21564375   518847570001  N  0                          0106 01/05/2026       USD          667         2001          573
01 37667382  11251  M  CICLOKAN 500MG. X21CO                       3      5278      7540      6786     15834       000  000  000 3000  000  000         1  7591619519227       21564375       21564375   518847570001  N  0                          0031 01/11/2023       USD          921         2763          573
01 37667382  PD109  M  FERGANIC FOLIC TM X20                       3      4290      4290       000     12870       000  000  000  000  000  000         1  7591955002797       21564375       21564375   518847570001  N  0                          0300 01/05/2025       USD          749         2246          573
01 37667382  KN280  M  FERGANIC FOLIC TM X30                       3      4095      5850      5265     12285       000  000  000 3000  000  000         1  7591955003053       21564375       21564375   518847570001  N  0                          0310 01/05/2026       USD          715         2144          573
01 37667382  PD104  M  POLI-OTICO GOTAS 5 CC.                     12      2002      2860     10296     24024       000  000  000 3000  000  000         1  7591955002278       21564375       21564375   518847570001  N  0                          0097 01/03/2025       USD          349         4193          573
01 37667382  LP220  M  PROTOSULFIL 1% CR. 30GR.                    6      1625      3250      9750      9750       000  000  000 5000  000  000         1  7591955001486       21564375       21564375   518847570001  N  0                          0349 01/10/2023       USD          284         1702          573
01 37667382  HU001  M  TADIFIL 20MG. X1CO                         12       260       520      3120      3120       000  000  000 5000  000  000         1  7591619519029       21564375       21564375   518847570001  N  0                          0021 01/02/2025       USD          045          545          573
01 37667382  PD124  M  TRIDETARMON CR. 15GR.                       3      3640      3640       000     10920       000  000  000  000  000  000         1  7591955000762       21564375       21564375   518847570001  N  0                          0084 01/04/2024       USD          635         1906          573
01 37667382  GP740  M  VIGRASOL 50MG. X1CO                         3       195       390       585       585       000  000  000 5000  000  000         1  7594000491645       21564375       21564375   518847570001  N  0                          0013 01/01/2025       USD          034          102          573
01 37667382  PD720  M  CLENBUXOL JBE.PED. 120CC.                   3      2600      2600       000      7800       000  000  000  000  000  000         2  7591955000168       21564375       21564375   518847570002  N  0                          0116 01/03/2024       USD          454         1361          573
01 37667382  LP420  M  GULAPER JBE.AD. 120ML.                      3      2548      3640      3276      7644       000  000  000 3000  000  000         2  7591955001288       21564375       21564375   518847570002  N  0                          0062 01/05/2024       USD          445         1334          573
01 37667382  10855  M  HEXANT 30MG. ELIXIR 120ML                   6      1820      2600      4680     10920       000  000  000 3000  000  000         2  7591619519166       21564375       21564375   518847570002  N  0                          0010 01/07/2023       USD          318         1906          573
02 37667382         72        140322           000           000        137516    0    0    0  200    0    0    0   22/07/2022 1:36:15 p. m.   PR           000           000             0            13           USD          573        23999
