01 37664861  13397  M  DIAMENIL 850MG. X40TA                       2      1157      2313      2312      2314       000  000  000 5000  000  000         1  7406076100980       21562647       21562647   518828340001  N  0                        A21024 01/01/2023       USD          202          404          573
01 37664861  11163  M  LEVOFERIN SOL.ORAL 90ML.                    2      2015      2015       000      4030       000  000  000  000  000  000         1  7592782000741       21562647       21562647   518828340001  N  0                       2230001 01/03/2025       USD          352          703          573
01 37664861  ED470  M  NEMODINE 30MG. X20CO                        2      2795      2795       000      5590       000  000  000  000  000  000         1  7592803000798       21562647       21562647   518828340001  N  0                       2202725 01/04/2025       USD          488          976          573
01 37664861  SP770  M  SULTAMICILINA SP750 X6CO                    4      3558      3558       000     14232       000  000  000  000  000  000         1  7590027001454       21562922       21562922   518828340001  N  0                           622 01/05/2024       USD          621         2484          573
01 37664861  ED224  M  TALERC 10MG. GOTAS 15ML.                    2       884       884       000      1768       000  000  000  000  000  000         1  7592803001825       21562647       21562647   518828340001  N  0                       2203746 01/03/2025       USD          154          309          573
01 37664861  EL001  M  TALZIC 10MG. X10CO                          3       597       597       000      1791       000  000  000  000  000  000         1  7591062016700       21562647       21562647   518828340001  N  0                        21094A 01/12/2023       USD          104          313          573
01 37664861  EL775  M  TALZIC SOL.GOTAS 20ML.                      2       618       618       000      1236       000  000  000  000  000  000         1  7591062016670       21562647       21562647   518828340001  N  0                        22033B 01/04/2024       USD          108          216          573
01 37664861  EL184  M  TALZIC SOL.ORAL 120ML.                      2      1154      1154       000      2308       000  000  000  000  000  000         1  7591062016649       21562647       21562647   518828340001  N  0                        22051A 01/06/2024       USD          201          403          573
01 37664861  ED219  M  TALERC 1MG.SOL.ORAL 120ML                   2      1300      1300       000      2600       000  000  000  000  000  000         2  7592803001818       21562647       21562647   518828340002  N  0                       2205801 01/05/2024       USD          227          454          573
02 37664861         21         35869           000           000         35869    0    0    0  000    0    0    0   21/07/2022 4:28:23 p. m.   PR           000           000             0             9           USD          573         6260
