01 37690032  NP370  M  BREINOX 800MG. X30TA                        1      5850      5850       000      5850       000  000  000  000  000  000         1  7591821902701       21578937       21578937   519074210001  N  0                       2205428 01/05/2027       USD         1010         1010          579
01 37690032  MY510  M  CAMPAL 1% CR.TOPICA 20GR.                   3       988      1040       156      2964       000  000  000  500  000  000         1  7592601100232       21578069       21578069   519074210001  N  0                        221304 01/06/2026       USD          171          512          579
01 37690032  13411  M  DILUXEN 60MG. X20TA                         2      3432      3432       000      6864       000  000  000  000  000  000         1  7591821210462       21578937       21578937   519074210001  N  0                       2205341 01/05/2024       USD          593         1185          579
01 37690032  VM494  M  DUROVAL 50MG. X10TA                        12      2143      2857      8568     25716       000  000  000 2500  000  000         1  7591020008440       21578290       21578290   519074210001  N  0                           657 01/03/2027       USD          370         4441          579
01 37690032  KV860  M  FEMMEX ULTRA 200/30 X10TA                   2      1194      1357       326      2388       000  000  000 1200  000  000         1  7591821801004       21579121       21579121   519074210001  N  0                       2205547 01/06/2025       USD          206          412          579
01 37690032  MY255  M  IMAZOL 1% SOL.TOP.  20ML.                   6       927      1365      2628      5562       000  000  300 3000  000  000         1  7592601100461       21578290       21578290   519074210001  N  0                        009502 01/01/2024       USD          160          961          579
01 37690032  MY010  M  IMAZOL 100MG. X6CA.BL.VAG                   2      2230      3185      1910      4460       000  000  000 3000  000  000         1  7592601100485       21578069       21578069   519074210001  N  0                        227301 01/05/2024       USD          385          770          579
01 37690032  VM011  M  MIRTAZAVAL 30MG. X30TA                      1      2946      3682       736      2946       000  000  000 2000  000  000         1  7591020008747       21578937       21578937   519074210001  N  0                            54 01/04/2025       USD          509          509          579
01 37690032  PG110  M  NINAZO GOTAS AD. 15ML.                      6       972      1034       372      5832       000  000  000  600  000  000         1  7591821802957       21579121       21579121   519074210001  N  0                       2205565 01/11/2023       USD          168         1007          579
01 37690032  FA239  M  NOTOLAC 30MG. X4TA.SUBL.                    3      1397      1552       465      4191       000  000  000 1000  000  000         1  7591821210134       21579121       21579121   519074210001  N  0                       2203489 01/04/2024       USD          241          724          579
01 37690032  11025  M  NOXPIRIN GOTAS PED.15ML.                    2       618       650       064      1236       000  000  000  500  000  000         1  7592601302100       21578365       21578365   519074210001  N  0                        137901 01/02/2023       USD          107          213          579
01 37690032  15153  M  PEPTOGEL SUSP.ORAL 120ML.                   2      3770      3770       000      7540       000  000  000  000  000  000         1   764600122615       21579121       21579121   519074210001  N  0                         20457 01/03/2025       USD          651         1302          579
01 37690032  11260  M  PEDIACORT SOL.PED. 60ML.                    2      4388      4388       000      8776       000  000  000  000  000  000         2  7591196006097       21579121       21579121   519074210002  N  0                        062096 01/06/2025       USD          758         1516          579
01 37690032  MY300  M  TILODRIN 30MG.JBE. 120ML.                   2      1563      1645       164      3126       000  000  000  500  000  000         2  7592601100546       21578069       21578069   519074210002  N  0                        206907 01/07/2024       USD          270          540          579
02 37690032         46         87451           000           000         87451    0    0    0  000    0    0    0   31/07/2022 1:08:25 p. m.   PR           000           000             0            14           USD          579        15104
