01 37694551  13136  M  ANTAAR HCT 2,5-6,25 X10TA                   6      1073      1403      1980      6438       000  000 1500 1000  000  000         1  7591519317749       21581974       21581974   519120670001  N  0                         32769 01/03/2025       USD          186         1114          578
01 37694551  PA133  M  BEPROSPEN 7MG. X1A+JER                      1      4420      4420       000      4420       000  000  000  000  000  000         1  7591243803730       21581831       21581831   519120670001  N  0                         92684 01/07/2023       USD          765          765          578
01 37694551  13008  M  BIOCOR 40MG X10TA                           2      1713      1903       380      3426       000  000  000 1000  000  000         1  7591519317701       21581974       21581974   519120670001  N  0                         32703 01/03/2024       USD          296          593          578
01 37694551  10729  M  BIOCOR 40MG. X30TA                          2      4516      5018      1004      9032       000  000  000 1000  000  000         1  7591519000122       21581974       21581974   519120670001  N  0                         32982 01/06/2024       USD          781         1563          578
01 37694551  11476  M  BIOCOR AMLO20MG-5MG 30TA                    2      3115      3461       692      6230       000  000  000 1000  000  000         1  7591519316247       21581974       21581974   519120670001  N  0                         33007 01/06/2024       USD          539         1078          578
01 37694551  14303  M  BLOKXA 20MG. X14TA                          3      4767      6232      4395     14301       000  000 1500 1000  000  000         1  7591519000429       21581974       21581974   519120670001  N  0                         32427 01/11/2023       USD          825         2474          578
01 37694551  PA164  M  BROFLEMA 8MG. JBE. 120ML.                   2      1560      1560       000      3120       000  000  000  000  000  000         1  7591243807370       21581831       21581831   519120670001  N  0                       9309402 01/06/2024       USD          270          540          578
01 37694551  QM200  M  BUMETIN RETARD300MG.X20TA                   2      4239      4239       000      8478       000  000  000  000  000  000         1  7703763861002       21581974       21581974   519120670001  N  0                       3501330 01/05/2024       USD          733         1467          578
01 37694551  MK004  M  CARVEDILOL +MK 6,25 X14TA                   6       778      1144      2196      4668       000  000 2000 1500  000  000         1  7591519007633       21581831       21581831   519120670001  N  0                         32749 01/03/2024       USD          135          808          578
01 37694551  11900  M  GLIMERID 4MG. X10TA                         3      2119      2119       000      6357       000  000  000  000  000  000         1  7592454891202       21581974       21581974   519120670001  N  0                       3274815 01/08/2024       USD          367         1100          578
01 37694551  MK724  M  LEVOFLOXACINO +MK500 X5TA                   6       957      1407      2700      5742       000  000 2000 1500  000  000         1  7591519005905       21581974       21581974   519120670001  N  0                         32623 01/03/2024       USD          166          993          578
01 37694551  MK724  M  LEVOFLOXACINO +MK500 X5TA                   2       957      1407       900      1914       000  000 2000 1500  000  000         1  7591519005905       21581974       21581974   519120670001  N  0                         32623 01/03/2024       USD          166          331          578
01 37694551  MK409  M  SECNIDAZOL +MK 1GR. X 2                     6       866      1273      2442      5196       000  000 2000 1500  000  000         1  7591519003918       21581974       21581974   519120670001  N  0                         32928 01/06/2025       USD          150          899          578
02 37694551         43         79322           000           000         79322    0    0    0  000    0    0    0   02/08/2022 4:20:34 p. m.   PR           000           000             0            13           USD          578        13724
