01 37719693  16064  M  CLOBEDET CR.TOP. 15GR.                     12      1426      1426       000     17112       000  000  000  000  000  000         1   745687143311       21599129       21599129   519365610001  N  0                            03 01/02/2024       USD          240         2876          595
01 37719693  16067  M  ESDET 40MG. X30CA                           2      2631      2631       000      5262       000  000  000  000  000  000         1   745687143236       21599916       21599916   519365610001  N  0                       WGC2227 01/02/2024       USD          442          884          595
01 37719693  EH114  M  ESOMEPRAZOL VP20MG. X20TA                   2      2439      2869       860      4878       000  000  000 1500  000  000         1  7703153027414       21599916       21599916   519365610001  N  0                       1346063 01/02/2023       USD          410          820          595
01 37719693  VP664  M  EVIGAX 125MG. X20CA.BLA                     3      3413      3519       318     10239       000  000  000  300  000  000         1  7592432010212       21599821       21599821   519365610001  N  0                        220165 01/06/2025       USD          574         1721          595
01 37719693  VP784  M  ILANA 600MG.VAG. X1CA.BL                    6      2135      2321      1116     12810       000  000  000  800  000  000         1  7592432011523       21598620       21598620   519365610001  N  0                        210272 01/06/2024       USD          359         2153          595
01 37719693  16432  M  LOSARTAN P.BM50MG. X30TA                    6       948       998       300      5688       000  000  000  500  000  000         1  7598127001152       21599129       21599129   519365610001  N  0                        211027 01/10/2024       USD          159          956          595
01 37719693  16924  M  ORLISTAT VP120 X30CABL.                     2      6364      7150      1572     12728       000  000  000 1100  000  000         1  7703153020330       21599688       21599688   519365610001  N  0                       1367133 01/08/2023       USD         1070         2139          595
01 37719693  AP001  M  SIGTIPHIN 200MG. X10CO                      3      1544      1625       243      4632       000  000  000  500  000  000         1  7592601301639       21598620       21598620   519365610001  N  0                        236503 01/06/2024       USD          259          778          595
01 37719693  PD990  M  FERGANIC FOLIC JBE.120CC.                   1      7150      7150       000      7150       000  000  000  000  000  000         2  7591955002803       21599688       21599688   519365610002  N  0                          0110 01/07/2023       USD         1202         1202          595
02 37719693         37         80499           000           000         80499    0    0    0  000    0    0    0   12/08/2022 3:38:14 p. m.   PR           000           000             0             9           USD          595        13529
