01 37714483  16567  M  CLINFAST 100-200 X3OV.VAG                   3      2496      3120      1872      7488       000  000 2000  000  000  000         1  8906081306876       21593954       21593954   519305550001  N  0                      B1ARP001 01/03/2025       USD          423         1269          590
01 37714483  16777  M  DIOSMINA-HE DAC450-50 X10                   2      3804      3804       000      7608       000  000  000  000  000  000         1  7598578000476       21593576       21593576   519305550001  N  0                          V327 01/02/2025       USD          645         1289          590
01 37714483  LN155  M  LISOMUCIN 4MG. JBE.120ML.                   2      1322      1322       000      2644       000  000  000  000  000  000         1  7592348218009       21593954       21593954   519305550001  N  0                       2204008 01/04/2027       USD          224          448          590
01 37714483  LN160  M  LISOMUCIN 8MG. JBE.120ML.                   2      1556      1556       000      3112       000  000  000  000  000  000         1  7592348218023       21593954       21593954   519305550001  N  0                       2203009 01/03/2025       USD          264          527          590
01 37714483  GE270  M  LOCERYL 5%KIT LACA 2,5ML                    2     13143     13143       000     26286       000  000  000  000  000  000         1  3499320002523       21593576       21593576   519305550001  N  0                       2212402 01/12/2024       USD         2228         4455          590
01 37714483  15447  M  MINOXIDIL SGG2% S.TOP.60                    2      2205      2205       000      4410       000  000  000  000  000  000         1  7596347792522       21593954       21593954   519305550001  N  0                        L0722G 01/07/2024       USD          374          747          590
01 37714483  VC580  M  OTAN GOTAS 5ML.                             3      2397      2397       000      7191       000  000  000  000  000  000         1  7592782000567       21594390       21594390   519305550001  N  0                       2250002 01/05/2024       USD          406         1219          590
01 37714483  13550  M  PENTOXIFILINA 400MG X30TA                   6      5573      5573       000     33438       000  000  000  000  000  000         1  7501384504946       21594390       21594390   519305550001  N  0                       8880322 01/03/2024       USD          945         5667          590
01 37714483  XS021  N  SOL FISIOLOGICA XS 60ML                     3       829       829       000      2487       000  000  000  000  000  000         1  7594001451648       21594487       21594487   519305550001  N  0                      14062292 01/06/2024       USD          141          422          590
01 37714483  14737  M  STONEX 10MEQ X30TA                          2      5590      5590       000     11180       000  000  000  000  000  000         1   712155555723       21593954       21593954   519305550001  N  0                       K21A445 01/11/2024       USD          947         1895          590
01 37714483  PO100  M  ACETOBEN JBE. 120ML.                        3      1794      1794       000      5382       000  000  000  000  000  000         2  7592806121018       21594390       21594390   519305550002  N  0                        204053 01/04/2025       USD          304          912          590
01 37714483  14113  M  BROMEXINA QF4MG.JBE.120ML                   6       949       949       000      5694       000  000  000  000  000  000         2  7598484000034       21593954       21593954   519305550002  N  0                          8372 01/07/2024       USD          161          965          590
01 37714483  DP364  M  CETIRIZINA DP1MG. JBE60ML                   6      1114      1173       354      6684       000  000  000  500  000  000         2  7592616083018       21594923       21594923   519305550002  N  0                         20537 01/06/2024       USD          189         1133          590
01 37714483  LP660  M  GULAPER GOTAS 30CC.                         1      2340      2340       000      2340       000  000  000  000  000  000         2  7591955001301       21594390       21594390   519305550002  N  0                          0035 01/05/2024       USD          397          397          590
02 37714483         43        125944           000           000        125944    0    0    0  000    0    0    0   10/08/2022 7:32:46 p. m.   PR           000           000             0            14           USD          590        21346
