01 37722529  GN088  M  AMLODIPINA GN 10MG. X30CO                   4       887      1043       624      3548       000  000  000 1500  000  000         1  7591585278173       21600683       21600683   519396920001  N  0                          1951 01/06/2025       USD          148          593          598
01 37722529  GT119  M  ASAPROL 81MG. X100CO                        3      3820      4775      5730     11460       000  000  000 2000  000  000         1  7591585261236       21601097       21600683   519396920001  N  0                           183 01/11/2023       USD          639         1916          598
01 37722529  GT119  M  ASAPROL 81MG. X100CO                        3      3820      4775      5730     11460       000  000  000 2000  000  000         1  7591585261236       21600683       21600683   519396920001  N  0                           183 01/11/2023       USD          639         1916          598
01 37722529  GT005  M  ASAPROL 81MG. X40CO                         3      1310      1456       876      3930       000  000  000 1000  000  000         1  7591585561237       21601097       21600683   519396920001  N  0                           187 01/05/2024       USD          219          657          598
01 37722529  GT005  M  ASAPROL 81MG. X40CO                         3      1310      1456       876      3930       000  000  000 1000  000  000         1  7591585561237       21600683       21600683   519396920001  N  0                           187 01/05/2024       USD          219          657          598
01 37722529  LC409  M  MIGREN 650-50-1 X10CO                       2      1286      1513       454      2572       000  000  000 1500  000  000         1  7591585115737       21601545       21601545   519396920001  N  0                           564 01/07/2024       USD          215          430          598
01 37722529  LX102  M  MIGREN 650-50-1 X20CO                       2      1828      2150       644      3656       000  000  000 1500  000  000         1  7591585415738       21601545       21601545   519396920001  N  0                           565 01/07/2024       USD          306          611          598
01 37722529  LT249  M  XYLON 5MG/6,25MG. X30CO                     1      3923      3923       000      3923       000  000  000  000  000  000         1  7591585113313       21601545       21601545   519396920001  N  0                           090 01/06/2024       USD          656          656          598
01 37722529  VA164  M  VITREXON JBE.PED. 120ML.                    4      1851      1851       000      7404       000  000  000  000  000  000         2  7592349723588       21601776       21601776   519396920002  N  0                       2203012 01/03/2024       USD          310         1238          598
02 37722529         25         51883           000           000         51883    0    0    0  000    0    0    0   15/08/2022 4:43:02 p. m.   PR           000           000             0             7           USD          598         8676
