01 37723413  15031  M  ATORVASTATINA AL20 X30TA                    3      2146      2384       714      6438       000  000  000 1000  000  000         1  7597758000732       21601097       21601097   519396890001  N  0                        AVT005 01/11/2024       USD          359         1077          598
01 37723413  15384  M  ATORVASTATINA AL40 X30TA                    3      2766      3073       921      8298       000  000  000 1000  000  000         1  7597758000749       21601097       21601097   519396890001  N  0                        AVF005 01/11/2024       USD          463         1388          598
01 37723413  14780  M  ATORVASTATINA DAC40 X30TA                   4      2402      2402       000      9608       000  000  000  000  000  000         1  7598578000254       21602716       21602716   519396890001  N  0                          V295 01/06/2025       USD          402         1607          598
01 37723413  16967  M  CLAVULAM 875-125 X10TA                      3      5038      5038       000     15114       000  000  000  000  000  000         1  8906045946216       21601545       21601545   519396890001  N  0                      LVUTE001 01/11/2023       USD          842         2527          598
01 37723413  ZW005  N  GINKGO SENG DH NP X60CA                     1      4755      4755       000      4755       000  000  000  000  000  000         1  7592430000017       21602695       21602695   519396890001  N  0                      03041121 01/11/2023       USD          795          795          598
01 37723413  16189  N  GLUCOSAMINE ET2850 X90CA                    2      6507      6507       000     13014       000  000  000  000  000  000         1   787790468653       21602667       21601776   519396890001  N  0                         BP150 01/05/2025       USD         1088         2176          598
01 37723413  16189  N  GLUCOSAMINE ET2850 X90CA                    3      6507      6507       000     19521       000  000  000  000  000  000         1   787790468653       21601776       21601776   519396890001  N  0                         BP150 01/05/2025       USD         1088         3264          598
01 37723413  LT227  M  GYNODERAIN 0,6G. X6OV.VAG                   1      4291      4768       477      4291       000  000  000 1000  000  000         1  7591585115942       21601097       21601097   519396890001  N  0                       GL2104A 01/11/2024       USD          718          718          598
01 37723413  BA104  M  GYNOTRAN OV.VAG. X7                         1      8031      8031       000      8031       000  000  000  000  000  000         1  7401078990089       21601097       21601097   519396890001  N  0                        210411 01/11/2023       USD         1343         1343          598
01 37723413  16968  M  HEMO-K 10MG. 1ML. X10A                      1      4472      4472       000      4472       000  000  000  000  000  000         1  8906045946186       21601545       21601545   519396890001  N  0                      EHOQI001 01/10/2024       USD          748          748          598
01 37723413  14384  M  KETOPROFENO TIA100MG.X10A                   2      6110      6110       000     12220       000  000  000  000  000  000         1  8904187861770       21600683       21600683   519396890001  N  0                        N20644 01/02/2025       USD         1022         2043          598
01 37723413  EL615  M  KLAS JBE. 60 CC.                            2      1245      1245       000      2490       000  000  000  000  000  000         1  7591062011828       21602764       21602764   519396890001  N  0                        22049A 01/06/2025       USD          208          416          598
01 37723413  NQ350  A  L-CARNITINA VAL500 X30CA                    2      4817      4817       000      9634       000  000  000  000  000  000         1   714439705527       21602716       21602716   519396890001  N  0                        22A266 01/12/2024       USD          806         1611          598
01 37723413  12491  M  LATROS TI GOTAS OF 3ML                      2      2450      2450       000      4900       000  000  000  000  000  000         1  7404000314649       21601097       21601097   519396890001  N  0                      F2104016 01/04/2023       USD          410          819          598
01 37723413  12681  M  MEROPENEM INY I.V 1000MG                    6      3900      3900       000     23400       000  000  000  000  000  000         1  8907010001534       21601776       21601776   519396890001  N  0                      X1GA174A 01/06/2023       USD          652         3913          598
01 37723413  15209  N  SABILA ABE X70CA                            1      3065      3065       000      3065       000  000  000  000  000  000         1  7597134000080       21601776       21601776   519396890001  N  0                          E001 01/03/2024       USD          513          513          598
01 37723413  VT125  C  BOROCANFOR ORIG.POLVO 60GR                  2      1338      1338       000      2676       428  000  000  000  000  000         2       75930516       21602654       21602654   519396890002  N  0                       2207501 01/07/2024       USD          224          447          598
01 37723413  11287  C  BRUCEN CR.DERMO RESTA30                     2      3202      3202       000      6404      1025  000  000  000  000  000         2  7592090000075       21602527       21602527   519396890002  N  0                        220363 01/03/2025       USD          535         1071          598
01 37723413  11262  C  BRUCEN LO.CR.CORP.250ML.                    2      3903      3903       000      7806      1249  000  000  000  000  000         2  7592090000334       21602654       21602654   519396890002  N  0                        220238 01/03/2025       USD          653         1305          598
01 37723413  LN110  C  DIADEX PHIS JABON 120ML.                    2      1329      1329       000      2658       425  000  000  000  000  000         2  7592348208208       21602527       21602527   519396890002  N  0                      33421017 01/12/2024       USD          222          444          598
01 37723413  XS020  N  GLICERINA XS 30ML.                          6       601       601       000      3606       577  000  000  000  000  000         3  7594001450696       21602819       21602819   519396890003  N  0                      27062214 01/11/2024       USD          101          603          598
01 37723413  PB006  N  WAMPOLE EMUL.T.FRUTI240ML                   6      1518      1518       000      9108      1457  000  000  000  000  000         3  7591309000967       21601545       21601545   519396890003  N  0                      A2203083 01/03/2024       USD          254         1523          598
02 37723413         57        161965         19544          5161        186670    0    0    0  000    0    0    0   15/08/2022 7:16:24 p. m.   PR           000           000             0            21           USD          598        30353
