01 37739258  PO115  M  ALGOREN 10MG. X20TA                         4      1326      1326       000      5304       000  000  000  000  000  000         1  7592806133011       21613799       21613799   519554870001  N  0                        202032 01/02/2027       USD          215          858          618
01 37739258  15428  M  ATORVASTATINA BUKA40 30TA                  12      2766      2912      1752     33192       000  000  000  500  000  000         1   675696260146       21614298       21614298   519554870001  N  0                       AVA1501 01/11/2024       USD          448         5371          618
01 37739258  15445  M  BACITRACINA SGG UNG.15GR.                   6      1256      1256       000      7536       000  000  000  000  000  000         1  7596347793567       21615499       21615499   519554870001  N  0                      LB1V0624 01/06/2024       USD          203         1219          618
01 37739258  15079  C  BIOS LIGH BAR NEUTRO 90GR                   6       810       810       000      4860       778  000  000  000  000  000         1  7595481000265       21615032       21615032   519554870001  N  0                        220301 01/03/2026       USD          131          786          618
01 37739258  PB245  M  DENCORUB GEL 40GR.                          3      1886      1985       297      5658       000  000  500  000  000  000         1  7591309010416       21613851       21613851   519554870001  N  0                       2206007 01/06/2024       USD          305          916          618
01 37739258  PB245  M  DENCORUB GEL 40GR.                          1      1886      1985       099      1886       000  000  500  000  000  000         1  7591309010416       21613851       21613851   519554870001  N  0                       2206007 01/06/2024       USD          305          305          618
01 37739258  13553  M  FLUOXETINA PSI20MG. X14TA                   3      1002      1002       000      3006       000  000  000  000  000  000         1  7501384504892       21615499       21615499   519554870001  N  0                       1710422 01/04/2024       USD          162          486          618
01 37739258  15691  M  GASTROPILL 30MG. X30CA                      2      1774      3548      3548      3548       000  000  000 5000  000  000         1  7406076101277       21615032       21615032   519554870001  N  0                        D21031 01/04/2023       USD          287          574          618
01 37739258  OJ020  N  GINKGO BILOBA HP300 X60CA                   2      3565      3961       792      7130       000  000  000 1000  000  000         1  7592710000621       21615032       21615032   519554870001  N  0                       0291207 01/07/2025       USD          577         1154          618
01 37739258  13087  N  LECHE MAGN. BF ORIG.120ML                   2      2387      2652       530      4774       000  000  000 1000  000  000         1  7591616000902       21614203       21614203   519554870001  N  0                        122704 01/07/2024       USD          386          772          618
01 37739258  12189  M  LEVOTIROXINA AL50MCG50TA                    2      1698      2123       850      3396       000  000  000 2000  000  000         1  7597758000480       21615159       21615159   519554870001  N  0                         DL189 01/02/2024       USD          275          550          618
01 37739258  LN185  N  MADECASSOL 10MG. X30TA                      2      4213      4213       000      8426       000  000  000  000  000  000         1  7592348413848       21613163       21613163   519554870001  N  0                       2205005 01/05/2027       USD          682         1363          618
01 37739258  16281  M  SOLFEM OV.VAG. X5                           2      3878      3878       000      7756       000  000  000  000  000  000         1   788070698654       21613799       21613799   519554870001  N  0                         15439 01/02/2024       USD          628         1255          618
01 37739258  15660  N  VENACARE 460MG. X30CA                       2      2707      3008       602      5414       000  000  000 1000  000  000         1  7592710004230       21613884       21613884   519554870001  N  0                       2601006 01/06/2025       USD          438          876          618
01 37739258  CR220  C  MIMADITO COL.BEBE 100ML.                    2      1002      1002       000      2004       321  000  000  000  000  000         2  7591248510107       21614385       21614385   519554870002  N  0                   03222812354 01/07/2024       USD          162          324          618
01 37739258  10581  C  TOALLAS H.MIMADI PREM.X48                   2      1118      1118       000      2236       358  000  000  000  000  000         2  7591248212209       21614385       21614385   519554870002  N  0                    1572231044 01/06/2024       USD          181          362          618
01 37739258  JN100  N  JENGIMIEL JBE.AD. 120ML.                    2      2990      2990       000      5980       000  000  000  000  000  000         3  7592520000019       21613799       21613799   519554870003  N  0                        010622 01/06/2025       USD          484          968          618
02 37739258         55        103006          9100          1456        113562    0    0    0  000    0    0    0   22/08/2022 7:04:34 p. m.   PR           000           000             0            17           USD          618        18140
