01 37748625  PO185  M  BACTRON TAB. X20                            3      2434      2434       000      7302       000  000  000  000  000  000         1  7592806133073       21624731       21624731   519675490001  N  0                        206098 01/06/2027       USD          347         1042          701
01 37748625  16567  M  CLINFAST 100-200 X3OV.VAG                   3      2496      3120      1872      7488       000  000 2000  000  000  000         1  8906081306876       21624731       21624731   519675490001  N  0                      B1ARP001 01/03/2025       USD          356         1068          701
01 37748625  17277  M  CLONEDAC CREMA 20GR.                        6      3346      3346       000     20076       000  000  000  000  000  000         1  7598578000117       21624743       21624743   519675490001  N  0                          2140 01/03/2024       USD          477         2864          701
01 37748625  13920  M  DUTAPROS 0.5MG. X30TA                       1     12090     12090       000     12090       000  000  000  000  000  000         1  8903489000191       21624731       21624731   519675490001  N  0                         GT638 01/08/2024       USD         1725         1725          701
01 37748625  16677  M  EUTIROX 25MCG. X50TA                        2      3640      3640       000      7280       000  000  000  000  000  000         1  7501298234809       21624731       21624731   519675490001  N  0                        M13578 01/07/2023       USD          519         1039          701
01 37748625  13926  M  LEVOT 100MCG. X100TA                        1      2665      5330      2665      2665       000  000  000 5000  000  000         1  8906046796391       21624731       21624731   519675490001  N  0                      DYT21007 01/07/2025       USD          380          380          701
01 37748625  14235  M  LOSARTAN P. DAC50MG.X30TA                   6      2231      2231       000     13386       000  000  000  000  000  000         1  7598578000223       21624731       21624731   519675490001  N  0                          V284 01/01/2025       USD          318         1910          701
01 37748625  11602  M  METFORMINA SW850MG. X30TA                   2      1915      1915       000      3830       000  000  000  000  000  000         1  7705959880019       21624731       21624731   519675490001  N  0                       BCL1193 01/03/2024       USD          273          546          701
01 37748625  VC580  M  OTAN GOTAS 5ML.                             3      2397      2397       000      7191       000  000  000  000  000  000         1  7592782000567       21624731       21624731   519675490001  N  0                       2250002 01/05/2024       USD          342         1026          701
01 37748625  13992  M  VALTAN 160MG. X30TA                         1      7150      7150       000      7150       000  000  000  000  000  000         1  8906104081360       21624731       21624731   519675490001  N  0                        V59001 01/03/2025       USD         1020         1020          701
02 37748625         28         88458           000           000         88458    0    0    0  000    0    0    0   25/08/2022 2:11:29 p. m.   PR           000           000             0            10           USD          701        12619
