01 37756853  13419  M  APLACAL 750BANANA X10TM                     1      1365      1365       000      1365       000  000  000  000  000  000         1  7592601303176       21628253       21628253   519730720001  N  0                        139502 01/08/2023       USD          174          174          785
01 37756853  13420  M  APLACAL 750FRAMB. X10TM                     1      1365      1365       000      1365       000  000  000  000  000  000         1  7592601303145       21628253       21628253   519730720001  N  0                        239602 01/05/2024       USD          174          174          785
01 37756853  13422  M  APLACAL 750MENTA X10TM                      1      1365      1365       000      1365       000  000  000  000  000  000         1  7592601303152       21628253       21628253   519730720001  N  0                        239803 01/06/2024       USD          174          174          785
01 37756853  FA022  M  BONAMES 150MG. X1TA                         3      2457      2730       819      7371       000  000  000 1000  000  000         1  7591821903326       21628253       21628253   519730720001  N  0                       2105132 01/05/2025       USD          313          939          785
01 37756853  12084  M  BREXIN FORTE 650MG. X10TA                   2       831       875       088      1662       000  000  000  500  000  000         1  7591818716755       21628253       21628253   519730720001  N  0                         10364 01/09/2024       USD          106          212          785
01 37756853  VM469  M  CANDER 8MG. X30TA                           2      3394      3649       510      6788       000  000  000  700  000  000         1  7591020008297       21628729       21628729   519730720001  N  0                           184 01/03/2026       USD          432          865          785
01 37756853  LO149  M  CORTYNASE SUSP.NASAL 140D.                  2      3947      4155       416      7894       000  000  000  500  000  000         1  7591196004604       21628729       21628729   519730720001  N  0                        062300 01/06/2024       USD          503         1006          785
01 37756853  EH350  M  FLUCONAZOL 150MG. X2CA                      6       753       818       390      4518       000  000  000  800  000  000         1  7703153020354       21628729       21628729   519730720001  N  0                       1385909 01/12/2024       USD          096          576          785
01 37756853  MO210  M  IBANDROMET 150MG. X1TA                      2      2145      2145       000      4290       000  000  000  000  000  000         1  7705323123117       21628253       21628253   519730720001  N  0                        138703 01/09/2023       USD          273          546          785
01 37756853  14575  M  METOCLOPRAMI LAN10 X100TA                   1      3931      5616      1685      3931       000  000  000 3000  000  000         1  7598008000557       21628253       21628253   519730720001  N  0                     TM1040002 01/11/2024       USD          501          501          785
01 37756853  KL419  M  MIGRADORIXINA 125-1 X10CO                   2      3315      3900      1170      6630       000  000  000 1500  000  000         1  7591619518688       21628253       21628253   519730720001  N  0                          0024 01/08/2024       USD          422          845          785
01 37756853  12874  M  SULIXTRA DUO 0.4/0.5 10CA                   1      7393      7393       000      7393       000  000  000  000  000  000         1  7593090001215       21628253       21628253   519730720001  N  0                  TL210IC22002 01/03/2024       USD          942          942          785
01 37756853  10854  C  ARNICA FC FORTE90GR.BOL                     2      1282      1282       000      2564       410  000  000  000  000  000         2  7593090000676       21629070       21629070   519730720002  N  0                       2206001 01/06/2025       USD          163          327          785
01 37756853  11209  C  ARNICA FC LOC.AER. 64GR.                    1      1762      1762       000      1762       282  000  000  000  000  000         2  7593090001079       21629070       21629070   519730720002  N  0                        200500 01/10/2023       USD          224          224          785
01 37756853  BQ131  M  ACETAMINOFEN BQ120MG100ML                   6       980       980       000      5880       000  000  000  000  000  000         3  7594000850855       21629070       21629070   519730720003  N  0                        220812 01/08/2024       USD          125          749          785
02 37756853         33         60452          4326           692         65470    0    0    0  000    0    0    0   27/08/2022 3:40:05 p. m.   PR           000           000             0            15           USD          785         8252
