01 37779248  EL685  M  ALBICAR 200MG X2TA                          8       586       586       000      4688       000  000  000  000  000  000         1  7591062010036       21644640       21644640   519952410001  N  0                        22035B 01/04/2025       USD          074          590          794
01 37779248  16206  M  ALIVERIUM 100/300 X10CABL                   1      4367      4367       000      4367       000  000  000  000  000  000         1  7598431000056       21645300       21645300   519952410001  N  0                      21090238 01/10/2023       USD          550          550          794
01 37779248  14463  M  BROSIDUAL 100/300 X10CABL                   1      4095      4095       000      4095       000  000  000  000  000  000         1   793869810308       21645300       21645300   519952410001  N  0                      22050179 01/05/2024       USD          516          516          794
01 37779248  FF230  M  BUDESONIDA MF 200MCG.200D                   1     13658     13658       000     13658       000  000  000  000  000  000         1  7591096000133       21644310       21644310   519952410001  N  0                      070R013D 01/11/2023       USD         1720         1720          794
01 37779248  FF450  M  BUDESONIDA MF 50MCG.200D                    2     11220     11220       000     22440       000  000  000  000  000  000         1  7591096000898       21644310       21644310   519952410001  N  0                      069R006A 01/11/2023       USD         1413         2826          794
01 37779248  17218  M  CANISON-BN CR.TOP. 15GR.                    6      2691      2691       000     16146       000  000  000  000  000  000         1  7591651001339       21644310       21644310   519952410001  N  0                        E21213 01/10/2023       USD          339         2034          794
01 37779248  14380  M  CLINDA KETO TI100-400 5OV                   3      4680      4680       000     14040       000  000  000  000  000  000         1  8904187881303       21644952       21644952   519952410001  N  0                          3072 01/02/2025       USD          589         1768          794
01 37779248  16567  M  CLINFAST 100-200 X3OV.VAG                   2      3744      3744       000      7488       000  000  000  000  000  000         1  8906081306876       21644640       21644640   519952410001  N  0                      A1ARP001 01/08/2024       USD          472          943          794
01 37779248  ED004  M  CLOFEN 1,8MG. SUSP.60ML.                    3      1950      1950       000      5850       000  000  000  000  000  000         1  7592803001801       21645300       21645300   519952410001  N  0                       2205820 01/06/2024       USD          246          737          794
01 37779248  QR350  M  DAFLON 500MG. X60CO                         1     23322     23322       000     23322       000  000  000  000  000  000         1  7592788000585       21644640       21644640   519952410001  N  0                       6025252 01/11/2023       USD         2937         2937          794
01 37779248  16778  M  FLAVOXATO DAC200MG. X20TA                   3      2717      2717       000      8151       000  000  000  000  000  000         1  7598578000421       21645213       21645213   519952410001  N  0                          V303 01/01/2025       USD          342         1027          794
01 37779248  11463  C  GASAS EST.3X3 ALGOB X50S                    2      5863      5863       000     11726      1876  000  000  000  000  000         1 17593255000401       21644952       21644952   519952410001  N  0                       1220159 01/03/2027       USD          738         1477          794
01 37779248  11464  C  GASAS EST.4X4 ALGOB X25S                    2      5058      5058       000     10116      1619  000  000  000  000  000         1 17593255000418       21644952       21644952   519952410001  N  0                       1220159 01/03/2027       USD          637         1274          794
01 37779248  VC003  M  GENCIVOL COMPU SOL.15ML.                    3      3532      3532       000     10596       000  000  000  000  000  000         1  7592782000529       21644310       21644310   519952410001  N  0                       2250016 01/06/2024       USD          445         1335          794
01 37779248  GB850  M  GLICERINA GC SUPOS.AD. X6                   1      4406      4406       000      4406       000  000  000  000  000  000         1  7592349923957       21644310       21644310   519952410001  N  0                       2203175 01/03/2024       USD          555          555          794
01 37779248  NQ350  A  L-CARNITINA VAL500 X30CA                    1      6639      6639       000      6639       000  000  000  000  000  000         1   714439705527       21645213       21645213   519952410001  N  0                        590521 01/05/2025       USD          836          836          794
01 37779248  NQ350  A  L-CARNITINA VAL500 X30CA                    1      6639      6639       000      6639       000  000  000  000  000  000         1   714439705527       21645213       21645213   519952410001  N  0                        590521 01/05/2025       USD          836          836          794
01 37779248  15965  N  LECHE MAGN. BF MENTA120ML                   1      2652      2652       000      2652       000  000  000  000  000  000         1  7591616002005       21644310       21644310   519952410001  N  0                        124705 01/06/2024       USD          334          334          794
01 37779248  15965  N  LECHE MAGN. BF MENTA120ML                   1      2652      2652       000      2652       000  000  000  000  000  000         1  7591616002005       21644310       21644310   519952410001  N  0                        124705 01/06/2024       USD          334          334          794
01 37779248  14300  M  NEUMOCORT INH.200MCGX200D                   2      9276      9276       000     18552       000  000  000  000  000  000         1  7795373012912       21644310       21644310   519952410001  N  0                           217 01/02/2024       USD         1168         2337          794
01 37779248  EL505  M  PROVICAR 1GR.SO.ORAL60ML                    6      2272      2272       000     13632       000  000  000  000  000  000         1  7591062011064       21645213       21645213   519952410001  N  0                        22059A 01/06/2025       USD          286         1717          794
01 37779248  15426  M  TAMSULOSINA BUKA0,4 X30CA                   2      4524      4524       000      9048       000  000  000  000  000  000         1   675696260191       21644952       21644952   519952410001  N  0                       TLA1501 01/11/2024       USD          570         1140          794
01 37779248  GB840  M  GLICERINA GC SUPOS.PED.X6                   2      3263      3263       000      6526       000  000  000  000  000  000         2  7592349923872       21645213       21645213   519952410002  N  0                       2203141 01/03/2024       USD          411          822          794
01 37779248  KQ005  C  RHELEN GEL MASAJE BOL.90GR.                 2      1576      1576       000      3152       504  000  000  000  000  000         3  7593434000096       21645213       21645213   519952410003  N  0                     210222065 01/04/2025       USD          198          397          794
02 37779248         57        205587         24994          3999        234580    0    0    0  000    0    0    0   06/09/2022 7:12:58 p. m.   PR           000           000             0            24           USD          794        29040
