01 37778910  VF010  C  ARNICA FC GEL PM BOL90GR.                   2      1515      1515       000      3030       485  000  000  000  000  000         1  7593090000201       21645213       21645213   519952440001  N  0                       2206001 01/06/2025       USD          191          382          794
01 37778910  MK004  M  CARVEDILOL +MK 6,25 X14TA                   6      1269      1269       000      7614       000  000  000  000  000  000         1  7591519007633       21644310       21644310   519952440001  N  0                         33047 01/06/2024       USD          160          959          794
01 37778910  11320  M  CRISOMET 50-850 X10TA                       1      5070      5070       000      5070       000  000  000  000  000  000         1  7591821210349       21645213       21645213   519952440001  N  0                       2205515 01/05/2024       USD          639          639          794
01 37778910  11742  M  CRISOMET 50-850 X30TA                       1     13784     13784       000     13784       000  000  000  000  000  000         1  7591821210523       21644952       21644952   519952440001  N  0                       2205518 01/05/2024       USD         1736         1736          794
01 37778910  11904  M  DUOVENT SOL.P.INH. 15ML.                    2      4046      4046       000      8092       000  000  000  000  000  000         1  7591196002204       21644952       21644952   519952440001  N  0                        042608 01/04/2024       USD          510         1019          794
01 37778910  MK040  M  FEXOFENADINA C.+MK120 X10                   3      2369      2369       000      7107       000  000  000  000  000  000         1  7591519007688       21644640       21644640   519952440001  N  0                         32976 01/05/2024       USD          298          895          794
01 37778910  11437  M  MOXIDEX 0,50-0,10 SO.OF.5                   2      3003      3003       000      6006       000  000  000  000  000  000         1  7591196006110       21645442       21645442   519952440001  N  0                        032801 01/04/2025       USD          378          756          794
01 37778910  LO524  M  OPAT SOL.OFT. 0,1% 5CC.                     1      2657      2657       000      2657       000  000  000  000  000  000         1  7591196003942       21645442       21645442   519952440001  N  0                        052642 01/05/2024       USD          335          335          794
01 37778910  10854  C  ARNICA FC FORTE90GR.BOL                     2      1515      1515       000      3030       485  000  000  000  000  000         2  7593090000676       21645213       21645213   519952440002  N  0                       2206001 01/06/2025       USD          191          382          794
01 37778910  11210  C  ARNICA FC PLUS TERMO 90GR                   2      1515      1515       000      3030       485  000  000  000  000  000         2  7593090000706       21645213       21645213   519952440002  N  0                       2204001 01/04/2025       USD          191          382          794
01 37778910  12398  M  L-CARNITINA 1G/10ML 120ML                   6      4897      4897       000     29382       000  000  000  000  000  000         3  7593090001123       21645213       21645213   519952440003  N  0                       2205004 01/05/2024       USD          617         3701          794
02 37778910         28         79712          9090          1454         90256    0    0    0  000    0    0    0   06/09/2022 6:30:46 p. m.   PR           000           000             0            11           USD          794        11184
