01 37814744  13720  M  AMOKLAVIN-BID FO PPSO70ML                   3      6817      6817       000     20451       000  000  000  000  000  000         1  8699525282507       21675694       21675694   520315500001  N  0                       A102646 01/03/2026       USD          847         2540          805
01 37814744  17262  M  EXOVIS DUO 400-57 PPS50ML                   2      7762      8171       818     15524       000  000  000  500  000  000         1  7593090001840       21675694       21675694   520315500001  N  0                        220230 01/02/2025       USD          964         1928          805
01 37814744  SP044  M  KETOROLAC SP10MG. X20CO                     2      2041      2041       000      4082       000  000  000  000  000  000         1  7590027001942       21675694       21675694   520315500001  N  0                          1121 01/08/2023       USD          254          507          805
01 37814744  14292  M  KETOROLACO FM20MG. X10TA                    2      1053      1053       000      2106       000  000  000  000  000  000         1  8906005116581       21675694       21675694   520315500001  N  0                     E11942201 01/01/2025       USD          131          262          805
01 37814744  LN165  M  MADECASSOL 2% POLVO 5GR.                    2      3427      3427       000      6854       000  000  000  000  000  000         1  7592348218108       21675694       21675694   520315500001  N  0                       2205036 01/05/2027       USD          426          851          805
01 37814744  14737  M  STONEX 10MEQ X30TA                          3      9100      9100       000     27300       000  000  000  000  000  000         1   712155555723       21675694       21675694   520315500001  N  0                          K21A 01/11/2024       USD         1130         3391          805
01 37814744  16793  M  SULTABACT 750MG. X10TA                      1      7410      7410       000      7410       000  000  000  000  000  000         1  8904306502386       21675694       21675694   520315500001  N  0                      STTB1002 01/03/2024       USD          920          920          805
01 37814744  16793  M  SULTABACT 750MG. X10TA                      1      7410      7410       000      7410       000  000  000  000  000  000         1  8904306502386       21675694       21675694   520315500001  N  0                      STTB1002 01/03/2024       USD          920          920          805
01 37814744  ED224  M  TALERC 10MG. GOTAS 15ML.                    3       884       884       000      2652       000  000  000  000  000  000         1  7592803001825       21675694       21675694   520315500001  N  0                       2203754 01/03/2025       USD          110          329          805
02 37814744         19         93789           000           000         93789    0    0    0  000    0    0    0   21/09/2022 4:24:49 p. m.   PR           000           000             0             9           USD          805        11651
