01 37820480  PD565  M  BARGONIL UNG. 10GR.                         3      7800      7800       000     23400       000  000  000  000  000  000         1  7591955000045       21680727       21680727   520385290001  N  0                          0106 01/05/2026       USD          962         2885          811
01 37820480  PD714  M  BUMELEX 1MG. X16CO                          3      4680      4680       000     14040       000  000  000  000  000  000         1  7591955000991       21680727       21680727   520385290001  N  0                          0054 01/04/2024       USD          577         1731          811
01 37820480  KL053  M  CORENTEL 1,25MG. X30CO                      6      3640      3640       000     21840       000  000  000  000  000  000         1  7591619520261       21680727       21680727   520385290001  N  0                          0011 01/06/2025       USD          449         2693          811
01 37820480  KL689  M  CORENTEL 5MG. X30CO                         3      5070      5070       000     15210       000  000  000  000  000  000         1  7591619520292       21680727       21680727   520385290001  N  0                          0011 01/06/2024       USD          625         1875          811
01 37820480  KL033  M  COROPRES H 8/12,5 X30CO                     2      5460      5460       000     10920       000  000  000  000  000  000         1  7591619520353       21680727       21680727   520385290001  N  0                          0005 01/03/2024       USD          673         1346          811
01 37820480  GP220  M  DALTAZEN 60MG. X20CO                        2      8320      8320       000     16640       000  000  000  000  000  000         1  7594000490303       21680727       21680727   520385290001  N  0                          0057 01/03/2024       USD         1026         2052          811
01 37820480  10410  M  EUKENE 20MG. X30CO                          3      4810      4810       000     14430       000  000  000  000  000  000         1  7591619000497       21680727       21680727   520385290001  N  0                          0002 01/05/2024       USD          593         1779          811
01 37820480  KL037  M  MARTESIA 150MG. X14CA                       2      4680      4680       000      9360       000  000  000  000  000  000         1  7591619520490       21680727       21680727   520385290001  N  0                          0007 01/07/2024       USD          577         1154          811
01 37820480  PD890  M  NEFROTAL 50MG. X14CO                        3      2080      2080       000      6240       000  000  000  000  000  000         1  7591955558249       21680727       21680727   520385290001  N  0                          0005 01/07/2025       USD          256          769          811
01 37820480  PD900  M  NEFROTAL H 50/12,5 X14CO                    3      2340      2340       000      7020       000  000  000  000  000  000         1  7591955558270       21680727       21680727   520385290001  N  0                          0015 01/05/2025       USD          289          866          811
01 37820480  15523  M  ONDANSETRON KL4 SOL.50ML                    2      4810      4810       000      9620       000  000  000  000  000  000         1  7591619150000       21680727       21680727   520385290001  N  0                          0001 01/06/2023       USD          593         1186          811
01 37820480  16667  M  PIGRAL 75MG. X14CO                          4      3640      3640       000     14560       000  000  000  000  000  000         1  7591619000558       21680727       21680727   520385290001  N  0                          0001 01/09/2023       USD          449         1795          811
01 37820480  PD710  M  CLENBUXOL JBE. AD. 120CC.                   3      4030      4030       000     12090       000  000  000  000  000  000         2  7591955000151       21680727       21680727   520385290002  N  0                          0067 01/07/2024       USD          497         1491          811
01 37820480  PD720  M  CLENBUXOL JBE.PED. 120CC.                   3      4030      4030       000     12090       000  000  000  000  000  000         2  7591955000168       21680727       21680727   520385290002  N  0                          0117 01/06/2024       USD          497         1491          811
01 37820480  LP420  M  GULAPER JBE.AD. 120ML.                      3      5590      5590       000     16770       000  000  000  000  000  000         2  7591955001288       21680727       21680727   520385290002  N  0                          0066 01/08/2024       USD          689         2068          811
01 37820480  LP425  M  GULAPER JBE.PED. 120ML.                     3      5200      5200       000     15600       000  000  000  000  000  000         2  7591955001295       21680727       21680727   520385290002  N  0                          0052 01/08/2024       USD          641         1924          811
02 37820480         48        219830           000           000        213235    0    0    0  300    0    0    0   23/09/2022 2:02:13 p. m.   PR           000           000             0            16           USD          811        26293
