01 37857441  LT031  M  BIOTALOL 5MG. X30CO                         3      4605      4605       000     13815       000  000  000  000  000  000         1  7591585217165       21703971       21703971   520759910001  N  0                           126 01/07/2024       USD          560         1679          823
01 37857441  16433  M  CAPTOPRIL BM25MG. X30TA                     2      1493      1659       332      2986       000  000  000 1000  000  000         1  7598127001510       21702653       21702653   520759910001  N  0                        210941 01/09/2024       USD          181          363          823
01 37857441  GN091  M  CAPTOPRIL GN 25MG.X30CO                     2      2561      2561       000      5122       000  000  000  000  000  000         1  7591585370167       21702653       21702653   520759910001  N  0                           123 01/07/2026       USD          311          622          823
01 37857441  12144  M  CEFIXIMA BM100MG.PPSO60ML                   2      6793      7150       714     13586       000  000  000  500  000  000         1  6930169708087       21703623       21703623   520759910001  N  0                        220451 01/04/2025       USD          825         1651          823
01 37857441  17187  M  COMPLEJO B+LIDO ZU X3A                     12      2115      2115       000     25380       000  000  000  000  000  000         1  7597446000082       21702660       21702660   520759910001  N  0                       EM21282 01/11/2023       USD          257         3084          823
01 37857441  13920  M  DUTAPROS 0.5MG. X30TA                       1     10790     10790       000     10790       000  000  000  000  000  000         1  8903489000191       21703971       21703971   520759910001  N  0                         GT638 01/08/2024       USD         1311         1311          823
01 37857441  16067  M  ESDET 40MG. X30CA                           3      3900      3900       000     11700       000  000  000  000  000  000         1   745687143236       21702960       21702960   520759910001  N  0                       WGC2227 01/02/2024       USD          474         1422          823
01 37857441  AP250  M  FERROCE TAB. X30                            2      3783      3783       000      7566       000  000  000  000  000  000         1  7592601200161       21702653       21702653   520759910001  N  0                        204002 01/09/2024       USD          460          919          823
01 37857441  10372  M  GYNOMET 15%-4%CR.VAG.40GR                   2      5490      5490       000     10980       000  000  000  000  000  000         1  7591585119131       21703671       21703671   520759910001  N  0                           083 01/08/2024       USD          667         1334          823
01 37857441  VA619  M  HENOVIC SOL.ORAL GOTAS 30ML                 2      5483      5483       000     10966       000  000  000  000  000  000         1  7592349722963       21702653       21702653   520759910001  N  0                       2205041 01/05/2024       USD          666         1332          823
01 37857441  MY255  M  IMAZOL 1% SOL.TOP.  20ML.                   2      1886      1985       198      3772       000  000  000  500  000  000         1  7592601100461       21702653       21702653   520759910001  N  0                        209501 01/07/2025       USD          229          458          823
01 37857441  15722  M  ITRACONAZOL FM100MG.X10CA                   3      1895      2106       633      5685       000  000  000 1000  000  000         1  8906005117557       21703971       21703971   520759910001  N  0                     E12832201 01/09/2024       USD          230          691          823
01 37857441  12376  M  LEVOFLOXACINA 500MG X10TA                   3      2288      2288       000      6864       000  000  000  000  000  000         1  7598176000038       21703623       21703623   520759910001  N  0                       22T0340 01/02/2025       USD          278          834          823
01 37857441  13483  M  ROSUVASTATINA 20MGX30 TAB                   1      4290      4290       000      4290       000  000  000  000  000  000         1  7598176000144       21702960       21702960   520759910001  N  0                       21T1129 01/10/2024       USD          521          521          823
01 37857441  15082  M  SANA 2% CR.VAG. 20GR.                       3      2137      2374       711      6411       000  000  000 1000  000  000         1  7598127001091       21703671       21703671   520759910001  N  0                        211086 01/10/2024       USD          260          779          823
01 37857441  LT930  M  VIASEK 50MG. X2CO                           6      1387      1387       000      8322       000  000  000  000  000  000         1  7591585111005       21703623       21703623   520759910001  N  0                           097 01/05/2025       USD          169         1011          823
02 37857441         49        148235           000           000        148235    0    0    0  000    0    0    0   10/10/2022 9:44:56 a. m.   PR           000           000             0            16           USD          823        18012
