01 37884714  11516  C  ALGODON ABSORB. KX 50GR.                    1       926       975       049       926       148  000  000  500  000  000         1   813333012257       21718744       21718744   521026080001  N  0                      20080301 01/09/2025       USD          111          111          838
01 37884714  PF204  M  ATAMEL FORTE 650MG. X10TA                   3      2081      2081       000      6243       000  000  000  000  000  000         1  7591257000552       21718706       21718706   521026080001  N  0                        GG4298 01/01/2025       USD          248          745          838
01 37884714  LT028  M  BIOTALOL 2,5MG. X30CO                       2      4044      4044       000      8088       000  000  000  000  000  000         1  7591585217172       21718706       21718706   521026080001  N  0                           079 01/09/2024       USD          483          965          838
01 37884714  LT031  M  BIOTALOL 5MG. X30CO                         2      4723      5190       934      9446       000  000  000  900  000  000         1  7591585217165       21718706       21718706   521026080001  N  0                          1251 01/07/2024       USD          564         1127          838
01 37884714  DP950  M  IBUPROFEN DP100 SUSP.60                     3      1431      1431       000      4293       000  000  000  000  000  000         1  7592616221014       21719142       21719142   521026080001  N  0                         20981 01/09/2025       USD          171          512          838
01 37884714  10735  M  LANCERAN JBE. 90ML.                         3      1149      1149       000      3447       000  000  000  000  000  000         1  7594000850954       21718706       21718706   521026080001  N  0                        220823 01/08/2024       USD          137          411          838
01 37884714  11164  M  OMEPRAZOL GN 40MG. X10CA                    3      2505      2505       000      7515       000  000  000  000  000  000         1  7591585173881       21718706       21718706   521026080001  N  0                           029 01/08/2024       USD          299          897          838
01 37884714  EL745  M  SAVER 500MG. X5CO                           5      2630      2630       000     13150       000  000  000  000  000  000         1  7591062010210       21718749       21718749   521026080001  N  0                        22038A 01/05/2025       USD          314         1569          838
01 37884714  EL745  M  SAVER 500MG. X5CO                           1      2630      2630       000      2630       000  000  000  000  000  000         1  7591062010210       21718749       21718749   521026080001  N  0                        22038A 01/05/2025       USD          314          314          838
02 37884714         23         54812           926           148         55886    0    0    0  000    0    0    0   19/10/2022 10:07:52 a. m.   PR           000           000             0             9           USD          838         6651
