01 37916814  CO006  M  AEROFLAT GOTAS 80MG.20ML.                   1      4811      5064       253      4811       000  000  000  500  000  000         1  7591818210406       21738071       21738071   521354300001  N  0                         20299 01/09/2024       USD          560          560          859
01 37916814  QO530  M  BROXOL FLEM GOTAS 30ML.                     1      3030      3030       000      3030       000  000  000  000  000  000         1  7592454889094       21737359       21737359   521354300001  N  0                       3501988 01/08/2024       USD          353          353          859
01 37916814  KF200  M  DERMAZOL 0,05% UNG.30GR.                    1      6786      7540       754      6786       000  000  000 1000  000  000         1  7591619519043       21738204       21738204   521354300001  N  0                          0056 01/04/2024       USD          790          790          859
01 37916814  12926  M  DICLOFENAC S. AL100 10SUP                   1      2413      3016       603      2413       000  000  000 2000  000  000         1  7597758000633       21737154       21737154   521354300001  N  0                      A1ABG051 01/11/2024       USD          281          281          859
01 37916814  GQ052  M  DOMPERIDONA LS10MG. X30TA                   2      2137      2137       000      4274       000  000  000  000  000  000         1  7592454889384       21737464       21737464   521354300001  N  0                       3502063 01/08/2024       USD          249          498          859
01 37916814  GQ114  M  FLUDIL 10MG. X20TA                          2      4377      4607       460      8754       000  000  000  500  000  000         1  7592454345057       21737154       21737154   521354300001  N  0                       3501663 01/06/2025       USD          510         1019          859
01 37916814  PG110  M  NINAZO GOTAS AD. 15ML.                      6      1510      1606       576      9060       000  000  000  600  000  000         1  7591821802957       21738276       21738276   521354300001  N  0                       2207343 01/01/2024       USD          176         1055          859
01 37916814  11622  M  OLMESARTAN AL40MG. X30TA                    1      4668      5187       519      4668       000  000  000 1000  000  000         1  7597758000329       21737154       21737154   521354300001  N  0                         DL276 01/01/2025       USD          543          543          859
01 37916814  11629  M  PANTOPRAZOL AL40MG. X7TA                    3      1076      1266       570      3228       000  000  000 1500  000  000         1  7597758000299       21737398       21737398   521354300001  N  0                         DL233 01/06/2024       USD          125          376          859
01 37916814  VM715  M  SALBUROL SOL. P/INH.20ML.                   3      3125      3289       492      9375       000  000  000  500  000  000         1  7591020001625       21738129       21738129   521354300001  N  0                           121 01/03/2024       USD          364         1091          859
01 37916814  KV005  M  TERAGRIP SUPRA TAB. X10                     2      3545      3693       296      7090       000  000  000  400  000  000         1  7591821802186       21737154       21737154   521354300001  N  0                       2206587 01/07/2024       USD          413          825          859
01 37916814  13579  M  VALSAR AMLO LS 160-10 X10                   2      2934      2934       000      5868       000  000  000  000  000  000         1  7592454891424       21737713       21737713   521354300001  N  0                       3502304 01/09/2024       USD          342          683          859
02 37916814         25         69357           000           000         69357    0    0    0  000    0    0    0   30/10/2022 9:49:50 a. m.   PR           000           000             0            12           USD          859         8074
