01 37926035  13419  M  APLACAL 750BANANA X10TM                     1      2155      2155       000      2155       000  000  000  000  000  000         1  7592601303176       21742963       21742963   521442610001  N  0                        139502 01/08/2023       USD          251          251          857
01 37926035  13420  M  APLACAL 750FRAMB. X10TM                     1      2155      2155       000      2155       000  000  000  000  000  000         1  7592601303145       21742963       21742963   521442610001  N  0                        239603 01/07/2024       USD          251          251          857
01 37926035  13422  M  APLACAL 750MENTA X10TM                      1      2155      2155       000      2155       000  000  000  000  000  000         1  7592601303152       21742963       21742963   521442610001  N  0                        239804 01/08/2024       USD          251          251          857
01 37926035  16418  M  ATENOLOL BM100MG. X30TA                     3      2028      2028       000      6084       000  000  000  000  000  000         1  7598127001480       21742355       21742355   521442610001  N  0                        211030 01/10/2024       USD          237          710          857
01 37926035  14543  M  BISACODILO LAND5MG.X100TA                   1      5206      6507      1301      5206       000  000  000 2000  000  000         1  7598008000229       21742892       21742892   521442610001  N  0                      TB530001 01/04/2025       USD          607          607          857
01 37926035  11803  M  CIPROFLOXACINA MC500X10TA                  12      1299      1299       000     15588       000  000  000  000  000  000         1   614143659027       21742963       21742963   521442610001  N  0                        211128 01/11/2024       USD          152         1819          857
01 37926035  GT004  M  COVENTROL 12,5MG. X30CO                     2      5283      5283       000     10566       000  000  000  000  000  000         1  7591585365644       21742892       21742892   521442610001  N  0                           134 01/05/2024       USD          616         1233          857
01 37926035  13125  M  LEVOFLOXACINA BM 500X10TA                   3      2652      2652       000      7956       000  000  000  000  000  000         1  6972718560050       21742892       21742892   521442610001  N  0                        210951 01/09/2024       USD          309          928          857
01 37926035  GN166  M  LOSARTAN P. GN 100 X30CO                    1      4768      4768       000      4768       000  000  000  000  000  000         1  7591585378927       21742355       21742355   521442610001  N  0                           166 01/08/2025       USD          556          556          857
01 37926035  GN072  M  LOSARTAN P. GN100 X10CO                     3      1586      1586       000      4758       000  000  000  000  000  000         1  7591585278920       21742355       21742355   521442610001  N  0                           165 01/08/2025       USD          185          555          857
01 37926035  GN874  M  METFORMINA GN850MG. X30CO                   4      2144      2144       000      8576       000  000  000  000  000  000         1  7591585174956       21742355       21742355   521442610001  N  0                           034 01/07/2024       USD          250         1001          857
02 37926035         32         69967           000           000         69967    0    0    0  000    0    0    0   02/11/2022 10:23:11 a. m.   PR           000           000             0            11           USD          857         8164
