01 37965042  LO239  M  AIRON 4MG. X10TAB.MAST.                     4      1469      1469       000      5876       000  000  000  000  000  000         1  7591196002952       21777497       21777497   521834760001  N  0                       I082040 01/09/2024       USD          158          631          931
01 37965042  NP910  M  BEDOYECTA AMP. X1                           3      2150      2389       717      6450       000  000  000 1000  000  000         1  7592229002123       21777148       21777148   521834760001  N  0                       2204361 01/06/2023       USD          231          693          931
01 37965042  QO540  M  BROXOL ALERG S.ORAL 100ML                   1      4044      4758       714      4044       000  000  000 1500  000  000         1  7592454889513       21777340       21777340   521834760001  N  0                       3502229 01/08/2024       USD          434          434          931
01 37965042  11251  M  CICLOKAN 500MG. X21CO                       1     12753     14170      1417     12753       000  000  000 1000  000  000         1  7591619519227       21777340       21777340   521834760001  N  0                          0037 01/05/2024       USD         1370         1370          931
01 37965042  GQ052  M  DOMPERIDONA LS10MG. X30TA                   2      2401      2401       000      4802       000  000  000  000  000  000         1  7592454889384       21777340       21777340   521834760001  N  0                       3502063 01/08/2024       USD          258          516          931
01 37965042  GQ970  M  ENALAPRIL LS10MG. X20CO                     3       683       683       000      2049       000  000  000  000  000  000         1  7592454141109       21776544       21776544   521834760001  N  0                       3502235 01/08/2024       USD          073          220          931
01 37965042  11343  M  RINARIS 5MG-60MG. X10TA                     2      4030      4030       000      8060       000  000  000  000  000  000         1  7591821802322       21776544       21776544   521834760001  N  0                       2207421 01/08/2024       USD          433          866          931
01 37965042  LP250  M  TOLNAFTAN SOL. 15 CC.                       2      3640      3640       000      7280       000  000  000  000  000  000         1  7591955001622       21777148       21777148   521834760001  N  0                          0032 01/10/2025       USD          391          782          931
01 37965042  FA454  M  UROCIT 10MEQ. LP X100TA                     1     23400     23400       000     23400       000  000  000  000  000  000         1  7592229003229       21776544       21776544   521834760001  N  0                        22B046 01/02/2024       USD         2513         2513          931
02 37965042         19         74714           000           000         74714    0    0    0  000    0    0    0   15/11/2022 1:34:30 p. m.   PR           000           000             0             9           USD          931         8025
