01 37962694  PD680  M  CLENBUNAL GOTAS 15 CC.                      2      3900      3900       000      7800       000  000  000  000  000  000         1  7591955000144       21775475       21775475   521792700001  N  0                          0033 01/06/2025       USD          420          840          929
01 37962694  11285  M  FEBRIP 650MG. X14CO                        12      1170      1170       000     14040       000  000  000  000  000  000         1  7591619519210       21775475       21775475   521792700001  N  0                          0051 01/05/2024       USD          126         1511          929
01 37962694  KL819  M  GIVOTAN 100MG.PPSO 30ML.                    1      9100      9100       000      9100       000  000  000  000  000  000         1  7861148020472       21775475       21775475   521792700001  N  0                       220843G 01/07/2025       USD          980          980          929
01 37962694  KL774  M  GIVOTAN 100MG.PPSO 60ML.                    1     11570     11570       000     11570       000  000  000  000  000  000         1  7861148020434       21775475       21775475   521792700001  N  0                       220775F 01/06/2025       USD         1245         1245          929
01 37962694  KL769  M  GIVOTAN 500MG. X6TA                         1      8710      8710       000      8710       000  000  000  000  000  000         1  7861148020441       21775475       21775475   521792700001  N  0                       220898G 01/07/2025       USD          938          938          929
01 37962694  TQ530  M  GLIDAN 80MG. X20TA                          2      5980      5980       000     11960       000  000  000  000  000  000         1  7591955002469       21775475       21775475   521792700001  N  0                          1029 01/08/2025       USD          644         1287          929
01 37962694  LP700  M  KELFEN 100MG. X20CO                         2      4160      4160       000      8320       000  000  000  000  000  000         1  7591955001370       21775475       21775475   521792700001  N  0                          0015 01/02/2026       USD          448          896          929
01 37962694  KL574  M  MAILEN 2,5MG. JBE. 50ML.                    6      1365      2730      8190      8190       000  000  000 5000  000  000         1  7591619519135       21775475       21775475   521792700001  N  0                          0019 01/11/2023       USD          147          882          929
01 37962694  GP480  M  NAFINA 1% CREMA 15GR.                       2      3003      4290      2574      6006       000  000  000 3000  000  000         1  7594000491164       21775475       21775475   521792700001  N  0                          0026 01/05/2024       USD          323          647          929
01 37962694  PD210  M  PRAXONA 150MG. X10CO                        2      3640      3640       000      7280       000  000  000  000  000  000         1  7591955000663       21775475       21775475   521792700001  N  0                          0058 01/08/2024       USD          392          784          929
01 37962694  PD215  M  PRAXONA 150MG. X24CO                        1      5980      5980       000      5980       000  000  000  000  000  000         1  7591955000670       21775475       21775475   521792700001  N  0                          0058 01/08/2024       USD          644          644          929
01 37962694  LP255  M  TOLNAFTAN CR. 30 GR.                        1      4290      4290       000      4290       000  000  000  000  000  000         1  7591955001639       21775475       21775475   521792700001  N  0                          0045 01/05/2026       USD          462          462          929
01 37962694  LP250  M  TOLNAFTAN SOL. 15 CC.                       1      3640      3640       000      3640       000  000  000  000  000  000         1  7591955001622       21775475       21775475   521792700001  N  0                          0032 01/10/2025       USD          392          392          929
02 37962694         34        106886           000           000        106886    0    0    0  000    0    0    0   14/11/2022 3:58:12 p. m.   PR           000           000             0            13           USD          929        11505
