01 38023760  15181  M  AMIPINA 5MG. X30TA                          6      1092      1149       342      6552       000  000  000  500  000  000         1  7592236002017       21808088       21808088   522430000001  N  0                     TA1800003 01/05/2024       USD          093          560         1169
01 38023760  LT284  M  ANTUX SOL.ORAL 180ML.                       1     12078     12078       000     12078       000  000  000  000  000  000         1  7591585214706       21807886       21807886   522430000001  N  0                           291 01/05/2025       USD         1033         1033         1169
01 38023760  GN092  M  ATORVASTATINA GN 20X30                      2      3610      3610       000      7220       000  000  000  000  000  000         1  7591585373441       21808353       21808353   522430000001  N  0                           259 01/09/2024       USD          309          618         1169
01 38023760  LT031  M  BIOTALOL 5MG. X30CO                         3      5126      5126       000     15378       000  000  000  000  000  000         1  7591585217165       21808353       21808353   522430000001  N  0                           126 01/07/2024       USD          438         1315         1169
01 38023760  16433  M  CAPTOPRIL BM25MG. X30TA                     5      2413      2413       000     12065       000  000  000  000  000  000         1  7598127001510       21807886       21807886   522430000001  N  0                        210941 01/09/2024       USD          206         1032         1169
01 38023760  LX103  M  CARNISIN 1G.S.ORAL S/A180                   1      9049      9049       000      9049       000  000  000  000  000  000         1  7591585112323       21808528       21808528   522430000001  N  0                           064 01/08/2026       USD          774          774         1169
01 38023760  16498  M  ENALAPRIL BM10MG. X30TA                     3      1997      1997       000      5991       000  000  000  000  000  000         1  7598127001398       21808716       21808716   522430000001  N  0                        210733 01/07/2024       USD          171          512         1169
01 38023760  GM139  M  ESPIRONOLACTONA MY 25X20                    6      4092      4092       000     24552       000  000  000  000  000  000         1  7592601300984       21808353       21808353   522430000001  N  0                        256810 01/08/2024       USD          350         2100         1169
01 38023760  LT037  M  LISILET 10MG. X30CO                         2      6634      6634       000     13268       000  000  000  000  000  000         1  7591585314369       21808353       21808353   522430000001  N  0                           138 01/08/2025       USD          567         1135         1169
01 38023760  11025  M  NOXPIRIN GOTAS PED.15ML.                    2      2079      2079       000      4158       000  000  000  000  000  000         1  7592601302100       21809587       21809587   522430000001  N  0                        237902 01/07/2024       USD          178          356         1169
01 38023760  GN191  M  VALSARTAN GN 80MG. X30CA                    3      4497      4497       000     13491       000  000  000  000  000  000         1  7591585275875       21808088       21808088   522430000001  N  0                           208 01/08/2024       USD          385         1154         1169
02 38023760         34        123802           000           000        123802    0    0    0  000    0    0    0   05/12/2022 10:00:17 a. m.   PR           000           000             0            11           USD         1169        10590
