01 38021763  EL524  M  BRUGESICFORTE 200SUSP60ML                   3      2661      2661       000      7983       000  000  000  000  000  000         1  7591062013082       21807018       21807018   522392670001  N  0                        22080A 01/10/2025       USD          237          710         1125
01 38021763  17277  M  CLONEDAC CREMA 20GR.                        6      2986      3732      4476     17916       000  000  000 2000  000  000         1  7598578000117       21807018       21807018   522392670001  N  0                          2187 01/03/2024       USD          265         1593         1125
01 38021763  16568  M  CLOTRIMAZ TIA1% CR.VA 50G                   1      3051      3051       000      3051       000  000  000  000  000  000         1  8904250520757       21806781       21806781   522392670001  N  0                       ES22017 01/06/2025       USD          271          271         1125
01 38021763  17252  M  DIACORT 3MG. SOL. 60ML.                     6      6898      6898       000     41388       000  000  000  000  000  000         1  7598252000549       21805616       21805616   522392670001  N  0                        220314 01/03/2025       USD          613         3679         1125
01 38021763  16678  M  EUTIROX 50MCG. X50TA                        1     10355     10355       000     10355       000  000  000  000  000  000         1  7501298234908       21806781       21806781   522392670001  N  0                        M21031 01/02/2024       USD          920          920         1125
01 38021763  VC450  M  FUGOLIN CR.VAG. 50GR.                       1      4859      5282       423      4859       000  000  000  800  000  000         1  7592782000307       21807018       21807018   522392670001  N  0                       2280012 01/09/2024       USD          432          432         1125
01 38021763  14782  M  IBUPRO-TIOCOL DAC600-4X10                   3      3152      3940      2364      9456       000  000  000 2000  000  000         1  7598578000247       21806781       21806781   522392670001  N  0                          V316 01/01/2025       USD          280          841         1125
01 38021763  17538  M  POTAX 10MEQ. X100TA                         1     20800     20800       000     20800       000  000  000  000  000  000         1  7591619520728       21806781       21806781   522392670001  N  0                          0009 01/10/2024       USD         1849         1849         1125
01 38021763  17487  C  ROLLO ALGODON GROSS 500G                    2      6577      6577       000     13154      2105  000  000  000  000  000         1  7597830003989       21806781       21806781   522392670001  N  0                      20211220 01/12/2026       USD          585         1169         1125
02 38021763         24        115808         13154          2105        131067    0    0    0  000    0    0    0   02/12/2022 2:13:50 p. m.   PR           000           000             0             9           USD         1125        11463
