01 38096568  FF230  M  BUDESONIDA MF 200MCG.200D                   2     25164     25164       000     50328       000  000  000  000  000  000         1  7591096000133       21847455       21847455   523156270001  N  0                      070R013D 01/11/2023       USD         1498         2996         1680
01 38096568  EL290  M  LIOLACTIL 1,5G. PPSO X6S.                   1     14552     14552       000     14552       000  000  000  000  000  000         1  7591062013303       21847455       21847455   523156270001  N  0                        22116A 01/11/2023       USD          866          866         1680
01 38096568  GP300  M  ONDANSETRON KL 4MG. X10CO                   1      8060      8060       000      8060       000  000  000  000  000  000         1  7594000490471       21847455       21847455   523156270001  N  0                          0014 01/03/2024       USD          480          480         1680
01 38096568  GP310  M  ONDANSETRON KL 8MG. X10CO                   1     11440     11440       000     11440       000  000  000  000  000  000         1  7594000490488       21847455       21847455   523156270001  N  0                          0016 01/03/2024       USD          681          681         1680
01 38096568  GP430  M  SERLINE 100MG. X10CO                        1     10270     10270       000     10270       000  000  000  000  000  000         1  7594000491027       21847455       21847455   523156270001  N  0                          0026 01/09/2024       USD          611          611         1680
01 38096568  13646  M  SERTRALINA 50MGX10TA MORO                   3      3964      4664      2100     11892       000  000  000 1500  000  000         1  7592432000107       21847455       21847455   523156270001  N  0                       1399974 01/03/2024       USD          236          708         1680
01 38096568  EH460  M  SERTRALINA VP 50MG. X10TA                   3      2622      3085      1389      7866       000  000  000 1500  000  000         1  7703153018757       21847455       21847455   523156270001  N  0                       1399974 01/03/2024       USD          156          468         1680
01 38096568  KL071  M  TIALIN 100MG. X10CO                         1     10270     10270       000     10270       000  000  000  000  000  000         1  7591619519104       21847455       21847455   523156270001  N  0                          0010 01/02/2024       USD          611          611         1680
01 38096568  VP400  M  VIT E VP 400MG. X30CA.BLA                   3      8468      9962      4482     25404       000  000  000 1500  000  000         1  7592432005478       21847455       21847455   523156270001  N  0                        220209 01/07/2025       USD          504         1512         1680
02 38096568         16        150082           000           000        150082    0    0    0  000    0    0    0   28/12/2022 2:27:23 p. m.   PR           000           000             0             9           USD         1680         8933
