01 38105549  16206  M  ALIVERIUM 100/300 X10CABL                   2      8207      8207       000     16414       000  000  000  000  000  000         1  7598431000056       21851521       21851521   523241970001  N  0                      21090238 01/10/2023       USD          469          938         1749
01 38105549  15181  M  AMIPINA 5MG. X30TA                          6      1680      1680       000     10080       000  000  000  000  000  000         1  7592236002017       21851140       21851140   523241970001  N  0                     TA1800003 01/05/2024       USD          096          576         1749
01 38105549  VA292  M  ATROVERAN 10MG.GOTAS 15ML                   1      8587      8587       000      8587       000  000  000  000  000  000         1  7592349722161       21851564       21851564   523241970001  N  0                       2205004 01/05/2024       USD          491          491         1749
01 38105549  11081  M  BRUDOL 200MG/65MG. X20CO                    1      3578      3578       000      3578       000  000  000  000  000  000         1  7591062901105       21851140       21851140   523241970001  N  0                        22084A 01/10/2025       USD          205          205         1749
01 38105549  VM026  M  CANDER HCT 8/12,5 X30TAB                    2     12426     12810       768     24852       000  000  000  300  000  000         1  7591020080637       21851140       21851140   523241970001  N  0                            39 01/10/2024       USD          710         1421         1749
01 38105549  13581  M  CEFIXIMA 100MG SUSP.60ML                    2     14632     14632       000     29264       000  000  000  000  000  000         1  7598252101017       21851521       21851521   523241970001  N  0                        220419 01/04/2025       USD          837         1673         1749
01 38105549  15528  M  CEVAX ZINC 500/7,5 X15CB                    1      5329      5329       000      5329       000  000  000  000  000  000         1  7592432000138       21851564       21851564   523241970001  N  0                        220107 01/04/2025       USD          305          305         1749
01 38105549  ED105  M  CINAREN 25MG. X50CO                         2      7280      7280       000     14560       000  000  000  000  000  000         1  7592803000101       21851521       21851521   523241970001  N  0                       2208884 01/09/2026       USD          416          832         1749
01 38105549  KL033  M  COROPRES H 8/12,5 X30CO                     1     11050     11050       000     11050       000  000  000  000  000  000         1  7591619520353       21851140       21851140   523241970001  N  0                          0005 01/03/2024       USD          632          632         1749
01 38105549  ZA102  M  EVIGAX 125MG. X10CA.BLA                     3      4005      4005       000     12015       000  000  000  000  000  000         1  7592432900032       21851521       21851521   523241970001  N  0                        220222 01/09/2025       USD          229          687         1749
01 38105549  17857  M  HEPAFOL FORTE JBE. 240ML.                   1     14031     14031       000     14031       000  000  000  000  000  000         1  7592601301868       21851140       21851140   523241970001  N  0                        238302 01/11/2024       USD          802          802         1749
01 38105549  11502  M  LOPERAM 2MG. X10TA                          2      5378      5378       000     10756       000  000  000  000  000  000         1  7592349723571       21851140       21851140   523241970001  N  0                       2202446 01/02/2027       USD          307          615         1749
01 38105549  16805  M  NEFROTAL 100MG. X10CO                       2      3120      3120       000      6240       000  000  000  000  000  000         1  7730969306822       21851140       21851140   523241970001  N  0                        M05485 01/09/2024       USD          178          357         1749
01 38105549  ED730  M  NEMODINE 40MG. X20CO                        1      8840      8840       000      8840       000  000  000  000  000  000         1  7592803001221       21851564       21851564   523241970001  N  0                       2205795 01/05/2025       USD          505          505         1749
01 38105549  ED354  M  NEMODINE 90MG.LP X10CO                      2      7410      7410       000     14820       000  000  000  000  000  000         1  7592803001313       21851564       21851564   523241970001  N  0                      2109634D 01/09/2024       USD          424          847         1749
02 38105549         29        190416           000           000        190416    0    0    0  000    0    0    0   02/01/2023 11:00:18 a. m.   PR           000           000             0            15           USD         1749        10887
