01 38114989  14380  M  CLINDA KETO TI100-400 5OV                   1     10973     10973       000     10973       000  000  000  000  000  000         1  8904187881303       21855890       21855890   523335490001  N  0                          3073 01/02/2025       USD          612          612         1794
01 38114989  16569  M  CLOTRIMAZ TIA2% CR. 30GR.                   2      4014      4014       000      8028       000  000  000  000  000  000         1  8904250520764       21855825       21855825   523335490001  N  0                       ES22019 01/06/2025       USD          224          447         1794
01 38114989  LT073  M  DICLOFENAC P. GN 50 X30CO                   4      2144      2144       000      8576       000  000  000  000  000  000         1  7591585379245       21855825       21855825   523335490001  N  0                           781 01/08/2025       USD          120          478         1794
01 38114989  LT021  M  DIMAVYL MET 2/500 X30CO                     1     10941     10941       000     10941       000  000  000  000  000  000         1  7591585212573       21855825       21855825   523335490001  N  0                           098 01/09/2024       USD          610          610         1794
01 38114989  EL290  M  LIOLACTIL 1,5G. PPSO X6S.                   1     14552     14552       000     14552       000  000  000  000  000  000         1  7591062013303       21855825       21855825   523335490001  N  0                        22116A 01/11/2023       USD          811          811         1794
01 38114989  LT023  M  LONGACEF 400MG. X5CA                        2     24683     24683       000     49366       000  000  000  000  000  000         1  7591585112224       21855825       21855825   523335490001  N  0                           044 01/04/2024       USD         1376         2752         1794
01 38114989  17355  C  SECUREZZA PAÑAL AD.M X6                     2      3609      3609       000      7218      1155  000  000  000  000  000         1  7591353515103       21855825       21855825   523335490001  N  0                      20812201 01/08/2024       USD          201          402         1794
01 38114989  15304  M  SOLUNOVAR BUCAL HBNA.240                    1      5769      5769       000      5769       000  000  000  000  000  000         1  7592782000932       21855825       21855825   523335490001  N  0                       2240006 01/07/2024       USD          322          322         1794
01 38114989  12087  M  SULTAMICILINA DAC750 10TA                   3     21522     21522       000     64566       000  000  000  000  000  000         1  7598578000186       21855825       21855825   523335490001  N  0                          V524 01/01/2024       USD         1200         3599         1794
02 38114989         17        172771          7218          1155        181144    0    0    0  000    0    0    0   05/01/2023 9:54:10 a. m.   PR           000           000             0             9           USD         1794        10033
