01 38148466  17845  M  BACICLASI SUSP. 5ML.X10                     1     17791     20930      3139     17791       000  000  000 1500  000  000         1  8906075150874       21874440       21874440   523677720001  N  0                    LBCUK22006 01/08/2024       USD          891          891         1997
01 38148466  GG114  M  CARDIPIRINA 80MG. X30CA                     2      3549      3549       000      7098       000  000  000  000  000  000         1  7591651930967       21874083       21874083   523677720001  N  0                       2109141 01/09/2023       USD          178          355         1997
01 38148466  17277  M  CLONEDAC CREMA 20GR.                        6      6049      6049       000     36294       000  000  000  000  000  000         1  7598578000117       21874440       21874440   523677720001  N  0                          2188 01/03/2024       USD          303         1817         1997
01 38148466  VP003  M  NYTAXIN 500MG. X6CA.BL.                     1      9276      9276       000      9276       000  000  000  000  000  000         1  7592432018010       21874083       21874083   523677720001  N  0                        210171 01/06/2023       USD          464          464         1997
01 38148466  11536  M  OLMECAR 20MG. X30CO                         2      9034      9034       000     18068       000  000  000  000  000  000         1  7591585318794       21874083       21874083   523677720001  N  0                           049 01/10/2024       USD          452          905         1997
01 38148466  JV100  M  OXIDREN 150MG. X1CO                         1      6864      6864       000      6864       000  000  000  000  000  000         1  7591585112552       21874083       21874083   523677720001  N  0                           033 01/10/2024       USD          344          344         1997
01 38148466  LT043  M  PEGYT 75MG. X20CA                           2      5236      5236       000     10472       000  000  000  000  000  000         1  7591585317018       21874083       21874083   523677720001  N  0                           056 01/07/2025       USD          262          524         1997
01 38148466  15912  M  VENLAFAXINA CLEO75MG.30TA                   1     19305     19305       000     19305       000  000  000  000  000  000         1  7598677000209       21874440       21874440   523677720001  N  0                       21T0721 01/06/2024       USD          967          967         1997
01 38148466  12086  M  VIT E VP 400MG. X15CA.BLA                   2      4117      4843      1452      8234       000  000  000 1500  000  000         1  7592432901428       21874083       21874083   523677720001  N  0                        220114 01/04/2025       USD          206          412         1997
01 38148466  PA226  M  YONAL 15MG. JBE. 120ML.                     6      5460      5460       000     32760       000  000  000  000  000  000         1  7591243856705       21874440       21874440   523677720001  N  0                       9356602 01/11/2025       USD          273         1640         1997
02 38148466         24        166162           000           000        166162    0    0    0  000    0    0    0   18/01/2023 10:13:03 a. m.   PR           000           000             0            10           USD         1997         8321
