01 38145675  LO244  M  AIRON TAB.MAST. 4MG. X30                    3      6055      6055       000     18165       000  000  000  000  000  000         1  7591196002945       21871469       21871469   523639050001  N  0                       I112459 01/11/2024       USD          308          924         1966
01 38145675  PM115  M  CLODOXIN 10MG. X20CO                        3      2314      2314       000      6942       000  000  000  000  000  000         1  7594001100584       21872428       21872428   523639050001  N  0                          6726 01/11/2024       USD          118          353         1966
01 38145675  17551  M  ENALAPRIL PX10MG. X30TA                     2      1989      1989       000      3978       000  000  000  000  000  000         1  7594001101208       21871858       21871858   523639050001  N  0                          6754 01/05/2024       USD          101          202         1966
01 38145675  LO810  M  FISIOLIN GOTAS PED. 15ML.                   2      4394      4882       976      8788       000  000  000 1000  000  000         1  7591196002198       21872061       21872061   523639050001  N  0                       I092104 01/11/2025       USD          223          447         1966
01 38145675  CO560  M  MIOVIT GOTAS 20CC.                          1      6972      7339       367      6972       000  000  000  500  000  000         1  7591818251331       21871469       21871469   523639050001  N  0                         20375 01/08/2024       USD          355          355         1966
01 38145675  11629  M  PANTOPRAZOL AL40MG. X7TA                    3      2739      2739       000      8217       000  000  000  000  000  000         1  7597758000299       21871469       21871469   523639050001  N  0                         DL233 01/06/2024       USD          139          418         1966
01 38145675  PD104  M  POLI-OTICO GOTAS 5 CC.                      2      9750      9750       000     19500       000  000  000  000  000  000         1  7591955002278       21871858       21871858   523639050001  N  0                          0101 01/07/2025       USD          496          992         1966
01 38145675  LP220  M  PROTOSULFIL 1% CR. 30GR.                    2     12480     12480       000     24960       000  000  000  000  000  000         1  7591955001486       21871858       21871858   523639050001  N  0                          0338 01/10/2023       USD          635         1270         1966
01 38145675  LO690  M  RINOMAX SOL. NASAL 15ML.                    3      7287      7671      1152     21861       000  000  000  500  000  000         1  7591196000682       21871858       21871858   523639050001  N  0                       I082393 01/11/2024       USD          371         1112         1966
02 38145675         21        119383           000           000        119383    0    0    0  000    0    0    0   17/01/2023 1:50:49 p. m.   PR           000           000             0             9           USD         1966         6072
