01 38151715  15497  M  ACEVAL 650MG. X50TA                         2     10277     10277       000     20554       000  000  000  000  000  000         1  7591020008471       21875539       21875539   523707470001  N  0                           213 01/08/2027       USD          515         1029         1997
01 38151715  VP529  M  ALBISEC CAPS. X12                           1     12906     14340      1434     12906       000  000  000 1000  000  000         1  7703153037512       21875539       21875539   523707470001  N  0                       1417570 01/06/2025       USD          646          646         1997
01 38151715  15838  M  ALBISEC ONE X6TA                            1     14208     15787      1579     14208       000  000  000 1000  000  000         1  7703153028695       21875539       21875539   523707470001  N  0                       1422074 01/06/2024       USD          711          711         1997
01 38151715  14380  M  CLINDA KETO TI100-400 5OV                   1     11915     11915       000     11915       000  000  000  000  000  000         1  8904187881303       21875539       21875539   523707470001  N  0                          3073 01/02/2025       USD          597          597         1997
01 38151715  PA024  M  COLGESIC 400MG/4MG. X15CO                   2      7475      7475       000     14950       000  000  000  000  000  000         1  7591243810028       21875884       21875884   523707470001  N  0                       9271903 01/08/2023       USD          374          749         1997
01 38151715  LT038  M  COVENTROL 6,25MG. X30CO                     3      5287      5287       000     15861       000  000  000  000  000  000         1  7591585265630       21875539       21875539   523707470001  N  0                           131 01/04/2024       USD          265          794         1997
01 38151715  GN784  M  DESLORATADINA GN 5MG. X10                   6      1916      1916       000     11496       000  000  000  000  000  000         1  7591585177469       21875884       21875884   523707470001  N  0                           097 01/09/2024       USD          096          576         1997
01 38151715  16677  M  EUTIROX 25MCG. X50TA                        1     11960     11960       000     11960       000  000  000  000  000  000         1  7501298234809       21875801       21875801   523707470001  N  0                        M20810 01/02/2024       USD          599          599         1997
01 38151715  13484  M  FLUOXETINA 20MGX30 CAP                      1      6318      6318       000      6318       000  000  000  000  000  000         1  7598176000151       21875539       21875539   523707470001  N  0                       22C0301 01/02/2025       USD          316          316         1997
01 38151715  11499  M  FULGRAM 875MG-125MG X16CO                   1     22071     22071       000     22071       000  000  000  000  000  000         1  7591585213198       21875539       21875539   523707470001  N  0                           644 01/07/2024       USD         1105         1105         1997
01 38151715  11782  M  LETISAN 500MG. X10CA                        2      2679      2679       000      5358       000  000  000  000  000  000         1  7591585314864       21875539       21875539   523707470001  N  0                           450 01/12/2024       USD          134          268         1997
01 38151715  VP400  M  VIT E VP 400MG. X30CA.BLA                   3     13433     15804      7113     40299       000  000  000 1500  000  000         1  7592432005478       21875884       21875884   523707470001  N  0                        220209 01/07/2025       USD          673         2018         1997
02 38151715         24        187896           000           000        187896    0    0    0  000    0    0    0   18/01/2023 4:20:43 p. m.   PR           000           000             0            12           USD         1997         9409
