01 38169564  16906  M  ATROVERAN 10MG. X10TA                       1     11482     11482       000     11482       000  000  000  000  000  000         1  7592349001129       21887405       21887405   523888520001  N  0                       2206033 01/06/2024       USD          542          542         2117
01 38169564  14463  M  BROSIDUAL 100/300 X10CABL                   2     11305     11305       000     22610       000  000  000  000  000  000         1   793869810308       21886774       21886774   523888520001  N  0                      22050179 01/05/2024       USD          534         1068         2117
01 38169564  14380  M  CLINDA KETO TI100-400 5OV                   2     13168     13168       000     26336       000  000  000  000  000  000         1  8904187881303       21886774       21886774   523888520001  N  0                          3073 01/02/2025       USD          622         1244         2117
01 38169564  14370  M  CLOTRIMAZOL PORTU1% CR.20                   3      4581      4581       000     13743       000  000  000  000  000  000         1  7750215136249       21887499       21887499   523888520001  N  0                       2051042 01/05/2026       USD          216          649         2117
01 38169564  VP324  M  COMPLEJO B VP 2CC. X3                       6      2917      2977       360     17502       000  000  000  200  000  000         1  7703153013059       21887405       21887405   523888520001  N  0                       1358660 01/07/2024       USD          138          827         2117
01 38169564  LT021  M  DIMAVYL MET 2/500 X30CO                     1     16779     16779       000     16779       000  000  000  000  000  000         1  7591585212573       21886486       21886486   523888520001  N  0                           100 01/09/2024       USD          793          793         2117
01 38169564  15913  M  DULOXETINA CLEO30MG.30TA                    1     11934     11934       000     11934       000  000  000  000  000  000         1  7598677000278       21887405       21887405   523888520001  N  0                       22T0821 01/07/2025       USD          564          564         2117
01 38169564  16677  M  EUTIROX 25MCG. X50TA                        1     13000     13000       000     13000       000  000  000  000  000  000         1  7501298234809       21886486       21886486   523888520001  N  0                        M20810 01/02/2024       USD          614          614         2117
01 38169564  16539  M  GESTASYN100 X10T ORA-VAG.                   1     13811     13811       000     13811       000  000  000  000  000  000         1  8904250520665       21886486       21886486   523888520001  N  0                    E2S2HTA010 01/06/2025       USD          652          652         2117
01 38169564  13400  M  GLICAZET 500/2,5 X40TA                      1     18827     18827       000     18827       000  000  000  000  000  000         1  7406076100997       21886486       21886486   523888520001  N  0                        C22052 01/03/2025       USD          889          889         2117
01 38169564  14782  M  IBUPRO-TIOCOL DAC600-4X10                   4      6929      6929       000     27716       000  000  000  000  000  000         1  7598578000247       21887405       21887405   523888520001  N  0                          V316 01/01/2025       USD          327         1309         2117
01 38169564  MG399  M  LISILETIC 20/12,5 X30CO                     1     25923     25923       000     25923       000  000  000  000  000  000         1  7591585114389       21886486       21886486   523888520001  N  0                           110 01/08/2024       USD         1225         1225         2117
01 38169564  12379  M  LOSARTAN P HTC 50-12,5X30                   4      5616      5616       000     22464       000  000  000  000  000  000         1  7598176000090       21886774       21886774   523888520001  N  0                       22T0853 01/07/2025       USD          265         1061         2117
01 38169564  LN165  M  MADECASSOL 2% POLVO 5GR.                    2     12349     12349       000     24698       000  000  000  000  000  000         1  7592348218108       21887405       21887405   523888520001  N  0                       2209040 01/09/2027       USD          583         1167         2117
01 38169564  14316  C  PARCHE OC.PED CURE AID 20                   1      6280      6280       000      6280      1005  000  000  000  000  000         1  6224000549817       21887499       21887499   523888520001  N  0                         15E22 01/04/2027       USD          297          297         2117
01 38169564  LT041  M  RIFAMIX 200MG. X12CO                        2     22677     22677       000     45354       000  000  000  000  000  000         1  7591585119049       21886774       21886774   523888520001  N  0                           051 01/09/2025       USD         1071         2142         2117
01 38169564  LT930  M  VIASEK 50MG. X2CO                           6      2987      2987       000     17922       000  000  000  000  000  000         1  7591585111005       21886774       21886774   523888520001  N  0                           097 01/05/2025       USD          141          847         2117
01 38169564  12086  M  VIT E VP 400MG. X15CA.BLA                   2      9519     11469      3900     19038       000  000  000 1700  000  000         1  7592432901428       21887499       21887499   523888520001  N  0                        220127 01/04/2025       USD          450          899         2117
02 38169564         41        349139          6280          1005        356424    0    0    0  000    0    0    0   25/01/2023 11:03:46 a. m.   PR           000           000             0            18           USD         2117        16789
