01 38187116  GN790  M  AMLODIPINA GN 5MG. X30CO                    4      3787      3787       000     15148       000  000  000  000  000  000         1  7591585278166       21897085       21897085   524061750001  N  0                           394 01/10/2025       USD          173          690         2195
01 38187116  GT119  M  ASAPROL 81MG. X100CO                        4     14743     14743       000     58972       000  000  000  000  000  000         1  7591585261236       21897342       21897342   524061750001  N  0                           189 01/05/2024       USD          672         2687         2195
01 38187116  VM464  M  CANDER 16MG. X30TA                          7     15509     17232     12061    108563       000  000  000 1000  000  000         1  7591020008303       21897342       21897342   524061750001  N  0                           198 01/11/2026       USD          707         4946         2195
01 38187116  14381  M  CLOTRIMAZ TIA100 X6TA.VAG                   2      3894      3894       000      7788       000  000  000  000  000  000         1  8904187829503       21897012       21897012   524061750001  N  0                          GT95 01/07/2025       USD          177          355         2195
01 38187116  16569  M  CLOTRIMAZ TIA2% CR. 30GR.                   4      4818      4818       000     19272       000  000  000  000  000  000         1  8904250520764       21897342       21897342   524061750001  N  0                       ES22019 01/06/2025       USD          219          878         2195
01 38187116  14387  M  ESTRASYN 0.01% CR.VAG.30G                   1     15417     15417       000     15417       000  000  000  000  000  000         1  8904250515456       21897012       21897012   524061750001  N  0                           E11 01/05/2025       USD          702          702         2195
01 38187116  VA619  M  HENOVIC SOL.ORAL GOTAS 30ML                 2     14383     14383       000     28766       000  000  000  000  000  000         1  7592349722963       21897012       21897012   524061750001  N  0                       2207042 01/07/2024       USD          655         1311         2195
01 38187116  VP784  M  ILANA 600MG.VAG. X1CA.BL                    3      5265      5850      1755     15795       000  000  000 1000  000  000         1  7592432011523       21897085       21897085   524061750001  N  0                        220199 01/04/2025       USD          240          720         2195
01 38187116  NQ350  A  L-CARNITINA VAL500 X30CA                    2     19266     19266       000     38532       000  000  000  000  000  000         1   714439705527       21897012       21897012   524061750001  N  0                        22K166 01/09/2025       USD          878         1755         2195
01 38187116  12376  M  LEVOFLOXACINA 500MG X10TA                   2      5616      5616       000     11232       000  000  000  000  000  000         1  7598176000038       21897012       21897012   524061750001  N  0                       21T0731 01/06/2024       USD          256          512         2195
01 38187116  11418  M  LODESTAR HCT 50-12,5 30TA                   3     10390     11544      3462     31170       000  000  000 1000  000  000         1  7591020080972       21897012       21897012   524061750001  N  0                            16 01/09/2023       USD          473         1420         2195
01 38187116  16426  M  METFORMINA DIS850 10B.X10                   1     14207     14955       748     14207       000  000  000  500  000  000         1  7598252101253       21897342       21897342   524061750001  N  0                        201201 01/12/2023       USD          647          647         2195
01 38187116  14121  M  METFORMINA QF500MG. 30TA                    6      2964      2964       000     17784       000  000  000  000  000  000         1  7598484001215       21897342       21897342   524061750001  N  0                      TM730039 01/11/2024       USD          135          810         2195
01 38187116  15448  M  MINOXIDIL SGG5% S.TOP.60                    1     12074     12074       000     12074       000  000  000  000  000  000         1  7596347792515       21897012       21897012   524061750001  N  0                        1122H5 01/11/2024       USD          550          550         2195
01 38187116  15420  M  OXACILINA AL1GR. X1VIAL                    12      1681      1681       000     20172       000  000  000  000  000  000         1  7597758000039       21897012       21897012   524061750001  N  0                       3222049 01/07/2024       USD          077          919         2195
01 38187116  MG519  M  TROPOCER AP 90MG. X20CO                     1     16964     16964       000     16964       000  000  000  000  000  000         1  7591585113597       21897012       21897012   524061750001  N  0                           001 01/10/2024       USD          773          773         2195
02 38187116         55        431856           000           000        431856    0    0    0  000    0    0    0   31/01/2023 10:08:08 a. m.   PR           000           000             0            16           USD         2195        19675
