01 38183032  GQ739  M  ACETAMINOFEN ELTER650 X10                   3      1249      1665      1248      3747       000  000  000 2500  000  000         1  7592454001243       21894616       21894616   524016420001  N  0                       3502133 01/08/2024       USD          057          171         2197
01 38183032  LO124  M  AIRON 10MG. X10TA                           4      4055      4055       000     16220       000  000  000  000  000  000         1  7591196002563       21895365       21895365   524016420001  N  0                       I082981 01/08/2024       USD          185          738         2197
01 38183032  QO270  M  ANALPER FORTE TAB. 650X10                   2      2443      2443       000      4886       000  000  000  000  000  000         1  7592454000802       21894616       21894616   524016420001  N  0                       3501756 01/07/2024       USD          111          222         2197
01 38183032  KV004  M  ANTILAX 2MG. X10TA                          2      4914      5460      1092      9828       000  000  000 1000  000  000         1  7591821102095       21894616       21894616   524016420001  N  0                       2203339 01/05/2024       USD          224          447         2197
01 38183032  12570  M  BUDECORT SOL.P INHAL10ML.                   3     12156     12156       000     36468       000  000  000  000  000  000         1  7591196007162       21895413       21895413   524016420001  N  0                        102150 01/01/2025       USD          553         1660         2197
01 38183032  GQ007  M  CIPROFIBRATO ELTER100 X30                   1     24005     24005       000     24005       000  000  000  000  000  000         1  7703763268863       21895365       21895365   524016420001  N  0                       3301588 01/10/2024       USD         1093         1093         2197
01 38183032  LO120  M  CLARASOL SOL.OFT. 15ML.                     2      4124      4124       000      8248       000  000  000  000  000  000         1  7591196000071       21894710       21894710   524016420001  N  0                       I071160 01/07/2024       USD          188          375         2197
01 38183032  FA019  M  FITEX  5MG. X30TA                           4      5537      6018      1924     22148       000  000  000  800  000  000         1  7591821904316       21895413       21895413   524016420001  N  0                       2208135 01/08/2024       USD          252         1008         2197
01 38183032  11489  N  MAGALEX 100MG. X30CA                        1      7400      7400       000      7400      1184  000  000  000  000  000         1  7591821210059       21895365       21894658   524016420001  N  0                       2210329 01/10/2024       USD          337          337         2197
01 38183032  11489  N  MAGALEX 100MG. X30CA                        2      7400      7400       000     14800      2368  000  000  000  000  000         1  7591821210059       21894658       21894658   524016420001  N  0                       2210329 01/10/2024       USD          337          674         2197
01 38183032  12136  M  TONERVOL 5MG. X10TA                         3     12740     12740       000     38220       000  000  000  000  000  000         1  7591821210431       21893900       21893900   524016420001  N  0                       2212326 01/12/2024       USD          580         1740         2197
01 38183032  12143  M  TONERVOL 5MG. X30TA                         3     34840     34840       000    104520       000  000  000  000  000  000         1  7591821210547       21893900       21893900   524016420001  N  0                       2212326 01/12/2024       USD         1586         4757         2197
02 38183032         30        290490           000          3552        294042    0    0    0  000    0    0    0   30/01/2023 12:47:45 p. m.   PR           000           000             0            11           USD         2197        13222
