01 38195501  PF204  M  ATAMEL FORTE 650MG. X10TA                   3      3426      4282      2568     10278       000  000  000 2000  000  000         1  7591257000552       21902061       21902061   524144010001  N  0                        033519 01/09/2025       USD          153          458         2244
01 38195501  VA292  M  ATROVERAN 10MG.GOTAS 15ML                   1     11544     11544       000     11544       000  000  000  000  000  000         1  7592349722161       21902209       21902209   524144010001  N  0                       2207006 01/07/2024       USD          514          514         2244
01 38195501  11898  M  BUCOXOLGAR FRU.RO X10TM                     2      5246      5246       000     10492       000  000  000  000  000  000         1  7592454891363       21902061       21902061   524144010001  N  0                       3502822 01/11/2024       USD          234          468         2244
01 38195501  LO120  M  CLARASOL SOL.OFT. 15ML.                     3      4124      4124       000     12372       000  000  000  000  000  000         1  7591196000071       21902262       21902262   524144010001  N  0                       I071160 01/07/2024       USD          184          551         2244
01 38195501  12927  M  CLOTRIMAZOL AL200MG X3OVU                   3      4135      4135       000     12405       000  000  000  000  000  000         1  7597758000657       21902061       21902061   524144010001  N  0                      B1AAL003 01/07/2025       USD          184          553         2244
01 38195501  VP324  M  COMPLEJO B VP 2CC. X3                       6      2858      2977       714     17148       000  000  000  400  000  000         1  7703153013059       21902061       21902061   524144010001  N  0                       1358660 01/07/2024       USD          127          764         2244
01 38195501  13401  M  GLICAZET 500/5 X40TA                        1     23292     23292       000     23292       000  000  000  000  000  000         1  7406076101000       21902061       21902061   524144010001  N  0                        B22050 01/02/2025       USD         1038         1038         2244
01 38195501  10616  M  KETIAN 25MG. X10TA                          2     10920     11375       910     21840       000  000  000  400  000  000         1  7592432018065       21902209       21902209   524144010001  N  0                       1388370 01/01/2024       USD          487          973         2244
01 38195501  11792  M  LETALOP 100MG. X30CO                        1     18086     18086       000     18086       000  000  000  000  000  000         1  7595368004218       21902209       21902209   524144010001  N  0                         16149 01/08/2025       USD          806          806         2244
01 38195501  13041  M  LETALOP 25MG X30CO                          1     11700     11700       000     11700       000  000  000  000  000  000         1  7595368004195       21902209       21902209   524144010001  N  0                        164419 01/09/2024       USD          521          521         2244
01 38195501  11502  M  LOPERAM 2MG. X10TA                          2      6146      6146       000     12292       000  000  000  000  000  000         1  7592349723571       21902061       21902061   524144010001  N  0                       2202446 01/02/2027       USD          274          548         2244
01 38195501  GP870  M  MISELLIM 10MG. X20CO                        1     10530     10530       000     10530       000  000  000  000  000  000         1  7594000491607       21902061       21902061   524144010001  N  0                          0048 01/11/2025       USD          469          469         2244
01 38195501  PA172  M  NORSINA 500MG-10MG. X12TA                   2      5590      5590       000     11180       000  000  000  000  000  000         1  7591243837452       21902061       21902061   524144010001  N  0                       9340501 01/09/2024       USD          249          498         2244
01 38195501  GP740  M  VIGRASOL 50MG. X1CO                         3      1300      1300       000      3900       000  000  000  000  000  000         1  7594000491645       21902061       21902061   524144010001  N  0                          0014 01/06/2025       USD          058          174         2244
01 38195501  GP400  M  VIGRASOL 50MG. X2CO                         3      2340      2340       000      7020       000  000  000  000  000  000         1  7594000491010       21902061       21902061   524144010001  N  0                          0014 01/06/2025       USD          104          313         2244
02 38195501         34        194079           000           000        194079    0    0    0  000    0    0    0   02/02/2023 11:07:19 a. m.   PR           000           000             0            15           USD         2244         8649
