01 38208691  LO469  M  ALFADYN 0,20% SO.OFT.5ML.                   2     11193     11782      1178     22386       000  000  000  500  000  000         1  7591196003430       21910946       21910946   524286270001  N  0                        042947 01/05/2024       USD          483          967         2315
01 38208691  11716  M  ARUDIL 20MG. X10TA                          1      8528     10033      1505      8528       000  000  000 1500  000  000         1  7591821210028       21910946       21910946   524286270001  N  0                       2111389 01/11/2023       USD          368          368         2315
01 38208691  PA385  M  BETADERM  C/GENT. CR.15GR                   1      6117      6117       000      6117       000  000  000  000  000  000         1  7591243804041       21911054       21911054   524286270001  N  0                       9268703 01/10/2024       USD          264          264         2315
01 38208691  PA054  M  BETADERM PLUS CREMA 15GR.                   1      7378      7378       000      7378       000  000  000  000  000  000         1  7591243804164       21911054       21911054   524286270001  N  0                       9351702 01/11/2024       USD          319          319         2315
01 38208691  11898  M  BUCOXOLGAR FRU.RO X10TM                     2      5508      5508       000     11016       000  000  000  000  000  000         1  7592454891363       21910946       21910946   524286270001  N  0                       3502825 01/11/2024       USD          238          476         2315
01 38208691  11897  M  BUCOXOLGAR MENTA X10TM                      2      5508      5508       000     11016       000  000  000  000  000  000         1  7592454891370       21910946       21910946   524286270001  N  0                       3502819 01/11/2024       USD          238          476         2315
01 38208691  QM200  M  BUMETIN RETARD300MG.X20TA                   2     15439     15439       000     30878       000  000  000  000  000  000         1  7703763861002       21910638       21910638   524286270001  N  0                       3502238 01/09/2024       USD          667         1334         2315
01 38208691  NP099  N  CALCIBON NATAL FORT X30TA                   1     19760     19760       000     19760      3162  000  000  000  000  000         1  7591821102071       21910638       21910638   524286270001  N  0                       2209115 01/10/2024       USD          854          854         2315
01 38208691  LO484  M  CLARIX SOL.NASAL AD.15ML.                   1      6668      6668       000      6668       000  000  000  000  000  000         1  7591196003171       21910946       21910946   524286270001  N  0                       I022332 01/03/2027       USD          288          288         2315
01 38208691  11288  M  COLYPAN 200MG. X10TA                        6      9504      9504       000     57024       000  000  000  000  000  000         1  7591821210264       21910638       21910638   524286270001  N  0                       2209386 01/10/2025       USD          411         2463         2315
01 38208691  11557  M  DESLER M 5MG/10MG. X10TA                    2     14868     14868       000     29736       000  000  000  000  000  000         1  7592454891257       21910946       21910946   524286270001  N  0                       3500984 01/03/2024       USD          642         1284         2315
01 38208691  13527  M  FARMA D 2000UI X30TA                        1     10790     10790       000     10790       000  000  000  000  000  000         1  7591821210639       21911054       21911054   524286270001  N  0                       2203451 01/04/2024       USD          466          466         2315
01 38208691  KV860  M  FEMMEX ULTRA 200/30 X10TA                   2      6370      6370       000     12740       000  000  000  000  000  000         1  7591821801004       21910946       21910946   524286270001  N  0                       2208137 01/09/2025       USD          275          550         2315
01 38208691  FA003  M  HIDROTEN 12,5MG. X30TA                      4      8771      8771       000     35084       000  000  000  000  000  000         1  7591821903791       21910638       21910638   524286270001  N  0                       2206538 01/08/2024       USD          379         1516         2315
01 38208691  GQ061  M  LOSARTAN H ETR 100/25 X30                   2     13354     13354       000     26708       000  000  000  000  000  000         1  7592454889728       21911054       21911054   524286270001  N  0                       3502466 01/09/2024       USD          577         1154         2315
01 38208691  PA172  M  NORSINA 500MG-10MG. X12TA                   2      5590      5590       000     11180       000  000  000  000  000  000         1  7591243837452       21910638       21910638   524286270001  N  0                       9340501 01/09/2024       USD          241          483         2315
01 38208691  17606  M  TRIMEBUTINA LS200MG.X30TA                   2     13859     13859       000     27718       000  000  000  000  000  000         1  7592454890069       21911054       21911054   524286270001  N  0                       3202538 01/10/2024       USD          599         1197         2315
01 38208691  NP049  M  VALPRON 500MG. X60TA                        1     38272     41600      3328     38272       000  000  000  800  000  000         1  7591821901995       21910946       21910946   524286270001  N  0                       2202481 01/02/2025       USD         1653         1653         2315
02 38208691         35        372999           000          3162        376161    0    0    0  000    0    0    0   07/02/2023 2:50:37 p. m.   PR           000           000             0            18           USD         2315        16112
