01 38230548  17639  M  ARCODEX 120MG. X7TA                         1     11582     11582       000     11582       000  000  000  000  000  000         1  7750215023792       21922806       21922806   524501540001  N  0                       2076002 01/07/2024       USD          478          478         2425
01 38230548  FF450  M  BUDESONIDA MF 50MCG.200D                    1     27256     27256       000     27256       000  000  000  000  000  000         1  7591096000898       21922806       21922806   524501540001  N  0                      069S003A 01/04/2024       USD         1124         1124         2425
01 38230548  14369  M  CAPTOPRIL PORTU25 X100TA                    1     10537     10537       000     10537       000  000  000  000  000  000         1  7750215000632       21922892       21922892   524501540001  N  0                       2055662 01/05/2025       USD          435          435         2425
01 38230548  17277  M  CLONEDAC CREMA 20GR.                        3      6523      7079      1668     19569       000  000  300  500  000  000         1  7598578000117       21922892       21922892   524501540001  N  0                          2188 01/03/2024       USD          269          807         2425
01 38230548  ED300  M  LOREX 10MG. X10CO                           3      1950      1950       000      5850       000  000  000  000  000  000         1  7592803000729       21922892       21922892   524501540001  N  0                       2301990 01/01/2026       USD          080          241         2425
01 38230548  12186  M  MAXTHIO 4MG/2ML. IM X6A                     6     16263     16263       000     97578       000  000  000  000  000  000         1  8699525755247       21922892       21922892   524501540001  N  0                      A103146A 01/04/2025       USD          671         4024         2425
01 38230548  16070  M  NITRODET 50MG. X30TA                        1     10400     10400       000     10400       000  000  000  000  000  000         1   745687143250       21922806       21922806   524501540001  N  0                       WG22430 01/06/2026       USD          429          429         2425
01 38230548  14376  M  PORTIL 1/0,1/0,04 CR.20GR                   3      6130      6130       000     18390       000  000  000  000  000  000         1  7750215998441       21922892       21922892   524501540001  N  0                       2063522 01/06/2026       USD          253          758         2425
01 38230548  EL001  M  TALZIC 10MG. X10CO                          6      3961      3961       000     23766       000  000  000  000  000  000         1  7591062016700       21922892       21922892   524501540001  N  0                        22063A 01/08/2025       USD          163          980         2425
02 38230548         25        224928           000           000        224928    0    0    0  000    0    0    0   14/02/2023 3:08:44 p. m.   PR           000           000             0             9           USD         2425         9275
