01 38245879  GN790  M  AMLODIPINA GN 5MG. X30CO                    3      5649      5649       000     16947       000  000  000  000  000  000         1  7591585278166       21931863       21931863   524663100001  N  0                           395 01/11/2025       USD          232          695         2440
01 38245879  LT284  M  ANTUX SOL.ORAL 180ML.                       2     22673     25706      6066     45346       000  000  200 1000  000  000         1  7591585214706       21929449       21929449   524663100001  N  0                           294 01/09/2025       USD          929         1858         2440
01 38245879  17845  M  BACICLASI SUSP. 5ML.X10                     1     22932     25480      2548     22932       000  000  000 1000  000  000         1  8906075150874       21930610       21930610   524663100001  N  0                    LBCUK22006 01/08/2024       USD          940          940         2440
01 38245879  14463  M  BROSIDUAL 100/300 X10CABL                   2     12856     12856       000     25712       000  000  000  000  000  000         1   793869810308       21930610       21930610   524663100001  N  0                      22050179 01/05/2024       USD          527         1054         2440
01 38245879  14381  M  CLOTRIMAZ TIA100 X6TA.VAG                   2      4550      4550       000      9100       000  000  000  000  000  000         1  8904187829503       21932492       21932492   524663100001  N  0                          GT95 01/07/2025       USD          186          373         2440
01 38245879  14370  M  CLOTRIMAZOL PORTU1% CR.20                   3      5264      5264       000     15792       000  000  000  000  000  000         1  7750215136249       21932492       21932492   524663100001  N  0                       2107762 01/10/2026       USD          216          647         2440
01 38245879  14926  M  DAYZOL 400MG-4MG. X30CO                     1     12705     12705       000     12705       000  000  000  000  000  000         1  7591585117670       21930485       21930485   524663100001  N  0                           012 01/11/2024       USD          521          521         2440
01 38245879  14215  M  DECOBEL 0.5MG X30TA                         2      6540      6540       000     13080       000  000  000  000  000  000         1  7592806133110       21930610       21930610   524663100001  N  0                        203049 01/03/2024       USD          268          536         2440
01 38245879  LT021  M  DIMAVYL MET 2/500 X30CO                     1     19503     19503       000     19503       000  000  000  000  000  000         1  7591585212573       21930610       21930610   524663100001  N  0                           100 01/09/2024       USD          799          799         2440
01 38245879  15794  M  DROMETOX 4MG. JBE. 120ML.                  12      3823      3823       000     45876       000  000  000  000  000  000         1  7592616170015       21930501       21930501   524663100001  N  0                         20429 01/05/2024       USD          157         1880         2440
01 38245879  12030  M  EPITRAL 100MG. X30TA                        1     12181     12181       000     12181       000  000  000  000  000  000         1  7591020081078       21932492       21932492   524663100001  N  0                            14 01/10/2024       USD          499          499         2440
01 38245879  17347  M  FLUIMEXINA 600MG. X30SOB.                   1     38207     38207       000     38207       000  000  000  000  000  000         1  7750215022542       21930610       21930610   524663100001  N  0                       2031062 01/03/2024       USD         1566         1566         2440
01 38245879  17746  M  LERCAMED 10MG. X30TA                        1     24471     24471       000     24471       000  000  000  000  000  000         1  7598750000157       21930731       21930731   524663100001  N  0                     SV0020122 01/05/2024       USD         1003         1003         2440
01 38245879  ED300  M  LOREX 10MG. X10CO                           3      2145      2145       000      6435       000  000  000  000  000  000         1  7592803000729       21931863       21931863   524663100001  N  0                       2301990 01/01/2026       USD          088          264         2440
01 38245879  11351  M  MADECASSOL 1% UNG. 10GR.                    1     10292     10292       000     10292       000  000  000  000  000  000         1  7592348413824       21932492       21932492   524663100001  N  0                       2207029 01/07/2027       USD          422          422         2440
01 38245879  14371  M  MELOXICAM PROTU15 X100TA                    1     21402     21402       000     21402       000  000  000  000  000  000         1  7750215010310       21929449       21929449   524663100001  N  0                       2102981 01/10/2024       USD          877          877         2440
01 38245879  LC409  M  MIGREN 650-50-1 X10CO                       3      4174      4174       000     12522       000  000  000  000  000  000         1  7591585115737       21930731       21930731   524663100001  N  0                           587 01/10/2024       USD          171          513         2440
01 38245879  PO550  M  MILAX POLVO 120GR.                          1     11861     12618       757     11861       000  000  000  600  000  000         1  7592806132038       21930610       21930610   524663100001  N  0                        209153 01/09/2025       USD          486          486         2440
01 38245879  NQ100  N  OMEGA 3 FISH OIL VAL 30CA                   3     11225     13858      7899     33675       000  000 1000 1000  000  000         1   669238000499       21929449       21929449   524663100001  N  0                        22I254 01/09/2025       USD          460         1380         2440
01 38245879  NW700  N  OMEGA 3 NOW 1000MG.X45CA                    2     17901     21060      6318     35802       000  000  000 1500  000  000         1   733739110411       21929449       21929449   524663100001  N  0                       3234036 01/12/2024       USD          734         1467         2440
01 38245879  17658  M  SITAGLIS 50MG. X30CO                        1     23923     23923       000     23923       000  000  000  000  000  000         1  7591585118097       21930610       21930610   524663100001  N  0                           005 01/11/2024       USD          980          980         2440
02 38245879         47        457764           000           000        457764    0    0    0  000    0    0    0   21/02/2023 2:36:18 p. m.   PR           000           000             0            21           USD         2440        18761
