01 38255195  LO184  M  AIRON 5MG. X30TA.MAST.                      2      9269      9269       000     18538       000  000  000  000  000  000         1  7591196002792       21935467       21935467   524737510001  N  0                       I122940 01/12/2024       USD          380          760         2439
01 38255195  LO139  M  ALERGOT SOL.OFT. 5CC.                       1     12684     12684       000     12684       000  000  000  000  000  000         1  7591196002693       21935774       21935774   524737510001  N  0                        092643 01/09/2024       USD          520          520         2439
01 38255195  12193  M  AZITROMICINA AL200 22,5ML                   3      7332      7718      1158     21996       000  000  000  500  000  000         1  7597758000152       21935467       21935467   524737510001  N  0                      B1ARD010 01/07/2025       USD          301          902         2439
01 38255195  16846  M  AZITROMICINA JD200 PPSO15                   2      4875      4875       000      9750       000  000  000  000  000  000         1  7840185425013       21935467       21935467   524737510001  N  0                          GD38 01/10/2025       USD          200          400         2439
01 38255195  PA385  M  BETADERM  C/GENT. CR.15GR                   2      7800      7800       000     15600       000  000  000  000  000  000         1  7591243804041       21936685       21936685   524737510001  N  0                       9268703 01/10/2024       USD          320          640         2439
01 38255195  PA126  M  BETADERM CR. 0,05% 15GR.                    2      7540      7540       000     15080       000  000  000  000  000  000         1  7591243804140       21936432       21936432   524737510001  N  0                       9351501 01/01/2025       USD          309          618         2439
01 38255195  17874  M  BETADUO 6,430/2,631 X1AMP                   2      5590      5590       000     11180       000  000  000  000  000  000         1  7703153041212       21936149       21936149   524737510001  N  0                       1431146 01/10/2024       USD          229          458         2439
01 38255195  PA325  M  BETAGEN 4MG. 1ML. X1AMP.                    6      7150      7150       000     42900       000  000  000  000  000  000         1  7591243804287       21936149       21936149   524737510001  N  0                       9351902 01/11/2024       USD          293         1759         2439
01 38255195  10346  M  BLOCAX 8MG. X30TA                           2      8840     11050      4420     17680       000  000  000 2000  000  000         1  7591243805338       21936685       21936685   524737510001  N  0                       9300104 01/08/2023       USD          362          725         2439
01 38255195  11251  M  CICLOKAN 500MG. X21CO                       1     32110     32110       000     32110       000  000  000  000  000  000         1  7591619519227       21936149       21936149   524737510001  N  0                          0039 01/06/2024       USD         1317         1317         2439
01 38255195  LO120  M  CLARASOL SOL.OFT. 15ML.                     3      2382      4763      7143      7146       000  000  000 5000  000  000         1  7591196000071       21936149       21936149   524737510001  N  0                       I071161 01/07/2024       USD          098          293         2439
01 38255195  KL992  M  COROPRES 8MG. X30CO                         1     10270     10270       000     10270       000  000  000  000  000  000         1  7591619520339       21936685       21936685   524737510001  N  0                          0013 01/01/2026       USD          421          421         2439
01 38255195  LO409  M  DESLORAT 5MG. X10TA                         4      2999      2999       000     11996       000  000  000  000  000  000         1  7591196002969       21936149       21936149   524737510001  N  0                       I072916 01/07/2024       USD          123          492         2439
01 38255195  17227  M  EUSILEN DUAL 600-4 X10TA                    2      6625      8281      3312     13250       000  000  000 2000  000  000         1  7591818000274       21935774       21935774   524737510001  N  0                         20293 01/07/2025       USD          272          543         2439
01 38255195  VP664  M  EVIGAX 125MG. X20CA.BLA                     1     12423     14615      2192     12423       000  000  000 1500  000  000         1  7592432010212       21935774       21935774   524737510001  N  0                        220195 01/07/2025       USD          509          509         2439
01 38255195  LO420  M  LACRIDOS SOL.OFT. 15CC.                     3      7783      7783       000     23349       000  000  000  000  000  000         1  7591196000286       21935467       21935467   524737510001  N  0                        092255 01/10/2025       USD          319          957         2439
01 38255195  LO169  M  TODENAC SOL.OFT. 5ML.                       1     11063     11063       000     11063       000  000  000  000  000  000         1  7591196002761       21936149       21936149   524737510001  N  0                        052474 01/05/2024       USD          454          454         2439
01 38255195  PA226  M  YONAL 15MG. JBE. 120ML.                     3      8190      9100      2730     24570       000  000  000 1000  000  000         1  7591243856705       21935467       21935467   524737510001  N  0                       9356703 01/01/2026       USD          336         1007         2439
02 38255195         41        311585           000           000        311585    0    0    0  000    0    0    0   23/02/2023 1:23:14 p. m.   PR           000           000             0            18           USD         2439        12775
