01 38264437  13639  M  AMLODIPINA BUKA10MG.X30TA                   2      3510      3510       000      7020       000  000  000  000  000  000         1   675696260115       21941747       21941747   524832550001  N  0                         A1603 01/03/2024       USD          144          287         2442
01 38264437  GN790  M  AMLODIPINA GN 5MG. X30CO                    2      5664      5664       000     11328       000  000  000  000  000  000         1  7591585278166       21941938       21941747   524832550001  N  0                           395 01/11/2025       USD          232          464         2442
01 38264437  GN790  M  AMLODIPINA GN 5MG. X30CO                    2      5664      5664       000     11328       000  000  000  000  000  000         1  7591585278166       21941747       21941747   524832550001  N  0                           395 01/11/2025       USD          232          464         2442
01 38264437  14785  M  ASARAP 15MG. X20CO                          1     20089     20089       000     20089       000  000  000  000  000  000         1  7591585113337       21941747       21941747   524832550001  N  0                           008 01/03/2024       USD          823          823         2442
01 38264437  PO175  M  BACITRACINA PO UNG. 15GR.                   4      5452      5452       000     21808       000  000  000  000  000  000         1  7592806141016       21941747       21941747   524832550001  N  0                        208133 01/08/2025       USD          223          893         2442
01 38264437  PO180  M  BACTRON SUSP. 100ML.                        2      6425      6425       000     12850       000  000  000  000  000  000         1  7592806122015       21941747       21941747   524832550001  N  0                        209149 01/09/2027       USD          263          526         2442
01 38264437  12016  M  CARBAMAZEPINA DAC200 X20                    2      5649      5649       000     11298       000  000  000  000  000  000         1  7598578000063       21940741       21940741   524832550001  N  0                          V368 01/03/2025       USD          231          463         2442
01 38264437  16567  M  CLINFAST 100-200 X3OV.VAG                   1     12618     12618       000     12618       000  000  000  000  000  000         1  8906081306876       21940741       21940741   524832550001  N  0                      B1ARP002 01/05/2025       USD          517          517         2442
01 38264437  16600  M  DEXT 5%-CL.SOD 9% ALFA500                   1      2625      2625       000      2625       000  000  000  000  000  000         1  7468999188063       21941747       21941747   524832550001  N  0                  LSM12108618A 01/06/2025       USD          107          107         2442
01 38264437  LT073  M  DICLOFENAC P. GN 50 X30CO                   6      4042      4042       000     24252       000  000  000  000  000  000         1  7591585379245       21940741       21940741   524832550001  N  0                           783 01/08/2025       USD          166          993         2442
01 38264437  17205  M  DICLOFENAC S. AL50 10SUP                    2      5640      6065       850     11280       000  000  000  700  000  000         1  7597758000879       21940102       21940102   524832550001  N  0                      A1ABM013 01/11/2024       USD          231          462         2442
01 38264437  16932  M  ELEVEX 20MG.FRESA 1COMAST                   3      1296      1296       000      3888       000  000  000  000  000  000         1  7468999192763       21940102       21940102   524832550001  N  0                        191112 01/11/2024       USD          053          159         2442
01 38264437  13656  M  ENALAPRIL 20MGX30TAB BUKA                   3      1950      1950       000      5850       000  000  000  000  000  000         1   675696260047       21940102       21940102   524832550001  N  0                        EP2602 01/03/2024       USD          080          240         2442
01 38264437  16067  M  ESDET 40MG. X30CA                           2     10140     10140       000     20280       000  000  000  000  000  000         1   745687143236       21941747       21941747   524832550001  N  0                       WGC2278 01/06/2024       USD          415          830         2442
01 38264437  VM017  M  ESQUIDONE 1MG. X30TA                        2     10535     10535       000     21070       000  000  000  000  000  000         1  7591020080538       21940102       21940102   524832550001  N  0                            36 01/03/2024       USD          431          863         2442
01 38264437  16540  M  GESTASYN200 X10T ORA-VAG.                   1     20264     20264       000     20264       000  000  000  000  000  000         1  8904250520771       21941747       21941747   524832550001  N  0                    E2S2HTA017 01/06/2025       USD          830          830         2442
01 38264437  17071  M  KETODAC 100MG. X10CA.BLA.                   3      4719      4719       000     14157       000  000  000  000  000  000         1  7598578000353       21940102       21940102   524832550001  N  0                        220211 01/09/2024       USD          193          580         2442
01 38264437  11351  M  MADECASSOL 1% UNG. 10GR.                    1     12350     12350       000     12350       000  000  000  000  000  000         1  7592348413824       21941938       21941938   524832550001  N  0                       2207029 01/07/2027       USD          506          506         2442
01 38264437  14955  M  METRONIDAZOL PORT500 10OV                   2      8561      8561       000     17122       000  000  000  000  000  000         1  7750215001806       21940741       21940741   524832550001  N  0                       2064382 01/06/2025       USD          351          701         2442
01 38264437  EL172  M  PEREBRON JBE.PED.FRANB120                   2      8792      8792       000     17584       000  000  000  000  000  000         1  7591062011200       21940102       21940102   524832550001  N  0                        22081A 01/09/2025       USD          360          720         2442
01 38264437  12087  M  SULTAMICILINA DAC750 10TA                   3     27528     27528       000     82584       000  000  000  000  000  000         1  7598578000186       21941747       21941747   524832550001  N  0                          V539 01/03/2024       USD         1127         3382         2442
02 38264437         47        361645           000           000        361645    0    0    0  000    0    0    0   27/02/2023 3:04:45 p. m.   PR           000           000             0            20           USD         2442        14809
