01 38264438  15029  M  AMLODIPINA AL5MG. X30TA                     2      3852      4280       856      7704       000  000  000 1000  000  000         1  7597758000756       21941938       21941938   524832560001  N  0                        SAF005 01/11/2024       USD          158          315         2442
01 38264438  VA292  M  ATROVERAN 10MG.GOTAS 15ML                   1     12713     12713       000     12713       000  000  000  000  000  000         1  7592349722161       21940741       21940741   524832560001  N  0                       2207006 01/07/2024       USD          521          521         2442
01 38264438  15641  N  CHANCA PIEDRA HP400 X30CA                   2     11989     13321      2664     23978       000  000  000 1000  000  000         1  7592710003813       21940741       21940741   524832560001  N  0                       2251011 01/11/2025       USD          491          982         2442
01 38264438  ED100  M  CINAREN CAPS. 75MG. X20                     2     11700     11700       000     23400       000  000  000  000  000  000         1  7592803000118       21941747       21941747   524832560001  N  0                       2208883 01/09/2026       USD          479          958         2442
01 38264438  LO484  M  CLARIX SOL.NASAL AD.15ML.                   2      8086      8086       000     16172       000  000  000  000  000  000         1  7591196003171       21940741       21940741   524832560001  N  0                       I022332 01/03/2027       USD          331          662         2442
01 38264438  12927  M  CLOTRIMAZOL AL200MG X3OVU                   4      4231      4549      1272     16924       000  000  000  700  000  000         1  7597758000657       21940741       21940741   524832560001  N  0                      B1AAL003 01/07/2025       USD          173          693         2442
01 38264438  KL689  M  CORENTEL 5MG. X30CO                         3     14040     14040       000     42120       000  000  000  000  000  000         1  7591619520292       21940102       21940102   524832560001  N  0                          0013 01/02/2025       USD          575         1725         2442
01 38264438  KL047  M  COROPRES H 16/12,5 X30CO                    1     23270     23270       000     23270       000  000  000  000  000  000         1  7591619520360       21940741       21940741   524832560001  N  0                          0009 01/09/2025       USD          953          953         2442
01 38264438  LO149  M  CORTYNASE SUSP.NASAL 140D.                  1     16054     16054       000     16054       000  000  000  000  000  000         1  7591196004604       21941747       21941747   524832560001  N  0                        112096 01/01/2025       USD          657          657         2442
01 38264438  ED920  M  CYNT 20MG. X20CO                            2      5980      5980       000     11960       000  000  000  000  000  000         1  7592803001603       21940102       21940102   524832560001  N  0                       2209910 01/10/2025       USD          245          490         2442
01 38264438  14010  M  FENITOINA PSICO100 X50TA                    1     21013     21013       000     21013       000  000  000  000  000  000         1  7501384544225       21941747       21941747   524832560001  N  0                       3750722 01/07/2024       USD          860          860         2442
01 38264438  15524  M  FLEMIBAR SOL.ORAL 20ML.                     1      9750      9750       000      9750       000  000  000  000  000  000         1  7591619000541       21941938       21941938   524832560001  N  0                          0004 01/06/2024       USD          399          399         2442
01 38264438  PA009  M  LOGANIL JBE.AD. 120ML.                      2     12740     12740       000     25480       000  000  000  000  000  000         1  7591243831474       21940102       21940102   524832560001  N  0                       9349503 01/11/2024       USD          522         1043         2442
01 38264438  LO007  M  LORECORT SOL.ORAL 60ML.                     2     13179     13179       000     26358       000  000  000  000  000  000         1  7591196004475       21941938       21941938   524832560001  N  0                        092741 01/08/2025       USD          540         1079         2442
01 38264438  11623  M  LOSARTAN P. AL50MG. X30TA                   6      4281      4757      2856     25686       000  000  000 1000  000  000         1  7597758000138       21941747       21941747   524832560001  N  0                         DL237 01/06/2024       USD          175         1052         2442
01 38264438  KL574  M  MAILEN 2,5MG. JBE. 50ML.                    4      4459      6370      7644     17836       000  000  000 3000  000  000         1  7591619519135       21941938       21941938   524832560001  N  0                          0020 01/05/2024       USD          183          730         2442
01 38264438  PA172  M  NORSINA 500MG-10MG. X12TA                   2     11050     11050       000     22100       000  000  000  000  000  000         1  7591243837452       21940102       21940102   524832560001  N  0                       9340501 01/09/2024       USD          452          905         2442
01 38264438  12632  M  OLANZAPINA PSI10MG. X14TA                   1     15466     15466       000     15466       000  000  000  000  000  000         1  7501384546502       21940102       21940102   524832560001  N  0                       8680622 01/06/2024       USD          633          633         2442
01 38264438  LP255  M  TOLNAFTAN CR. 30 GR.                        1      9750      9750       000      9750       000  000  000  000  000  000         1  7591955001639       21941747       21941747   524832560001  N  0                          0045 01/05/2026       USD          399          399         2442
01 38264438  PD124  M  TRIDETARMON CR. 15GR.                       2     12168     15210      6084     24336       000  000  000 2000  000  000         1  7591955000762       21940102       21940102   524832560001  N  0                          0085 01/08/2024       USD          498          997         2442
02 38264438         42        392070           000           000        392070    0    0    0  000    0    0    0   27/02/2023 3:04:47 p. m.   PR           000           000             0            20           USD         2442        16055
