01 38327020  14379  M  ANOMEX 0,25/3/5/0,5 10SUP                   1     15295     15295       000     15295       000  000  000  000  000  000         1  8906009231020       21975962       21975962   525450710001  N  0                      B1ADX009 01/04/2024       USD          632          632         2420
01 38327020  14651  C  BRIUTCARE APOS. FLEX X20                    2      2124      2124       000      4248       680  000  000  000  000  000         1   742033994726       21975494       21975494   525450710001  N  0                      BCBA1218 01/07/2027       USD          088          176         2420
01 38327020  14653  C  BRIUTCARE APOS. KIDS X20                    2      2124      2124       000      4248       680  000  000  000  000  000         1   742033994719       21975494       21975494   525450710001  N  0                      BCBA1218 01/07/2027       USD          088          176         2420
01 38327020  14652  C  BRIUTCARE APOS. MIXTOS20                    2      2124      2124       000      4248       680  000  000  000  000  000         1   742033994702       21975494       21975494   525450710001  N  0                      BCBA1218 01/07/2027       USD          088          176         2420
01 38327020  PA894  M  CARBATIL 6,25MG. X30TA                      3      8775      9750      2925     26325       000  000  000 1000  000  000         1  7591243807820       21976039       21976039   525450710001  N  0                       9361301 01/01/2025       USD          363         1088         2420
01 38327020  18008  A  CITRATO MAGN. NS500 X60CA                   1     21541     22207       666     21541       000  000  000  300  000  000         1   646824258069       21976007       21976007   525450710001  N  0                         44139 01/12/2026       USD          890          890         2420
01 38327020  14115  M  DICLOFENAC S.QF50 X20TA                     6      1706      1706       000     10236       000  000  000  000  000  000         1  7592236002123       21975494       21975494   525450710001  N  0                     TD1020005 01/04/2024       USD          070          423         2420
01 38327020  14316  C  PARCHE OC.PED CURE AID 20                   2      7691      7691       000     15382      2461  000  000  000  000  000         1  6224000549817       21975498       21975498   525450710001  N  0                         15E22 01/04/2027       USD          318          636         2420
01 38327020  14737  M  STONEX 10MEQ X30TA                          2     26112     26112       000     52224       000  000  000  000  000  000         1   712155555723       21975494       21975494   525450710001  N  0                       I22A102 01/09/2025       USD         1079         2158         2420
01 38327020  17859  M  TALERC 1MG.SOL.ORAL 60ML                    4      4810      4810       000     19240       000  000  000  000  000  000         1  7592803004123       21975494       21975494   525450710001  N  0                       2211967 01/11/2024       USD          199          795         2420
02 38327020         25        144861         28126          4500        177487    0    0    0  000    0    0    0   20/03/2023 2:14:35 p. m.   PR           000           000             0            10           USD         2420         7148
