01 38345805  GN088  M  AMLODIPINA GN 10MG. X30CO                   3      4602      5113      1533     13806       000  000  000 1000  000  000         1  7591585278173       21984726       21984726   525669360001  N  0                           197 01/10/2025       USD          189          566         2440
01 38345805  GT005  M  ASAPROL 81MG. X40CO                         6      9109     10121      6072     54654       000  000  000 1000  000  000         1  7591585561237       21984726       21984726   525669360001  N  0                           193 01/09/2024       USD          373         2240         2440
01 38345805  PA164  M  BROFLEMA 8MG. JBE. 120ML.                   2      7800      7800       000     15600       000  000  000  000  000  000         1  7591243807370       21984726       21984726   525669360001  N  0                       9344801 01/02/2025       USD          320          639         2440
01 38345805  VM026  M  CANDER HCT 8/12,5 X30TAB                    4     18788     19777      3956     75152       000  000  500  000  000  000         1  7591020080637       21986655       21986655   525669360001  N  0                            38 01/10/2024       USD          770         3080         2440
01 38345805  LT073  M  DICLOFENAC P. GN 50 X30CO                   2      4406      4896       980      8812       000  000  000 1000  000  000         1  7591585379245       21984726       21984726   525669360001  N  0                           781 01/08/2025       USD          181          361         2440
01 38345805  ED790  M  DOLAK SL 10MG. X10CO                        2      4797      5330      1066      9594       000  000  000 1000  000  000         1  7592803001320       21987472       21987472   525669360001  N  0                       2210933 01/10/2024       USD          197          393         2440
01 38345805  EL035  M  GENURIN 200MG. X10CO                        3     11375     11375       000     34125       000  000  000  000  000  000         1  7591062901198       21987961       21987961   525669360001  N  0                        23034A 01/02/2026       USD          466         1399         2440
01 38345805  PO550  M  MILAX POLVO 120GR.                          2     12618     12618       000     25236       000  000  000  000  000  000         1  7592806132038       21987961       21987961   525669360001  N  0                        210175 01/10/2025       USD          517         1034         2440
01 38345805  ED470  M  NEMODINE 30MG. X20CO                        1     12740     12740       000     12740       000  000  000  000  000  000         1  7592803000798       21987961       21987961   525669360001  N  0                       2302006 01/02/2026       USD          522          522         2440
01 38345805  PA172  M  NORSINA 500MG-10MG. X12TA                   2     11050     11050       000     22100       000  000  000  000  000  000         1  7591243837452       21984726       21984726   525669360001  N  0                       9340501 01/09/2024       USD          453          906         2440
01 38345805  GN103  M  PANTOPRAZOL GN40MG. X10CO                   3      6368      7076      2124     19104       000  000  000 1000  000  000         1  7591585370280       21986655       21986655   525669360001  N  0                          0541 01/10/2024       USD          261          783         2440
01 38345805  LT043  M  PEGYT 75MG. X20CA                           3     14726     16362      4908     44178       000  000  000 1000  000  000         1  7591585317018       21984726       21984726   525669360001  N  0                           057 01/10/2025       USD          604         1811         2440
01 38345805  PA034  M  SAXACID SOL. VAG. 135 CC.                   1      8060      8060       000      8060       000  000  000  000  000  000         1  7591241846647       21984726       21984726   525669360001  N  0                       9292601 01/09/2024       USD          330          330         2440
01 38345805  EL184  M  TALZIC SOL.ORAL 120ML.                      3      6065      6065       000     18195       000  000  000  000  000  000         1  7591062016649       21985267       21985267   525669360001  N  0                        23041A 01/02/2025       USD          249          746         2440
01 38345805  EL245  M  TANTUM TOP. BUCAL 240 CC.                   1     11799     11799       000     11799       000  000  000  000  000  000         1  7591062011538       21987472       21987472   525669360001  N  0                        22110A 01/11/2024       USD          484          484         2440
01 38345805  LT249  M  XYLON 5MG/6,25MG. X30CO                     1     18802     20891      2089     18802       000  000  000 1000  000  000         1  7591585113313       21987961       21987961   525669360001  N  0                           092 01/12/2024       USD          771          771         2440
02 38345805         39        391957           000           000        391957    0    0    0  000    0    0    0   26/03/2023 1:45:13 p. m.   PR           000           000             0            16           USD         2440        16064
