01 38345806  15030  M  AMLODIPINA AL10MG. X30TA                    2      3584      4480      1792      7168       000  000  000 2000  000  000         1  7597758000763       21984726       21984726   525669370001  N  0                        SAT008 01/01/2024       USD          147          294         2440
01 38345806  PD440  M  CLENBUNAL 0,020MG. X10CO                    1      6890      6890       000      6890       000  000  000  000  000  000         1  7591955000090       21985267       21985267   525669370001  N  0                          0034 01/02/2027       USD          282          282         2440
01 38345806  PD680  M  CLENBUNAL GOTAS 15 CC.                      1      9880      9880       000      9880       000  000  000  000  000  000         1  7591955000144       21985267       21985267   525669370001  N  0                          0033 01/06/2025       USD          405          405         2440
01 38345806  KL249  M  DERMOSUPRIL 0,1%CR. 15GR.                   1     16640     16640       000     16640       000  000  000  000  000  000         1  7591619000985       21987961       21987961   525669370001  N  0                          0005 01/07/2027       USD          682          682         2440
01 38345806  17549  M  GYNO CLONEDAC CR.VAG.50GR                   3     10189     10189       000     30567       000  000  000  000  000  000         1  7598578000520       21984726       21984726   525669370001  N  0                          2017 01/12/2023       USD          418         1253         2440
01 38345806  14782  M  IBUPRO-TIOCOL DAC600-4X10                   4      7744      7744       000     30976       000  000  000  000  000  000         1  7598578000247       21986655       21986655   525669370001  N  0                          V314 01/01/2025       USD          317         1270         2440
01 38345806  12189  M  LEVOTIROXINA AL50MCG50TA                    2      6687      7430      1486     13374       000  000  000 1000  000  000         1  7597758000480       21984726       21984726   525669370001  N  0                         DL190 01/02/2024       USD          274          548         2440
01 38345806  KL084  M  PLIDAN COMP.10-125  X10CO                   2     17680     17680       000     35360       000  000  000  000  000  000         1  7730969306976       21984726       21984726   525669370001  N  0                        M05887 01/10/2024       USD          725         1449         2440
01 38345806  PD104  M  POLI-OTICO GOTAS 5 CC.                      2     12480     12480       000     24960       000  000  000  000  000  000         1  7591955002278       21984726       21984726   525669370001  N  0                          0101 01/07/2025       USD          511         1023         2440
01 38345806  12087  M  SULTAMICILINA DAC750 10TA                   3     28529     28529       000     85587       000  000  000  000  000  000         1  7598578000186       21984726       21984726   525669370001  N  0                          V537 01/03/2024       USD         1169         3508         2440
02 38345806         21        261402           000           000        261402    0    0    0  000    0    0    0   26/03/2023 1:45:15 p. m.   PR           000           000             0            10           USD         2440        10713
