01 38385149  14543  M  BISACODILO LAND5MG.X100TA                   1     16640     20800      4160     16640       000  000  000 2000  000  000         1  7598008001424       22004682       22004682   526028430001  N  0                       T20669A 01/07/2025       USD          679          679         2449
01 38385149  15720  M  CLOPIDOGREL FM75MG.X20TA                    6      4680      4680       000     28080       000  000  000  000  000  000         1  8906082150973       22004682       22004682   526028430001  N  0                         T1617 01/10/2024       USD          191         1147         2449
01 38385149  15334  M  COMPLEJO B LAND10B.X10TA                    1     19968     24960      4992     19968       000  000  000 2000  000  000         1  7598008001325       22003896       22003896   526028430001  N  0                       VBT2201 01/05/2024       USD          815          815         2449
01 38385149  AP250  M  FERROCE TAB. X30                            1     22857     22857       000     22857       000  000  000  000  000  000         1  7592601200161       22003896       22003896   526028430001  N  0                        204003 01/11/2024       USD          933          933         2449
01 38385149  15858  M  GABAROL 75MG. X30CA                        12      9848      9848       000    118176       000  000  000  000  000  000         1  7598055000708       22006122       22006122   526028430001  N  0                         LM025 01/09/2025       USD          402         4825         2449
01 38385149  MY790  M  HEPAFOL B12 TAB. X30                        2     19504     19504       000     39008       000  000  000  000  000  000         1  7592601100423       22005445       22005445   526028430001  N  0                        325102 01/01/2025       USD          796         1593         2449
01 38385149  14564  M  HIOSCINA BUTI LAND10 X100                   1     44928     56160     11232     44928       000  000  000 2000  000  000         1  7598008001271       22003896       22003896   526028430001  N  0                        T10893 01/05/2025       USD         1835         1835         2449
01 38385149  AP030  M  IBUTANCOL 600/4 X10TA                       2     16461     16970      1018     32922       000  000  000  300  000  000         1  7592601001188       22005445       22005445   526028430001  N  0                        334801 01/01/2026       USD          672         1344         2449
01 38385149  15082  M  SANA 2% CR.VAG. 20GR.                       4      6928      8151      4892     27712       000  000  000 1500  000  000         1  7598127001091       22005656       22005656   526028430001  N  0                        211086 01/10/2024       USD          283         1132         2449
02 38385149         30        350291           000           000        350291    0    0    0  000    0    0    0   10/04/2023 8:06:25 p. m.   PR           000           000             0             9           USD         2449        14303
