01 38401747  15444  M  ACICLOVIR SGG5% CR. 20GR.                   2      8551      8551       000     17102       000  000  000  000  000  000         1  7596347802993       22016715       22016715   526204970001  N  0                      LA2V0325 01/03/2025       USD          348          697         2454
01 38401747  17780  M  AMLO VALSA VC5/160 X10TA                    1      9828      9828       000      9828       000  000  000  000  000  000         1  8908009257758       22016229       22016229   526204970001  N  0                     VGT220031 01/03/2025       USD          400          400         2454
01 38401747  VA012  M  ANTIFOM 40MG. X10CO                         2     11544     11544       000     23088       000  000  000  000  000  000         1  7592349722925       22016229       22016229   526204970001  N  0                       2209023 01/09/2024       USD          470          941         2454
01 38401747  16569  M  CLOTRIMAZ TIA2% CR. 30GR.                   6      5736      5736       000     34416       000  000  000  000  000  000         1  8904250520764       22016229       22016229   526204970001  N  0                       ES22021 01/07/2025       USD          234         1402         2454
01 38401747  LT073  M  DICLOFENAC P. GN 50 X30CO                   3      4220      4944      2172     12660       000  000  300 1200  000  000         1  7591585379245       22015900       22015900   526204970001  N  0                           786 01/10/2025       USD          172          516         2454
01 38401747  17205  M  DICLOFENAC S. AL50 10SUP                    2      6028      6698      1340     12056       000  000  000 1000  000  000         1  7597758000879       22016715       22016715   526204970001  N  0                      A1ABM013 01/11/2024       USD          246          491         2454
01 38401747  16564  M  FUROSEMIDA DH 20/2ML X10A                   1      9305      9305       000      9305       000  000  000  000  000  000         1 17709146799358       22015900       22015900   526204970001  N  0                         22083 01/06/2024       USD          379          379         2454
01 38401747  GB850  M  GLICERINA GC SUPOS.AD. X6                   2     13503     13503       000     27006       000  000  000  000  000  000         1  7592349923957       22016229       22016229   526204970001  N  0                       2208178 01/08/2024       USD          550         1100         2454
01 38401747  VA619  M  HENOVIC SOL.ORAL GOTAS 30ML                 2     15839     15839       000     31678       000  000  000  000  000  000         1  7592349722963       22016229       22016229   526204970001  N  0                       2211044 01/11/2024       USD          645         1291         2454
01 38401747  PO550  M  MILAX POLVO 120GR.                          2     14560     14560       000     29120       000  000  000  000  000  000         1  7592806132038       22016229       22016229   526204970001  N  0                        210191 01/10/2025       USD          593         1187         2454
02 38401747         23        206259           000           000        206259    0    0    0  000    0    0    0   14/04/2023 4:29:19 p. m.   PR           000           000             0            10           USD         2454         8405
