01 38417449  12570  M  BUDECORT SOL.P INHAL10ML.                   3     22567     22567       000     67701       000  000  000  000  000  000         1  7591196007162       22025091       22025091   526352040001  N  0                        023600 01/02/2025       USD          919         2757         2456
01 38417449  FA017  M  FITEX 20MG. X2TA                            6      5764      5764       000     34584       000  000  000  000  000  000         1  7591821904309       22025091       22025091   526352040001  N  0                       2209347 01/10/2024       USD          235         1408         2456
01 38417449  CO105  M  MIOVIT X30 GRAGEAS                          1     16114     16114       000     16114       000  000  000  000  000  000         1  7591818118047       22024694       22024694   526352040001  N  0                         20390 01/09/2025       USD          656          656         2456
01 38417449  FA514  M  NEURIXA 75MG. X14CA                         3     10660     10660       000     31980       000  000  000  000  000  000         1  7591821903616       22025091       22025091   526352040001  N  0                       2210341 01/10/2024       USD          434         1302         2456
01 38417449  LO524  M  OPAT SOL.OFT. 0,1% 5CC.                     2     13303     13303       000     26606       000  000  000  000  000  000         1  7591196003942       22023572       22023572   526352040001  N  0                        092832 01/09/2024       USD          542         1083         2456
01 38417449  FA249  M  RINOLAST D SUSP. 120CC.                     1     23140     23140       000     23140       000  000  000  000  000  000         1  7591821901377       22023572       22023572   526352040001  N  0                      22302331 01/02/2025       USD          942          942         2456
01 38417449  RZ350  M  SECNIDEX 500MG. X4TA                        6      3744      3744       000     22464       000  000  000  000  000  000         1  7594001101475       22024694       22023572   526352040001  N  0                          6778 01/12/2027       USD          152          915         2456
01 38417449  RZ350  M  SECNIDEX 500MG. X4TA                        6      3744      3744       000     22464       000  000  000  000  000  000         1  7594001101475       22023572       22023572   526352040001  N  0                          6778 01/12/2027       USD          152          915         2456
01 38417449  LO730  M  TODEX UNG.OFT. 7,5GR.                       1     14668     14668       000     14668       000  000  000  000  000  000         1  7591196000897       22024694       22024694   526352040001  N  0                       0872561 01/08/2024       USD          597          597         2456
02 38417449         29        259721           000           000        259721    0    0    0  000    0    0    0   20/04/2023 5:32:17 p. m.   PR           000           000             0             8           USD         2456        10575
