01 38429716  BQ190  M  FERCOR COMP. CAPS. X30                      2      8752      8752       000     17504       000  000  000  000  000  000         1  7594000850206       22032799       22032799   526504770001  N  0                        230223 01/02/2025       USD          355          710         2465
01 38429716  11479  M  FOSFOLIT SOL.ORAL 45ML.                     1     25838     25838       000     25838       000  000  000  000  000  000         1  7592349723595       22032799       22032799   526504770001  N  0                       2209012 01/09/2024       USD         1048         1048         2465
01 38429716  VA619  M  HENOVIC SOL.ORAL GOTAS 30ML                 2     12671     15839      6336     25342       000  000  000 2000  000  000         1  7592349722963       22032799       22032799   526504770001  N  0                       2211044 01/11/2024       USD          514         1028         2465
01 38429716  GN151  M  IBUPROFENO GN100 SUSP.90                    2      4729      4729       000      9458       000  000  000  000  000  000         1  7591585277701       22032799       22032799   526504770001  N  0                           110 01/02/2025       USD          192          384         2465
01 38429716  AY256  C  JER INSUL 30X1/2 KX X100                    1     28405     29900      1495     28405      4545  000  000  500  000  000         1 10813333013916       22032799       22032799   526504770001  N  0                        211130 01/12/2026       USD         1152         1152         2465
01 38429716  14495  A  LACTOVAC SUSP.PED. 12ML.                    3      7985      7985       000     23955      3833  000  000  000  000  000         1  7596855001031       22032799       22032799   526504770001  N  0                   P0206230322 01/11/2023       USD          324          972         2465
01 38429716  13087  N  LECHE MAGN. BF ORIG.120ML                   1     12740     12740       000     12740       000  000  000  000  000  000         1  7591616000902       22032799       22032799   526504770001  N  0                        132701 01/01/2025       USD          517          517         2465
01 38429716  18125  M  LOSARTAN P. DP100 X30TA                     3     11690     11690       000     35070       000  000  000  000  000  000         1  7592616576398       22032799       22032799   526504770001  N  0                         21199 01/11/2024       USD          474         1423         2465
01 38429716  GN101  M  LOSARTAN P. GN 50MG. X30                    2     10321     10321       000     20642       000  000  000  000  000  000         1  7591585278951       22032799       22032799   526504770001  N  0                           388 01/11/2024       USD          419          837         2465
01 38429716  LT249  M  XYLON 5MG/6,25MG. X30CO                     1     23726     23726       000     23726       000  000  000  000  000  000         1  7591585113313       22032799       22032799   526504770001  N  0                           093 01/12/2024       USD          963          963         2465
02 38429716         18        194275         28405          8378        231058    0    0    0  000    0    0    0   24/04/2023 6:17:04 p. m.   PR           000           000             0            10           USD         2465         9034
