01 38426584  LO184  M  AIRON 5MG. X30TA.MAST.                      4     10122     10122       000     40488       000  000  000  000  000  000         1  7591196002792       22029181       22029181   526475160001  N  0                       I033082 01/03/2025       USD          411         1643         2465
01 38426584  CO003  M  CELAY SOL.ORAL. 100ML.                      2      5646      6273      1254     11292       000  000  000 1000  000  000         1  7591818215050       22030188       22030188   526475160001  N  0                         30053 01/03/2025       USD          229          458         2465
01 38426584  LO120  M  CLARASOL SOL.OFT. 15ML.                     3      3473      5789      6948     10419       000  000  000 4000  000  000         1  7591196000071       22029181       22029181   526475160001  N  0                       I071161 01/07/2024       USD          141          423         2465
01 38426584  LO484  M  CLARIX SOL.NASAL AD.15ML.                   2      9829      9829       000     19658       000  000  000  000  000  000         1  7591196003171       22029181       22029181   526475160001  N  0                       I022332 01/03/2027       USD          399          797         2465
01 38426584  LO119  M  DEXTRAN 70 SOL.OFT. 15ML.                   6      7123      7123       000     42738       000  000  000  000  000  000         1  7591196002624       22029181       22029181   526475160001  N  0                        112438 01/02/2025       USD          289         1734         2465
01 38426584  LO420  M  LACRIDOS SOL.OFT. 15CC.                     3     10407     10407       000     31221       000  000  000  000  000  000         1  7591196000286       22029181       22029181   526475160001  N  0                        112436 01/11/2025       USD          422         1267         2465
01 38426584  FA249  M  RINOLAST D SUSP. 120CC.                     1     23140     23140       000     23140       000  000  000  000  000  000         1  7591821901377       22030434       22030434   526475160001  N  0                      22302331 01/02/2025       USD          939          939         2465
01 38426584  RZ190  M  TIOCHAX 4MG. X12CO                          6      4680      5200      3120     28080       000  000  000 1000  000  000         1  7594001100362       22029181       22029181   526475160001  N  0                          6779 01/12/2025       USD          190         1139         2465
01 38426584  NP049  M  VALPRON 500MG. X60TA                        1     62400     62400       000     62400       000  000  000  000  000  000         1  7591821901995       22030188       22030188   526475160001  N  0                       2202481 01/02/2025       USD         2531         2531         2465
02 38426584         28        269436           000           000        269436    0    0    0  000    0    0    0   24/04/2023 1:36:55 p. m.   PR           000           000             0             9           USD         2465        10930
