01 38426582  17639  M  ARCODEX 120MG. X7TA                         1     12003     12003       000     12003       000  000  000  000  000  000         1  7750215023792       22030188       22030188   526475140001  N  0                       2076002 01/07/2024       USD          487          487         2465
01 38426582  14785  M  ASARAP 15MG. X20CO                          1     20940     20940       000     20940       000  000  000  000  000  000         1  7591585113337       22030378       22030378   526475140001  N  0                           007 01/03/2024       USD          849          849         2465
01 38426582  GN092  M  ATORVASTATINA GN 20X30                      6     11349     11349       000     68094       000  000  000  000  000  000         1  7591585373441       22030421       22030421   526475140001  N  0                           264 01/03/2025       USD          460         2762         2465
01 38426582  14463  M  BROSIDUAL 100/300 X10CABL                   2     12856     12856       000     25712       000  000  000  000  000  000         1   793869810308       22030378       22030378   526475140001  N  0                      22050179 01/05/2024       USD          522         1043         2465
01 38426582  13896  M  CLAVUTRIM 500/125MG X10TA                   2     18944     18944       000     37888       000  000  000  000  000  000         1  7750215026632       22030188       22030188   526475140001  N  0                       2126022 01/12/2024       USD          769         1537         2465
01 38426582  15794  M  DROMETOX 4MG. JBE. 120ML.                   3      5099      5099       000     15297       000  000  000  000  000  000         1  7592616170015       22030188       22030188   526475140001  N  0                         20870 01/09/2024       USD          207          621         2465
01 38426582  EL369  M  FLATORIL GOTAS 20CC.                        1      9955     16591      6636      9955       000  000  000 4000  000  000         1  7591062166191       22030378       22030378   526475140001  N  0                        22091A 01/10/2024       USD          404          404         2465
01 38426582  EL035  M  GENURIN 200MG. X10CO                        2     11375     11375       000     22750       000  000  000  000  000  000         1  7591062901198       22030378       22030378   526475140001  N  0                        23034A 01/02/2026       USD          461          923         2465
01 38426582  15198  N  HEPAGRAS 120MG. X30CA                       1     40053     40053       000     40053       000  000  000  000  000  000         1  7591585216892       22030421       22030421   526475140001  N  0                           007 01/09/2025       USD         1625         1625         2465
01 38426582  11418  M  LODESTAR HCT 50-12,5 30TA                   2     14490     14938       896     28980       000  000  000  300  000  000         1  7591020080972       22030421       22030421   526475140001  N  0                            17 01/10/2024       USD          588         1176         2465
01 38426582  CE120  M  NIOSILIN UNG. 20GR.TUBO                     1     10719     12610      1891     10719       000  000  000 1500  000  000         1  7594003280048       22030378       22030378   526475140001  N  0                        211201 01/11/2024       USD          435          435         2465
01 38426582  16102  M  PEPSADEL SUSP.ORAL 120ML.                   2     11687     11687       000     23374       000  000  000  000  000  000         1  7410000703956       22030378       22030378   526475140001  N  0                          2381 01/09/2025       USD          474          948         2465
01 38426582  16848  M  POLANTAC X10TA                              1     10808     10808       000     10808       000  000  000  000  000  000         1  7592348227025       22030378       22030378   526475140001  N  0                       2209077 01/09/2025       USD          438          438         2465
01 38426582  14376  M  PORTIL 1/0,1/0,04 CR.20GR                   6      6367      6367       000     38202       000  000  000  000  000  000         1  7750215998441       22029181       22029181   526475140001  N  0                       2064002 01/06/2026       USD          258         1550         2465
01 38426582  DP720  M  SULFADIAZINA P.DP CR.30GR                   2      8713      8713       000     17426       000  000  000  000  000  000         1  7592616480015       22029181       22029181   526475140001  N  0                         30222 01/02/2025       USD          353          707         2465
01 38426582  16680  M  SYNACEF 1000MG.PPSI 1VIAL                  12      2730      2730       000     32760       000  000  000  000  000  000         1  8908010762517       22029181       22029181   526475140001  N  0                         EP187 01/10/2024       USD          111         1329         2465
01 38426582  EL775  M  TALZIC SOL.GOTAS 20ML.                      2      4962      4962       000      9924       000  000  000  000  000  000         1  7591062016670       22030378       22030378   526475140001  N  0                        23003A 01/01/2025       USD          201          403         2465
01 38426582  EL184  M  TALZIC SOL.ORAL 120ML.                      4      6065      6065       000     24260       000  000  000  000  000  000         1  7591062016649       22030188       22030188   526475140001  N  0                        23041A 01/02/2025       USD          246          984         2465
02 38426582         51        449145           000           000        449145    0    0    0  000    0    0    0   24/04/2023 1:36:51 p. m.   PR           000           000             0            18           USD         2465        18221
