01 38495762  GQ107  M  ACETAMINOFEN ELTER JBE120                   4      6078      6078       000     24312       000  000  000  000  000  000         1  7592454003100       22068657       22068657   527178470001  N  0                       3503230 01/02/2026       USD          239          956         2544
01 38495762  12523  M  ARESAN 20MG X30TA                           1     16250     16250       000     16250       000  000  000  000  000  000         1  7591243802092       22067216       22067216   527178470001  N  0                       9367502 01/01/2025       USD          639          639         2544
01 38495762  PA275  M  BETAGEN SOLSPEN 1ML.1AMP.                   5     13728     15600      9360     68640       000  000  000 1200  000  000         1  7591243804409       22065465       22065465   527178470001  N  0                         93602 01/09/2024       USD          540         2698         2544
01 38495762  QO160  M  BROXOL FLEM AD. 120CC.                      2     14032     14032       000     28064       000  000  000  000  000  000         1  7592454000437       22065640       22065640   527178470001  N  0                       3503052 01/01/2025       USD          552         1103         2544
01 38495762  11895  M  BUCOXOLGAR STO FRU.RO120                    1      7150      7150       000      7150       000  000  000  000  000  000         1  7592454891332       22065640       22065640   527178470001  N  0                       3501433 01/05/2024       USD          281          281         2544
01 38495762  AO180  M  CALOXPIRINA 81MG. X30TA                     3      7390      8694      3912     22170       000  000  000 1500  000  000         1  7591519008487       22065640       22065640   527178470001  N  0                         33298 01/08/2025       USD          290          871         2544
01 38495762  GQ224  M  CETIRIZINA ELTER JBE60CC.                   6      4259      4732      2838     25554       000  000  000 1000  000  000         1  7592454138239       22065640       22065640   527178470001  N  0                       3503551 01/04/2026       USD          167         1004         2544
01 38495762  KL053  M  CORENTEL 1,25MG. X30CO                      2     12090     12090       000     24180       000  000  000  000  000  000         1  7591619520261       22067782       22067782   527178470001  N  0                          0013 01/01/2026       USD          475          950         2544
01 38495762  12498  M  DESLER M 2,5MG-5MG X10TM                    1     15070     15070       000     15070       000  000  000  000  000  000         1  7592454891240       22065640       22065640   527178470001  N  0                       3503181 01/02/2025       USD          592          592         2544
01 38495762  KL344  M  DORIXINA FLEX 125-5 X10CO                   1     24700     26000      1300     24700       000  000  000  500  000  000         1  7730969306907       22066753       22066753   527178470001  N  0                        M05776 01/10/2024       USD          971          971         2544
01 38495762  17860  M  DUTASTAM 0,5MG/0,4MG.30CA                   1     57395     60416      3021     57395       000  000  000  500  000  000         1  7591519000641       22066753       22066753   527178470001  N  0                      LF28405B 01/07/2024       USD         2256         2256         2544
01 38495762  13885  M  KETOROLACO LS30MG. X4TS                     2      7158      7158       000     14316       000  000  000  000  000  000         1  7703763791569       22067782       22067782   527178470001  N  0                       3299856 01/11/2024       USD          281          563         2544
01 38495762  MK028  M  LANSOPRAZOL +MK30MG.X28CA                   2     12375     12375       000     24750       000  000  000  000  000  000         1  7591519001624       22067782       22067782   527178470001  N  0                         33349 01/09/2025       USD          486          973         2544
01 38495762  AH295  M  LASIX 20MG. X24CO                           3      7689      9611      5766     23067       000  000  000 2000  000  000         1  7591519317411       22067782       22067782   527178470001  N  0                         33172 01/09/2025       USD          302          907         2544
01 38495762  GP210  M  RIDAL 3MG. X20CO                            2     19240     19240       000     38480       000  000  000  000  000  000         1  7594000490624       22068657       22068657   527178470001  N  0                          0013 01/02/2025       USD          756         1513         2544
01 38495762  PA053  M  TAMOA 250MG. X6CO.MAST.                     2     14950     14950       000     29900       000  000  000  000  000  000         1  7591243849622       22067782       22067782   527178470001  N  0                       9365504 01/11/2024       USD          588         1175         2544
02 38495762         38        443998           000           000        443998    0    0    0  000    0    0    0   15/05/2023 2:25:00 p. m.   PR           000           000             0            16           USD         2544        17453
