01 38514201  LT810  M  ARTRODAR 50MG. X30CA                        1     42604     42604       000     42604       000  000  000  000  000  000         1  7591585213402       22078108       22078108   527344590001  N  0                           330 01/02/2027       USD         1645         1645         2590
01 38514201  GT119  M  ASAPROL 81MG. X100CO                        3     24022     24765      2229     72066       000  000  000  300  000  000         1  7591585261236       22077301       22077301   527344590001  N  0                           199 01/01/2025       USD          927         2782         2590
01 38514201  GT005  M  ASAPROL 81MG. X40CO                         6     10685     11015      1980     64110       000  000  000  300  000  000         1  7591585561237       22078108       22078108   527344590001  N  0                           203 01/02/2025       USD          413         2475         2590
01 38514201  GN176  M  CARBAMAZEPINA GN 200X30CO                   2     13280     13280       000     26560       000  000  000  000  000  000         1  7591585278265       22078108       22078108   527344590001  N  0                           350 01/08/2027       USD          513         1025         2590
01 38514201  GN146  M  ENALAPRIL GN 20MG. X30CO                    2      4620      4620       000      9240       000  000  000  000  000  000         1  7591585378538       22077301       22077301   527344590001  N  0                           439 01/10/2024       USD          178          357         2590
01 38514201  LQ170  N  FEMIVITAL CAPS. X30                         1     28600     28600       000     28600       000  000  000  000  000  000         1  7592307001444       22078108       22078108   527344590001  N  0                      02031022 01/10/2024       USD         1104         1104         2590
01 38514201  11764  N  GLUCOSAMINA-CHON HP X60CA                   2     20737     24396      7318     41474       000  000  000 1500  000  000         1  7592710000881       22078108       22078108   527344590001  N  0                       0552112 01/12/2025       USD          801         1601         2590
01 38514201  14654  C  PRESERV SENSE CLAS X3                       6      4852      4852       000     29112      4658  000  000  000  000  000         1   742033994634       22077301       22077301   527344590001  N  0                     22SNS002V 01/07/2027       USD          187         1124         2590
01 38514201  LT434  M  PULMOLET SUSP. P.NEB.15CC                   1     18662     18662       000     18662       000  000  000  000  000  000         1  7591585117199       22078108       22078108   527344590001  N  0                           035 01/01/2025       USD          721          721         2590
01 38514201  14737  M  STONEX PLUS 10MEQ X30TA                     6     27438     27438       000    164628       000  000  000  000  000  000         1   712155555723       22077336       22077336   527344590001  N  0                       B23A006 01/02/2025       USD         1059         6356         2590
02 38514201         30        467944         29112          4658        501714    0    0    0  000    0    0    0   19/05/2023 12:26:13 p. m.   PR           000           000             0            10           USD         2590        19191
