01 38581945  13895  M  AMOXI+AC POR250/62.5 60ML                   3     18581     18581       000     55743       000  000  000  000  000  000         1  7750215007204       22114841       22114841   528016470001  N  0                       2041613 01/04/2025       USD          688         2063         2702
01 38581945  LT021  M  DIMAVYL MET 2/500 X30CO                     1     31247     31247       000     31247       000  000  000  000  000  000         1  7591585212573       22115719       22115719   528016470001  N  0                           099 01/09/2024       USD         1156         1156         2702
01 38581945  15422  M  HIDROCLORO BUKA12,5 30TA                    3      6552      6552       000     19656       000  000  000  000  000  000         1   675696260160       22114841       22114841   528016470001  N  0                        HCA603 01/10/2024       USD          242          727         2702
01 38581945  LT037  M  LISILET 10MG. X30CO                         1     25451     25451       000     25451       000  000  000  000  000  000         1  7591585314369       22115566       22115566   528016470001  N  0                           141 01/02/2026       USD          942          942         2702
01 38581945  15199  M  NEUROMIX COMPLE B X3A                       3     10171     10171       000     30513       000  000  000  000  000  000         1  7591585113382       22115566       22115566   528016470001  N  0                           050 01/11/2024       USD          376         1129         2702
01 38581945  16102  M  PEPSADEL SUSP.ORAL 120ML.                   2     12493     12493       000     24986       000  000  000  000  000  000         1  7410000703956       22114841       22114841   528016470001  N  0                          2381 01/09/2025       USD          462          925         2702
01 38581945  12576  M  SALBUTAMOL KMP100 200DOS.                   2     16088     16088       000     32176       000  000  000  000  000  000         1  6921875010892       22115566       22115566   528016470001  N  0                       2207413 01/07/2025       USD          595         1191         2702
01 38581945  LT439  M  TEKRON 200MG. X30CO                         1     56195     56195       000     56195       000  000  000  000  000  000         1  7591585218568       22115566       22115566   528016470001  N  0                           193 01/11/2025       USD         2080         2080         2702
01 38581945  LT930  M  VIASEK 50MG. X2CO                           6      5249      5249       000     31494       000  000  000  000  000  000         1  7591585111005       22114841       22114841   528016470001  N  0                           098 01/09/2025       USD          194         1166         2702
02 38581945         22        307461           000           000        307461    0    0    0  000    0    0    0   12/06/2023 1:21:46 p. m.   PR           000           000             0             9           USD         2702        11379
