01 38628577  PA127  M  BETAGEN 12MG/3ML. X1A                       3     15210     16900      5070     45630       000  000  000 1000  000  000         1  7591243804331       22140843       22140843   528505510001  N  0                         93599 01/02/2025       USD          546         1638         2785
01 38628577  ZW010  N  CENTELLA A. NP X60CA                        1     20208     23774      3566     20208       000  000  000 1500  000  000         1  7592430000185       22141218       22141218   528505510001  N  0                      02010323 01/03/2025       USD          726          726         2785
01 38628577  KL033  M  COROPRES H 8/12,5 X30CO                     2     22100     22100       000     44200       000  000  000  000  000  000         1  7591619520353       22140843       22140843   528505510001  N  0                          0007 01/03/2025       USD          794         1587         2785
01 38628577  KN340  M  CURPINOL 6,25MG. X30CO                      2     14040     14040       000     28080       000  000  000  000  000  000         1  7591955558218       22140843       22140843   528505510001  N  0                          0035 01/11/2025       USD          504         1008         2785
01 38628577  KL264  M  DERMOSUPRIL CR. 0,05% 15GR.                 1     17550     17550       000     17550       000  000  000  000  000  000         1  7591619520865       22140601       22140601   528505510001  N  0                          0004 01/08/2026       USD          630          630         2785
01 38628577  13400  M  GLICAZET 500/2,5 X40TA                      2     25342     25342       000     50684       000  000  000  000  000  000         1  7406076100997       22140843       22140843   528505510001  N  0                        J22032 01/10/2025       USD          910         1820         2785
01 38628577  11623  M  LOSARTAN P. AL50MG. X30TA                   6      5240      5516      1656     31440       000  000  000  500  000  000         1  7597758000138       22140601       22140601   528505510001  N  0                         DL328 01/04/2025       USD          188         1129         2785
01 38628577  12087  M  SULTAMICILINA DAC750 10TA                   2     31317     32965      3296     62634       000  000  000  500  000  000         1  7598578000186       22140601       22140601   528505510001  N  0                          V540 01/03/2024       USD         1124         2249         2785
01 38628577  15660  N  VENACARE 460MG. X30CA                       2     14412     16955      5086     28824       000  000  000 1500  000  000         1  7592710004230       22140843       22140843   528505510001  N  0                       2602701 01/01/2026       USD          517         1035         2785
02 38628577         21        329250           000           000        329250    0    0    0  000    0    0    0   30/06/2023 10:12:52 a. m.   PR           000           000             0             9           USD         2785        11822
