01 38663670  LT810  M  ARTRODAR 50MG. X30CA                        1     46089     46089       000     46089       000  000  000  000  000  000         1  7591585213402       22158994       22158994   528851110001  N  0                           330 01/02/2027       USD         1611         1611         2861
01 38663670  16567  M  CLINFAST 100-200 X3OV.VAG                   2     15646     15646       000     31292       000  000  000  000  000  000         1  8906081306876       22158994       22158994   528851110001  N  0                      B1ARP002 01/05/2025       USD          547         1094         2861
01 38663670  16064  M  CLOBEDET CR.TOP. 15GR.                      6      6370      6370       000     38220       000  000  000  000  000  000         1   745687143311       22158994       22158994   528851110001  N  0                            05 01/02/2025       USD          223         1336         2861
01 38663670  LT073  M  DICLOFENAC P. GN 50 X30CO                   4      5365      5961      2384     21460       000  000  000 1000  000  000         1  7591585379245       22158994       22158994   528851110001  N  0                           788 01/10/2025       USD          188          750         2861
01 38663670  LT021  M  DIMAVYL MET 2/500 X30CO                     1     38429     38429       000     38429       000  000  000  000  000  000         1  7591585212573       22158994       22158994   528851110001  N  0                           101 01/01/2025       USD         1343         1343         2861
01 38663670  10372  M  GYNOMET 15%-4%CR.VAG.40GR                   2     23365     23365       000     46730       000  000  000  000  000  000         1  7591585119131       22159627       22159627   528851110001  N  0                           087 01/10/2024       USD          817         1633         2861
01 38663670  14495  A  LACTOVAC SUSP.PED. 12ML.                    6      9250      9250       000     55500      8880  000  000  000  000  000         1  7596855001031       22159627       22159627   528851110001  N  0                   P0207230524 01/02/2024       USD          323         1940         2861
01 38663670  12750  M  METSIGLIN 500/50 X10CO                      1     15600     20800      5200     15600       000  000  000 2500  000  000         1  7592806134131       22159342       22159342   528851110001  N  0                        203044 01/03/2024       USD          545          545         2861
01 38663670  11164  M  OMEPRAZOL GN 40MG. X10CA                    3      6855      6855       000     20565       000  000  000  000  000  000         1  7591585173881       22159772       22159772   528851110001  N  0                           029 01/08/2024       USD          240          719         2861
01 38663670  17352  C  SECUREZZA PROT.CAMA X10                     1     11746     11746       000     11746      1879  000  000  000  000  000         1  7591353515707       22159342       22159342   528851110001  N  0                      30519204 01/05/2025       USD          411          411         2861
02 38663670         27        313885         11746         10759        336390    0    0    0  000    0    0    0   17/07/2023 11:21:28 a. m.   PR           000           000             0            10           USD         2861        11382
