01 39015150  GN176  M  CARBAMAZEPINA GN 200X30CO                   3     15280     15280       000     45840       000  000  000  000  000  000         1  7591585278265       22175842       22175842   530154020001  N  0                           357 01/03/2028       USD          521         1564         2931
01 39015150  16295  N  CITRATO POTASI BF10%500ML                   6     13840     17300     20760     83040       000  000  000 2000  000  000         1  7591616002937       22173200       22173200   530154020001  N  0                        231804 01/06/2026       USD          472         2833         2931
01 39015150  13896  M  CLAVUTRIM 500/125MG X10TA                   3     24367     24367       000     73101       000  000  000  000  000  000         1  7750215026632       22173146       22173146   530154020001  N  0                       2110412 01/11/2024       USD          831         2494         2931
01 39015150  11004  M  DOBRACID LP 300MG. X30CO                    2     38761     38761       000     77522       000  000  000  000  000  000         1  7591585114327       22173146       22173146   530154020001  N  0                           034 01/09/2025       USD         1322         2645         2931
01 39015150  11083  M  FLOMED SOL.BUCAL AER45ML.                   2     11730     11730       000     23460       000  000  000  000  000  000         1  7591062901129       22174648       22174648   530154020001  N  0                        23071A 01/03/2026       USD          400          800         2931
01 39015150  DP950  M  IBUPROFEN DP100 SUSP.60                     6      4931      5801      5220     29586       000  000  000 1500  000  000         1  7592616221014       22174648       22174648   530154020001  N  0                         30455 01/05/2026       USD          168         1009         2931
01 39015150  LN165  M  MADECASSOL 2% POLVO 5GR.                    2     19013     21126      4226     38026       000  000  000 1000  000  000         1  7592348218108       22174648       22174648   530154020001  N  0                       2301043 01/01/2028       USD          649         1297         2931
01 39015150  15199  M  NEUROMIX COMPLE B X3A                       6     12896     12896       000     77376       000  000  000  000  000  000         1  7591585113382       22173146       22173146   530154020001  N  0                           053 01/12/2024       USD          440         2640         2931
01 39015150  GN103  M  PANTOPRAZOL GN40MG. X10CO                   2      8844      8844       000     17688       000  000  000  000  000  000         1  7591585370280       22174771       22174771   530154020001  N  0                           054 01/10/2024       USD          302          603         2931
01 39015150  DP720  M  SULFADIAZINA P.DP CR.30GR                   3     10279     10279       000     30837       000  000  000  000  000  000         1  7592616480015       22174648       22174648   530154020001  N  0                         30337 01/05/2025       USD          351         1052         2931
01 39015150  EL184  M  TALZIC SOL.ORAL 120ML.                      3      8005      8005       000     24015       000  000  000  000  000  000         1  7591062016649       22173146       22173146   530154020001  N  0                        23088A 01/05/2025       USD          273          819         2931
02 39015150         38        520491           000           000        520491    0    0    0  000    0    0    0   28/07/2023 4:04:21 p. m.   PR           000           000             0            11           USD         2931        17758
