01 39027684  12164  M  ANTICONCEPTI BM3-0,03 X21                   2     12012     17160     10296     24024       000  000  000 3000  000  000         1  6930169708360       22181597       22181597   530280060001  N  0                        211003 01/10/2024       USD          406          811         2962
01 39027684  15085  M  COMPLEJO MULTIVIT.BM X30                    3      6864      6864       000     20592       000  000  000  000  000  000         1  7598127001213       22181133       22181133   530280060001  N  0                        211026 01/10/2024       USD          232          695         2962
01 39027684  15085  M  COMPLEJO MULTIVIT.BM X30                    1      6864      6864       000      6864       000  000  000  000  000  000         1  7598127001213       22181170       22181170   530280060001  N  0                        211026 01/10/2024       USD          232          232         2962
01 39027684  GQ744  M  DESLORATADINA ELTER 5 X10                   4      4583      5456      3492     18332       000  000  000 1600  000  000         1  7592454001311       22181597       22181597   530280060001  N  0                       3502702 01/10/2024       USD          155          619         2962
01 39027684  GQ364  M  GLIMEPIRIDE ELTER2MG. X16                   3      7499      8927      4284     22497       000  000  000 1600  000  000         1  7703763165056       22181133       22181133   530280060001  N  0                       3503136 01/02/2025       USD          253          760         2962
01 39027684  GQ364  M  GLIMEPIRIDE ELTER2MG. X16                   1      7499      8927      1428      7499       000  000  000 1600  000  000         1  7703763165056       22181170       22181170   530280060001  N  0                       3503136 01/02/2025       USD          253          253         2962
01 39027684  14972  M  KETOROLACO ADN IM/IV X10A                   1     18578     20194      1616     18578       000  000  000  800  000  000         1  8904187828292       22181133       22181133   530280060001  N  0                        N21106 01/04/2025       USD          627          627         2962
01 39027684  16853  N  OMEGEL 1000MG. X30CA.BL                     3     17968     18902      2802     53904       000  000  300  200  000  000         1  7592432000244       22182286       22182286   530280060001  N  0                        220166 01/06/2025       USD          607         1820         2962
01 39027684  MK054  M  OMEPRAZOL +MK 20MG. X28CA                   3      9683     12104      7263     29049       000  000  000 2000  000  000         1  7591519001907       22181133       22181133   530280060001  N  0                         33193 01/10/2024       USD          327          981         2962
01 39027684  MK054  M  OMEPRAZOL +MK 20MG. X28CA                   1      9683     12104      2421      9683       000  000  000 2000  000  000         1  7591519001907       22181170       22181170   530280060001  N  0                         33193 01/10/2024       USD          327          327         2962
02 39027684         22        211022           000           000        211022    0    0    0  000    0    0    0   02/08/2023 3:46:55 p. m.   PR           000           000             0            10           USD         2962         7124
