01 39021187  QM200  M  BUMETIN RETARD300MG.X20TA                   2     29851     29851       000     59702       000  000  000  000  000  000         1  7703763861002       22176764       22176764   530196630001  N  0                       3503274 01/03/2025       USD         1012         2023         2951
01 39021187  13590  M  CARVEDILOL 6,25MG X30TA                     2     10629     11188      1118     21258       000  000  000  500  000  000         1  7703763712724       22177543       22177543   530196630001  N  0                       3312168 01/05/2025       USD          360          720         2951
01 39021187  16939  M  CARVEDILOL BM6,25 X30TA                     2      4805      6864      4118      9610       000  000  000 3000  000  000         1  7598127001626       22177543       22177543   530196630001  N  0                        211287 01/12/2024       USD          163          326         2951
01 39021187  13591  M  CARVEDILOL LS12,5MG.X30TA                   2     13393     13393       000     26786       000  000  000  000  000  000         1  7703763576586       22177543       22177543   530196630001  N  0                       3304264 01/11/2024       USD          454          908         2951
01 39021187  15368  M  LEVOFLOXACIN 750MG. X5TA                    3      4452      4839      1161     13356       000  000  000  800  000  000         1  8906109691250       22177731       22177731   530196630001  N  0                      E2109013 01/08/2024       USD          151          453         2951
01 39021187  14578  M  NIFEDIPINA LAND20 X100TA                    1     15368     17076      1708     15368       000  000  000 1000  000  000         1  7598008001608       22176764       22176764   530196630001  N  0                       T20633A 01/07/2025       USD          521          521         2951
01 39021187  15425  M  OLMESARTAN BUKA20 X30TA                     2      8450      8450       000     16900       000  000  000  000  000  000         1   675696260184       22176764       22176764   530196630001  N  0                        OSN305 01/02/2025       USD          286          573         2951
01 39021187  13914  M  OLMESARTAN LS20MG. X30TA                    2     14164     14164       000     28328       000  000  000  000  000  000         1  7592454003285       22176764       22176764   530196630001  N  0                       3504302 01/06/2025       USD          480          960         2951
01 39021187  11554  M  PANTOPRAZOL VP 20MG.X10TA                   3      6514      6514       000     19542       000  000  000  000  000  000         1  7703153034726       22176764       22176764   530196630001  N  0                       1432087 01/07/2024       USD          221          662         2951
01 39021187  13120  M  TAMSULOSINA BM0,4MG.X30TA                   2      9724     11440      3432     19448       000  000  000 1500  000  000         1  6972718560029       22177214       22177214   530196630001  N  0                        210735 01/07/2024       USD          330          659         2951
01 39021187  16781  M  VAXIDUO 100/400 X7OV.VAG.                   2     19698     19698       000     39396       000  000  000  000  000  000         1  7703153041205       22177214       22177214   530196630001  N  0                       1444957 01/12/2024       USD          668         1335         2951
02 39021187         23        269694           000           000        269694    0    0    0  000    0    0    0   31/07/2023 6:04:26 p. m.   PR           000           000             0            11           USD         2951         9139
