01 39087955  MK669  M  ACETAMINOFEN +MK650 X10TA                   6      2675      3147      2832     16050       000  000  000 1500  000  000         1  7591519005264        2928391       22212356   530878710001  N  0                         33924 01/03/2026       USD          084          501         3201
01 39087955  QO170  M  BROXOL FLEM PED. 120CC.                     2     14983     16286      2606     29966       000  000  000  800  000  000         1  7592454000444        2928391       22212356   530878710001  N  0                       3503478 01/03/2025       USD          468          936         3201
01 39087955  MK173  M  CAPTOPRIL +MK25MG. X30TA                    2      7726      7726       000     15452       000  000  000  000  000  000         1  7591519051285        2928391       22212356   530878710001  N  0                         33861 01/02/2026       USD          241          483         3201
01 39087955  VP990  M  CEVAX 500MG. X30CA.BLA                      2     12793     14537      3488     25586       000  000  000 1200  000  000         1  7592432007649        2928391       22212356   530878710001  N  0                        230055 01/03/2025       USD          400          799         3201
01 39087955  GQ114  M  FLUDIL 10MG. X20TA                          3     16588     20229     10923     49764       000  000  000 1800  000  000         1  7592454345057        2928391       22212356   530878710001  N  0                       3503300 01/03/2026       USD          518         1555         3201
01 39087955  13211  M  IVAGAN 650/1/40 25B.X4TA                    1     76782     85313      8531     76782       000  000  000 1000  000  000         1  7591243826814        2929295       22212855   530878710001  N  0                         93384 01/03/2025       USD         2399         2399         3201
01 39087955  PA814  M  IVAGAN FORTE TAB. X10                       2      7605      8450      1690     15210       000  000  000 1000  000  000         1  7591243826777        2929295       22212855   530878710001  N  0                       9338304 01/11/2024       USD          238          475         3201
01 39087955  15368  M  LEVOFLOXACIN 750MG. X5TA                    6      4726      5242      3096     28356       000  000  200  800  000  000         1  8906109691250        2929295       22212855   530878710001  N  0                      E2109013 01/08/2024       USD          148          886         3201
01 39087955  14575  M  METOCLOPRAMI LAN10 X100TA                   1     15766     17518      1752     15766       000  000  000 1000  000  000         1  7598008001578        2928391       22212356   530878710001  N  0                       T20630A 01/07/2025       USD          493          493         3201
02 39087955         25        272932           000           000        272932    0    0    0  000    0    0    0   23/08/2023 3:59:00 p. m.   PR           000           000             0             9           USD         3201         8526
