01 39100109  PO115  M  ALGOREN 10MG. X20TA                         1      7904      8320       416      7904       000  000  000  500  000  000         1  7592806133011        2940666       22220235   531006460001  N  0                        304046 01/04/2028       USD          244          244         3234
01 39100109  18081  M  ATORVASTATINA BM40 X30TA                    3      6760     13520     20280     20280       000  000  000 5000  000  000         1  7598127001268        2940666       22220235   531006460001  N  0                        220664 01/06/2025       USD          209          627         3234
01 39100109  18081  M  ATORVASTATINA BM40 X30TA                    1      6760     13520      6760      6760       000  000  000 5000  000  000         1  7598127001268       22220438       22220438   531006460001  N  0                        220664 01/06/2025       USD          209          209         3234
01 39100109  16939  M  CARVEDILOL BM6,25 X30TA                     2      3786      5408      3244      7572       000  000  000 3000  000  000         1  7598127001626        2940400       22220102   531006460001  N  0                        211287 01/12/2024       USD          117          234         3234
01 39100109  12144  M  CEFIXIMA BM100MG.PPSO60ML                   2     14365     16900      5070     28730       000  000  000 1500  000  000         1  6930169708087        2939298       22219374   531006460001  N  0                        220451 01/04/2025       USD          444          888         3234
01 39100109  17357  A  COLAGENO+C NS450/10 X30CA                   2     20347     20976      1258     40694      6511  000  000  300  000  000         1   646824206039        2940400       22220102   531006460001  N  0                         42956 01/12/2025       USD          629         1258         3234
01 39100109  18461  M  DICLODAC 1,16% GEL 30GR.                    2      4810      4810       000      9620       000  000  000  000  000  000         1  7598578000575        2940666       22220235   531006460001  N  0                          3020 01/01/2026       USD          149          297         3234
01 39100109  16283  M  NEUTROX SUSP.ORAL 240ML.                    2     17469     21304      7670     34938       000  000  000 1800  000  000         1  7591616002043        2939298       22219374   531006460001  N  0                        135404 01/05/2025       USD          540         1080         3234
01 39100109  EL555  M  TANTUM NEBULIZADOR 45 CC.                   1     20236     20236       000     20236       000  000  000  000  000  000         1  7591062011613        2938328       22218866   531006460001  N  0                        23100A 01/06/2027       USD          626          626         3234
01 39100109  EL245  M  TANTUM TOP. BUCAL 240 CC.                   1     14309     14309       000     14309       000  000  000  000  000  000         1  7591062011538        2938328       22218866   531006460001  N  0                        23021A 01/02/2025       USD          442          442         3234
02 39100109         17        191043           000          6511        197554    0    0    0  000    0    0    0   28/08/2023 2:39:20 p. m.   PR           000           000             0            10           USD         3234         5907
