01 39120931  MK669  M  ACETAMINOFEN +MK650 X10TA                   6      2755      3241      2916     16530       000  000  000 1500  000  000         1  7591519005264        2957138       22230836   531226090001  N  0                         33970 01/04/2026       USD          084          504         3282
01 39120931  MK066  M  AMLODIPINA +MK5MG. X30TA                    2      7329      8622      2586     14658       000  000  000 1500  000  000         1  7591519001655        2955131       22229607   531226090001  N  0                         34096 01/06/2027       USD          223          447         3282
01 39120931  11801  M  ANTAAR HCT 2,5-6,25 X30TA                   2     19215     19215       000     38430       000  000  000  000  000  000         1  7591519317367        2955131       22229607   531226090001  N  0                         33982 01/03/2026       USD          585         1171         3282
01 39120931  PA054  M  BETADERM PLUS CREMA 15GR.                   2     16835     16835       000     33670       000  000  000  000  000  000         1  7591243804164        2955785       22230007   531226090001  N  0                       9371902 01/05/2025       USD          513         1026         3282
01 39120931  17874  M  BETADUO 6,430/2,631 X1AMP                   3      9300      9300       000     27900       000  000  000  000  000  000         1  7703153041212        2955785       22230007   531226090001  N  0                       1463799 01/06/2025       USD          283          850         3282
01 39120931  17277  M  CLONEDAC CREMA 20GR.                        3      8658      8658       000     25974       000  000  000  000  000  000         1  7598578000117        2955785       22230007   531226090001  N  0                          2192 01/03/2024       USD          264          791         3282
01 39120931  12380  M  GABAPENTINA 300MG X30TA                     2     11148     11148       000     22296       000  000  000  000  000  000         1  7598176000076        2955785       22230007   531226090001  N  0                    BNC1222008 01/11/2025       USD          340          679         3282
01 39120931  PA007  M  IVAGAN GRAG. X 10                           3      7150      7150       000     21450       000  000  000  000  000  000         1  7591243826708        2957138       22230836   531226090001  N  0                       9354701 01/03/2025       USD          218          654         3282
01 39120931  12015  M  OMEPRAZOL DAC20MG. X20CA                    2      5051      5051       000     10102       000  000  000  000  000  000         1  7598578000179        2955131       22229607   531226090001  N  0                          2500 01/10/2025       USD          154          308         3282
01 39120931  MK409  M  SECNIDAZOL +MK 1GR. X 2                     6      9065     10072      6042     54390       000  000  000 1000  000  000         1  7591519003918        2955785       22230007   531226090001  N  0                         34164 01/05/2026       USD          276         1657         3282
01 39120931  15191  M  SILDEX 100MG. X1TA                          6      2779      3250      2826     16674       000  000  500 1000  000  000         1  7594001101642        2955785       22230007   531226090001  N  0                          6868 01/03/2025       USD          085          508         3282
01 39120931  15192  M  SILDEX 100MG. X2TA                          6      4335      5070      4410     26010       000  000  500 1000  000  000         1  7594001101659        2955785       22230007   531226090001  N  0                          6951 01/04/2025       USD          132          793         3282
01 39120931  13491  M  VALSARTAN 160MG X10 TAB                     2      7280      7280       000     14560       000  000  000  000  000  000         1  7598176000236        2955131       22229607   531226090001  N  0                       22T0864 01/07/2025       USD          222          444         3282
02 39120931         45        322644           000           000        322644    0    0    0  000    0    0    0   04/09/2023 11:34:37 a. m.   PR           000           000             0            13           USD         3282         9831
