01 39132822  GN051  M  ATORVASTATINA GN40 X10CO                    2     11951     11951       000     23902       000  000  000  000  000  000         1  7591585273451        2965096       22235863   531336510001  N  0                           151 01/11/2025       USD          361          722         3311
01 39132822  PO185  M  BACTRON TAB. X20                            3     15642     16640      2994     46926       000  000  000  600  000  000         1  7592806133073        2965096       22235863   531336510001  N  0                        302017 01/02/2028       USD          472         1417         3311
01 39132822  EL524  M  BRUGESICFORTE 200SUSP60ML                   2      9552      9552       000     19104       000  000  000  000  000  000         1  7591062013082        2963271       22234866   531336510001  N  0                        23072A 01/04/2026       USD          288          577         3311
01 39132822  LN105  C  DIADEX CREMA 50GR.                          2      7719      7719       000     15438      2470  000  000  000  000  000         1  7592348208017        2965096       22235863   531336510001  N  0                      32322029 01/11/2025       USD          233          466         3311
01 39132822  EL035  M  GENURIN 200MG. X10CO                        2     18324     18324       000     36648       000  000  000  000  000  000         1  7591062901198        2965096       22235863   531336510001  N  0                        23111A 01/07/2026       USD          553         1107         3311
01 39132822  16674  M  GLUCOPHAGE XR500 X30TA                      1     19841     26455      6614     19841       000  000  000 2500  000  000         1  7404000043280        2965096       22235863   531336510001  N  0                      BR142726 01/03/2024       USD          599          599         3311
01 39132822  BA970  M  GYNOTRAN CR.VAG. 40GR.                      1     26035     34713      8678     26035       000  000  000 2500  000  000         1  7401078990201        2965096       22235863   531336510001  N  0                         34257 01/06/2026       USD          786          786         3311
01 39132822  17831  M  IBECAR 150MG. X30TA                         1     36041     36041       000     36041       000  000  000  000  000  000         1  7591020009294        2965096       22235863   531336510001  N  0                            03 01/06/2025       USD         1089         1089         3311
01 39132822  17479  N  MAGNESIO LIFE 500MG.X60CA                   1     24324     27027      2703     24324       000  000  000 1000  000  000         1  7592710005008        2965096       22235863   531336510001  N  0                       0322408 01/08/2026       USD          735          735         3311
01 39132822  VM011  M  MIRTAZAVAL 30MG. X30TA                      1     31040     31040       000     31040       000  000  000  000  000  000         1  7591020008747        2965096       22235863   531336510001  N  0                            64 01/05/2026       USD          937          937         3311
01 39132822  LT036  M  REMINALET 20/12,5 X30CO                     1     18847     18847       000     18847       000  000  000  000  000  000         1  7591585315809        2963271       22234866   531336510001  N  0                           160 01/08/2025       USD          569          569         3311
01 39132822  LO320  M  TODEX 0,3%-0,1%SU.OF.5ML                    6     10497     11049      3312     62982       000  000  000  500  000  000         1  7591196000514        2963271       22234866   531336510001  N  0                       I063179 01/07/2025       USD          317         1902         3311
02 39132822         23        345690         15438          2470        363598    0    0    0  000    0    0    0   07/09/2023 2:01:54 p. m.   PR           000           000             0            12           USD         3311        10907
