01 39170330  LO179  M  AIRON 10MG. X30TA                           3     18365     18365       000     55095       000  000  000  000  000  000         1  7591196002808        3005538       22252928   531722330001  N  0                       I033010 01/03/2025       USD          543         1629         3383
01 39170330  LO184  M  AIRON 5MG. X30TA.MAST.                      3     14212     14212       000     42636       000  000  000  000  000  000         1  7591196002792        3006634       22253527   531722330001  N  0                       I053544 01/07/2025       USD          420         1260         3383
01 39170330  13482  M  ALOPURINOL ANG100MG.X30TA                   2      9139      9139       000     18278       000  000  000  000  000  000         1  7598176000137        3006634       22253527   531722330001  N  0                       22T0839 01/07/2025       USD          270          540         3383
01 39170330  16213  M  ATORVASTATINA ANG20 X30TA                   4      8848      8848       000     35392       000  000  000  000  000  000         1  7598176000250        3006634       22253527   531722330001  N  0                       22T0840 01/07/2025       USD          262         1046         3383
01 39170330  16939  M  CARVEDILOL BM6,25 X30TA                     3      2839      4056      3651      8517       000  000  000 3000  000  000         1  7598127001626        3007020       22253760   531722330001  N  0                        211287 01/12/2024       USD          084          252         3383
01 39170330  MK087  M  DESLORATADINA +MK5MG. X10                   3      5658      5658       000     16974       000  000  000  000  000  000         1  7591519008210        3006634       22253527   531722330001  N  0                         34174 01/06/2026       USD          167          502         3383
01 39170330  MK953  M  DOL PLUS 20BLIS X4TAB.650                   1     56749     56749       000     56749       000  000  000  000  000  000         1  7591519006599        3005538       22252928   531722330001  N  0                         33655 01/02/2026       USD         1677         1677         3383
01 39170330  LO007  M  LORECORT SOL.ORAL 60ML.                     2     28577     28577       000     57154       000  000  000  000  000  000         1  7591196004475        3005538       22252928   531722330001  N  0                        092763 01/02/2025       USD          845         1689         3383
01 39170330  14255  M  LOSARTAN P. 100MG X30TA                     3     15853     17232      4137     47559       000  000  000  800  000  000         1  7592454891172        3007020       22253760   531722330001  N  0                       3504549 01/07/2025       USD          469         1406         3383
01 39170330  LO105  M  MATILOL 0,50% S.OFT. 6ML.                   3     13244     13244       000     39732       000  000  000  000  000  000         1  7591196001603        3007020       22253760   531722330001  N  0                       I062758 01/07/2024       USD          391         1174         3383
02 39170330         27        378086           000           000        378086    0    0    0  000    0    0    0   21/09/2023 10:35:26 a. m.   PR           000           000             0            10           USD         3383        11176
