01 39184734  GQ107  M  ACETAMINOFEN ELTER JBE120                   6      7281      7914      3798     43686       000  000  000  800  000  000         1  7592454003100        3018057       22259648   531855890001  N  0                       3503797 01/05/2026       USD          214         1284         3402
01 39184734  MK106  M  AMLODIPINA +MK10MG. X30TA                   3      9446      9446       000     28338       000  000  000  000  000  000         1  7591519001648        3017361       22259267   531855890001  N  0                         33624 01/12/2024       USD          278          833         3402
01 39184734  MK048  M  CAPTOPRIL +MK50MG. X10TA                    3      4995      4995       000     14985       000  000  000  000  000  000         1  7591519000290        3017193       22259171   531855890001  N  0                         33857 01/02/2026       USD          147          440         3402
01 39184734  11557  M  DESLER M 5MG/10MG. X10TA                    2     20016     25995     11958     40032       000  000  000 2300  000  000         1  7592454891257        3017193       22259171   531855890001  N  0                       3501262 01/04/2024       USD          588         1177         3402
01 39184734  KL344  M  DORIXINA FLEX 125-5 X10CO                   3     28860     28860       000     86580       000  000  000  000  000  000         1  7591619518671        3018057       22259648   531855890001  N  0                          0061 01/07/2026       USD          848         2545         3402
01 39184734  17860  M  DUTASTAM 0,5MG/0,4MG.30CA                   1     67078     89437     22359     67078       000  000  000 2500  000  000         1  7591519000641        3018057       22259648   531855890001  N  0                      LF28405B 01/07/2024       USD         1972         1972         3402
01 39184734  DP400  M  FLUCONAZOL DP150MG. X2CA                    6      4662      5828      6996     27972       000  000  000 2000  000  000         1  7592616200026        3017230       22259192   531855890001  N  0                         30571 01/05/2025       USD          137          822         3402
01 39184734  13041  M  LETALOP 25MG. X30CO                         2     18321     18321       000     36642       000  000  000  000  000  000         1  7595368004195        3017361       22259267   531855890001  N  0                         17955 01/05/2025       USD          539         1077         3402
01 39184734  GQ424  M  LOSARTAN P.ELTER 50 X14TA                   6      5047      5486      2634     30282       000  000  000  800  000  000         1  7703763190034        3018057       22259648   531855890001  N  0                       3504701 01/08/2025       USD          148          890         3402
01 39184734  RZ190  M  TIOCHAX 4MG. X12CO                          3      7605      8450      2535     22815       000  000  000 1000  000  000         1  7594001100362        3017193       22259171   531855890001  N  0                          7104 01/07/2026       USD          224          671         3402
02 39184734         35        398410           000           000        398410    0    0    0  000    0    0    0   26/09/2023 2:26:24 p. m.   PR           000           000             0            10           USD         3402        11711
