01 39208880  PA385  M  BETADERM  C/GENT. CR.15GR                   2     14300     14300       000     28600       000  000  000  000  000  000         1  7591243804041        3037284       22270210   532108810001  N  0                       9375801 01/06/2025       USD          412          825         3467
01 39208880  PA054  M  BETADERM PLUS CREMA 15GR.                   1     17550     17550       000     17550       000  000  000  000  000  000         1  7591243804164        3038453       22270823   532108810001  N  0                       9376002 01/06/2025       USD          506          506         3467
01 39208880  FA334  M  COLYPAN 300MG. LP X20TA                     2     37275     37275       000     74550       000  000  000  000  000  000         1  7591821902534        3038453       22270823   532108810001  N  0                       2303733 01/04/2026       USD         1075         2150         3467
01 39208880  12585  M  DICLOFENAC S 75/3MLX10AMP                   3      7410      7800      1170     22230       000  000  000  500  000  000         1  6921875010090        3038453       22270823   532108810001  N  0                       2207403 01/07/2025       USD          214          641         3467
01 39208880  CO245  M  EUSILEN 4MG. 2ML. X1KIT                     1      8941      8941       000      8941       000  000  000  000  000  000         1  7591818113028        3038453       22270823   532108810001  N  0                         20453 01/10/2025       USD          258          258         3467
01 39208880  LN165  M  MADECASSOL 2% POLVO 5GR.                    2     20915     23239      4648     41830       000  000  000 1000  000  000         1  7592348218108        3037602       22270417   532108810001  N  0                       2303044 01/03/2028       USD          603         1207         3467
01 39208880  FA514  M  NEURIXA 75MG. X14CA                         3     16120     16120       000     48360       000  000  000  000  000  000         1  7591821903616        3037602       22270417   532108810001  N  0                       2305120 01/05/2025       USD          465         1395         3467
01 39208880  16848  M  POLANTAC X10TA                              2     12106     12106       000     24212       000  000  000  000  000  000         1  7592348227025        3037284       22270210   532108810001  N  0                       2209075 01/09/2025       USD          349          698         3467
01 39208880  11279  N  SENOKOT C.DOCUSATO X10TA                    1     18256     19630      1374     18256       000  000  000  700  000  000         1  7591821210295        3037995       22270615   532108810001  N  0                       2211323 01/01/2025       USD          527          527         3467
01 39208880  DP720  M  SULFADIAZINA P.DP CR.30GR                   2     12032     12032       000     24064       000  000  000  000  000  000         1  7592616480015        3038840       22271041   532108810001  N  0                         30702 01/08/2025       USD          347          694         3467
01 39208880  KV339  M  TERAGRIP FORTE 24H TAB. X14                 1     15284     17368      2084     15284       000  000  000 1200  000  000         1  7591821802414        3037602       22270417   532108810001  N  0                23037602303746 01/04/2025       USD          441          441         3467
02 39208880         20        323877           000           000        323877    0    0    0  000    0    0    0   04/10/2023 9:40:49 a. m.   PR           000           000             0            11           USD         3467         9342
