01 39221461  LO539  M  AFLAMAX 50MG. X20TA                        12      4458      8915     53484     53496       000  000  000 5000  000  000         1  7591196004451        3048409       22276313   532235170001  N  0                       I063493 01/06/2025       USD          128         1535         3486
01 39221461  GQ954  M  BETAHISTINA ELTER16MG.X20                   3     19626     21567      5823     58878       000  000  000  900  000  000         1  7592454002400        3047226       22275700   532235170001  N  0                       3504106 01/06/2025       USD          563         1689         3486
01 39221461  GQ970  M  ENALAPRIL LS10MG. X20CO                     3      3584      3938      1062     10752       000  000  000  900  000  000         1  7592454141109        3047226       22275700   532235170001  N  0                       3504032 01/05/2025       USD          103          308         3486
01 39221461  17551  M  ENALAPRIL PX10MG. X30TA                     2      4810      4810       000      9620       000  000  000  000  000  000         1  7594001101208        3047226       22275700   532235170001  N  0                          7119 01/01/2025       USD          138          276         3486
01 39221461  18310  M  FLEMIBAR 10MG/250MG.X10CO                   2     14123     14560       874     28246       000  000  000  300  000  000         1  7591619000916        3048687       22276445   532235170001  N  0                          0002 01/04/2025       USD          405          810         3486
01 39221461  GQ114  M  FLUDIL 10MG. X20TA                          2     19348     21262      3828     38696       000  000  000  900  000  000         1  7592454345057        3047226       22275700   532235170001  N  0                       3504091 01/06/2026       USD          555         1110         3486
01 39221461  GQ969  M  IRBESARTAN LS150MG. X30TA                   4     19772     21728      7824     79088       000  000  000  900  000  000         1  7592454002554        3048470       22276350   532235170001  N  0                       3504845 01/09/2025       USD          567         2269         3486
01 39221461  KL015  M  RISPERID 1MG. X30CO                         2     19240     19240       000     38480       000  000  000  000  000  000         1  7591619518565        3048754       22276471   532235170001  N  0                          0009 01/06/2026       USD          552         1104         3486
01 39221461  17188  M  TALYSTO 5MG. X30TM                          2     13639     14988      2698     27278       000  000  000  900  000  000         1  7592454003605        3048687       22276445   532235170001  N  0                       3504495 01/07/2025       USD          391          783         3486
02 39221461         32        344534           000           000        344534    0    0    0  000    0    0    0   09/10/2023 11:51:48 a. m.   PR           000           000             0             9           USD         3486         9883
