01 39221101  15212  N  BERRO ABE JBE. 120ML.                       1     10135     11016       881     10135       000  000  000  800  000  000         1  7597134000165        3048409       22276313   532235080001  N  0                          B003 01/05/2025       USD          291          291         3486
01 39221101  16932  M  ELEVEX 20MG.FRESA 1COMAST                   6      2738      2738       000     16428       000  000  000  000  000  000         1  7468999192763        3047615       22275922   532235080001  N  0                        191112 01/11/2024       USD          079          471         3486
01 39221101  16067  M  ESDET 40MG. X30CA                           4     11010     11010       000     44040       000  000  000  000  000  000         1   745687143236        3048470       22276350   532235080001  N  0                       WGC2279 01/06/2024       USD          316         1263         3486
01 39221101  14010  M  FENITOINA PSICO100 X50TA                    2     30493     35874     10762     60986       000  000  000 1500  000  000         1  7501384544225        3048409       22276313   532235080001  N  0                       7910523 01/05/2025       USD          875         1749         3486
01 39221101  15111  M  NEUROMIX COMPLE B X10CO                     2      6023      6023       000     12046       000  000  000  000  000  000         1  7591585113368        3048409       22276313   532235080001  N  0                           030 01/01/2025       USD          173          346         3486
01 39221101  15199  M  NEUROMIX COMPLE B X3A                       2     12676     12804       256     25352       000  000  000  100  000  000         1  7591585113382        3048409       22276313   532235080001  N  0                           055 01/02/2025       USD          364          727         3486
01 39221101  12938  M  PIPERAZINA BQ500MG.120ML.                   2      7025      7025       000     14050       000  000  000  000  000  000         1  7594000850084        3047226       22275700   532235080001  N  0                        230702 01/07/2025       USD          202          403         3486
01 39221101  17665  M  TAMDURIDE 0,4-0,5MG.X30CA                   1     42900     42900       000     42900       000  000  000  000  000  000         1  7599112000181        3046794       22275517   532235080001  N  0                        ZC1610 01/10/2025       USD         1231         1231         3486
01 39221101  18360  M  TAMSULON DUO 0,5/0,4 30CA                   1     68570     69969      1399     68570       000  000  000  200  000  000         1  7730979095310        3048470       22276350   532235080001  N  0                         26191 01/02/2025       USD         1967         1967         3486
02 39221101         21        294507           000           000        294507    0    0    0  000    0    0    0   09/10/2023 11:14:11 a. m.   PR           000           000             0             9           USD         3486         8448
