01 39221104  16790  M  BUTIDE 10MG. 10B.X10TA                      1     70477     70477       000     70477       000  000  000  000  000  000         1  8904306502157        3047615       22275922   532235110001  N  0                         VZ148 01/03/2025       USD         2022         2022         3486
01 39221104  ME150  M  CEBION 1GR. NRJA. X10TE                     2     16772     18636      3728     33544       000  000  000 1000  000  000         1  7702418004399        3048409       22276313   532235110001  N  0                       C221536 01/03/2024       USD          481          962         3486
01 39221104  17052  M  DICLOFENAC S.KMP50 X10TA                   12      1115      1174       708     13380       000  000  000  500  000  000         1  6942189304156        3048409       22276313   532235110001  N  0                        211208 01/12/2024       USD          032          384         3486
01 39221104  15076  M  DOLNIX 75MG. X20CA                          2     12870     12870       000     25740       000  000  000  000  000  000         1  7592803004079        3048687       22276445   532235110001  N  0                       2308169 01/08/2025       USD          369          738         3486
01 39221104  FA018  M  FITEX 20MG. X1TA                            6      2739      3112      2238     16434       000  000  000 1200  000  000         1  7591821904293        3048687       22276445   532235110001  N  0                       2209347 01/10/2024       USD          079          471         3486
01 39221104  LN165  M  MADECASSOL 2% POLVO 5GR.                    2     20915     23239      4648     41830       000  000  000 1000  000  000         1  7592348218108        3047226       22275700   532235110001  N  0                       2303044 01/03/2028       USD          600         1200         3486
01 39221104  15043  N  OMEGA MAX III VW1000 50CB                   1     24561     24561       000     24561       000  000  000  000  000  000         1   708669111333        3048409       22276313   532235110001  N  0                      91642398 01/06/2026       USD          705          705         3486
01 39221104  15043  N  OMEGA MAX III VW1000 50CB                   1     24561     24561       000     24561       000  000  000  000  000  000         1   708669111333        3048409       22276313   532235110001  N  0                      91642398 01/06/2026       USD          705          705         3486
01 39221104  KV204  M  TERAGRIP FORTE GRAN.X6SOB                   1     16388     18623      8940     16388       000  000  000 1200  000  000         1  7591821802490        3048470       22275439   532235110001  N  0                       2211344 01/12/2024       USD          470          470         3486
01 39221104  KV204  M  TERAGRIP FORTE GRAN.X6SOB                   3     16388     18623      8940     49164       000  000  000 1200  000  000         1  7591821802490        3046685       22275439   532235110001  N  0                       2211344 01/12/2024       USD          470         1410         3486
02 39221104         31        316079           000           000        316079    0    0    0  000    0    0    0   09/10/2023 11:14:17 a. m.   PR           000           000             0             9           USD         3486         9067
