01 39260518  16428  M  AMLODIPINA BM10MG. X30TA                   12      3251      5265     24168     39012       000  000  500 3500  000  000         1  7598127001466        3077676       22291948   532625460001  N  0                        210946 01/09/2024       USD          093         1119         3486
01 39260518  12164  M  ANTICONCEPTI BM3-0,03 X21                   3      9337     14040     14109     28011       000  000  500 3000  000  000         1  6930169708360        3077676       22291948   532625460001  N  0                        211003 01/10/2024       USD          268          804         3486
01 39260518  16418  M  ATENOLOL BM100MG. X30TA                     6      4201      6318     12702     25206       000  000  500 3000  000  000         1  7598127001480        3077676       22291948   532625460001  N  0                        211030 01/10/2024       USD          121          723         3486
01 39260518  13123  M  AZITROMICINA BM500MG.X6CA                  12      7503     10530     36324     90036       000  000  500 2500  000  000         1  6972718560043        3077676       22291948   532625460001  N  0                        211214 01/12/2024       USD          215         2583         3486
01 39260518  16433  M  CAPTOPRIL BM25MG. X30TA                    12      2801      4212     16932     33612       000  000  500 3000  000  000         1  7598127001510        3077676       22291948   532625460001  N  0                        210941 01/09/2024       USD          080          964         3486
01 39260518  16939  M  CARVEDILOL BM6,25 X30TA                    12      2801      4212     16932     33612       000  000  500 3000  000  000         1  7598127001626        3077676       22291948   532625460001  N  0                        211287 01/12/2024       USD          080          964         3486
01 39260518  16431  M  CEFADROXILO BM500 X20TA                     6      7469     11232     22578     44814       000  000  500 3000  000  000         1  7598127001534        3077676       22291948   532625460001  N  0                        211033 01/10/2024       USD          214         1286         3486
01 39260518  15260  M  FLUCONAZOL BM150MG. X2CA                   12      3601      4212      7332     43212       000  000  500 1000  000  000         1  7598127001060        3077676       22291948   532625460001  N  0                        221221 01/12/2025       USD          103         1240         3486
01 39260518  11260  M  PEDIACORT SOL.PED. 60ML.                    6     26059     27430      8226    156354       000  000  500  000  000  000         1  7591196006097        3077753       22292005   532625460001  N  0                        053388 01/06/2026       USD          748         4485         3486
02 39260518         81        493869           000           000        493869    0    0    0  000    0    0    0   20/10/2023 1:21:40 p. m.   PR           000           000             0             9           USD         3486        14167
