01 39333218  11801  M  ANTAAR HCT 2,5-6,25 X30TA                   2     22152     22152       000     44304       000  000  000  000  000  000         1  7591519317367        3132948       22322257   533343480001  N  0                         33983 01/03/2026       USD          626         1253         3537
01 39333218  15717  M  ATORVASTATINA FM40 X30TA                    6      8678      9620      5652     52068       000  000  300  700  000  000         1  8906005118783        3132948       22322257   533343480001  N  0                     E13402304 01/05/2026       USD          245         1472         3537
01 39333218  MK939  M  DOMPERIDONA +MK 10 X15                      2      5465      5465       000     10930       000  000  000  000  000  000         1  7591519007428        3133105       22322315   533343480001  N  0                         34267 01/06/2026       USD          155          309         3537
01 39333218  15260  M  FLUCONAZOL BM150MG. X2CA                   12      4072      4524      5424     48864       000  000  000 1000  000  000         1  7598127001060        3133105       22322315   533343480001  N  0                        221221 01/12/2025       USD          115         1382         3537
01 39333218  GQ061  M  LOSARTAN H ETR 100/25 X30                   2     23132     25143      4022     46264       000  000  000  800  000  000         1  7592454889728        3131962       22321714   533343480001  N  0                       3504503 01/07/2025       USD          654         1308         3537
01 39333218  15423  M  LOSARTAN P.BUKA100 X30TA                    6      6318      7020      4212     37908       000  000  000 1000  000  000         1   675696260214        3132672       22322130   533343480001  N  0                       LSN1502 01/10/2024       USD          179         1072         3537
01 39333218  HI240  M  MANITOL 18%SOL.N38 500CC.                   1     25360     26144       784     25360       000  000  000  300  000  000         1  7592637001190        3131962       22321714   533343480001  N  0                       2300273 01/10/2026       USD          717          717         3537
01 39333218  GP870  M  MISELLIM 10MG. X20CO                        1     18649     19630       981     18649       000  000  000  500  000  000         1  7594000491607        3132672       22322130   533343480001  N  0                          0049 01/03/2027       USD          527          527         3537
01 39333218  MK100  M  RISPERIDONA +MK2MG. X20TA                   4     11716     11716       000     46864       000  000  000  000  000  000         1  7591519009255        3132672       22322130   533343480001  N  0                         33871 01/02/2025       USD          331         1325         3537
02 39333218         36        331211           000           000        331211    0    0    0  000    0    0    0   13/11/2023 1:39:28 p. m.   PR           000           000             0             9           USD         3537         9364
