01 39392661  GT005  M  ASAPROL 81MG. X40CO                         6     12639     12639       000     75834       000  000  000  000  000  000         1  7591585561237        3187464       22351907   534104440001  N  0                           212 01/09/2025       USD          355         2131         3558
01 39392661  PO185  M  BACTRON TAB. X20                            2     18135     20150      4030     36270       000  000 1000  000  000  000         1  7592806133073        3187464       22351907   534104440001  N  0                        307104 01/07/2028       USD          510         1019         3558
01 39392661  13423  M  CLORACE JBE PED S/A 120M                    1     18506     18506       000     18506       000  000  000  000  000  000         1  7591818716700        3187464       22351907   534104440001  N  0                         30082 01/04/2027       USD          520          520         3558
01 39392661  FS006  N  CLORURO MAG. FSI33,3G X12                   1     85488     85488       000     85488       000  000  000  000  000  000         1  7592368003432        3187464       22351907   534104440001  N  0                       1123075 01/09/2025       USD         2403         2403         3558
01 39392661  14215  M  DECOBEL 0,5MG. X30TA                        2     11440     11440       000     22880       000  000  000  000  000  000         1  7592806133110        3187464       22351907   534104440001  N  0                        307097 01/07/2025       USD          322          643         3558
01 39392661  LT073  M  DICLOFENAC P. GN 50 X30CO                  12      4969      5123      1848     59628       000  000  000  300  000  000         1  7591585379245        3186803       22351530   534104440001  N  0                           795 01/03/2026       USD          140         1676         3558
01 39392661  18538  M  DICLOFENAC S. VITA75 X10A                   3      8793      8793       000     26379       000  000  000  000  000  000         1  7707236128739        3186803       22351530   534104440001  N  0                       A221162 01/10/2025       USD          247          741         3558
01 39392661  GN146  M  ENALAPRIL GN 20MG. X30CO                    2      6224      6417       386     12448       000  000  000  300  000  000         1  7591585378538        3186803       22351530   534104440001  N  0                           446 01/05/2025       USD          175          350         3558
01 39392661  15111  M  NEUROMIX COMPLE B X10CO                     2      6470      6470       000     12940       000  000  000  000  000  000         1  7591585113368        3187782       22352053   534104440001  N  0                           041 01/08/2025       USD          182          364         3558
01 39392661  CH834  C  CHICCO T.HUM. X48                           2      3292      3292       000      6584      1053  000  000  000  000  000         2  7591061501047        3186803       22351530   534104440002  N  0                      23014232 01/10/2025       USD          093          185         3558
01 39392661  LR140  M  AMOXICILINA LF250MG.SUSP.                   6      9383     12511     18768     56298       000  000  000 2500  000  000         3  7594000020043        3186803       22351530   534104440003  N  0                         L2254 01/11/2025       USD          264         1582         3558
01 39392661  JN110  N  JENGIMIEL JBE.PED. 120ML.                   2     17160     17160       000     34320       000  000  000  000  000  000         3  7592520000026        3186803       22351530   534104440003  N  0                        040323 01/03/2026       USD          482          965         3558
02 39392661         41        440991          6584          1053        448628    0    0    0  000    0    0    0   04/12/2023 2:41:02 p. m.   PR           000           000             0            12           USD         3558        12579
