01 39429429  18463  M  AMOXI AC DAC875/125 X10TA                   2     20041     21320      2558     40082       000  000  000  600  000  000         1  7598578000292        3254692       22371919   534603410001  N  0                      23004581 01/09/2025       USD          562         1124         3565
01 39429429  10729  M  BIOCOR 40MG. X30TA                          1     43816     51548      7732     43816       000  000  000 1500  000  000         1  7591519000122        3254692       22371919   534603410001  N  0                         34099 01/05/2025       USD         1229         1229         3565
01 39429429  QO540  M  BROXOL ALERG S.ORAL 100ML                   2     14798     19730      9864     29596       000  000  000 2500  000  000         1  7592454889513        3254692       22371919   534603410001  N  0                       3504131 01/06/2025       USD          415          830         3565
01 39429429  AO180  M  CALOXPIRINA 81MG. X30TA                     3     10716     10716       000     32148       000  000  000  000  000  000         1  7591519008487        3255731       22372537   534603410001  N  0                         34541 01/08/2026       USD          301          902         3565
01 39429429  15085  M  COMPLEJO MULTIVIT.BM X30                    2      5642      8060      4836     11284       000  000  000 3000  000  000         1  7598127001213        3255731       22372537   534603410001  N  0                        211285 01/12/2024       USD          158          317         3565
01 39429429  GQ045  M  DAKSOL 500MG. X4TA                          2      8253      8687       868     16506       000  000  000  500  000  000         1  7592454138857        3254692       22371919   534603410001  N  0                       3503041 01/01/2026       USD          232          463         3565
01 39429429  17052  M  DICLOFENAC S.KMP50 X10TA                   12      1057      1174      1404     12684       000  000  000 1000  000  000         1  6942189304156        3254692       22371919   534603410001  N  0                        211208 01/12/2024       USD          030          356         3565
01 39429429  15260  M  FLUCONAZOL BM150MG. X2CA                    3      4352      4836      1452     13056       000  000  000 1000  000  000         1  7598127001060        3254692       22371919   534603410001  N  0                        221221 01/11/2025       USD          122          366         3565
01 39429429  16923  M  VITAMINA K LIA10MG.10VIAL                   1     17550     17550       000     17550       000  000  000  000  000  000         1   021281084275        3254692       22371919   534603410001  N  0                       IMSG206 01/06/2025       USD          492          492         3565
02 39429429         28        216722           000           000        216722    0    0    0  000    0    0    0   19/12/2023 1:36:25 p. m.   PR           000           000             0             9           USD         3565         6079
