01 39488214  11795  M  AFLAMAX 50MG. X10TA                        12      3836      6393     30684     46032       000  000  000 4000  000  000         1  7591196007186        3319397       22402618   535392710001  N  0                       I073392 01/08/2025       USD          106         1277         3604
01 39488214  13642  M  ATENOLOL BUKA50MG. X30TA                    2      6500      6500       000     13000       000  000  000  000  000  000         1   675696259966        3319931       22402863   535392710001  N  0                        ATL505 01/04/2026       USD          180          361         3604
01 39488214  17257  M  CLOPIDEX 75MG. X30TA                        2     12740     12740       000     25480       000  000  000  000  000  000         1  7594001101543        3319397       22402618   535392710001  N  0                     CXSIE302E 01/04/2025       USD          353          707         3604
01 39488214  13423  M  CLORACE JBE PED S/A 120M                    1     18506     18506       000     18506       000  000  000  000  000  000         1  7591818716700        3319397       22402618   535392710001  N  0                         30276 01/08/2027       USD          513          513         3604
01 39488214  11248  M  CRISOMET 50-500 X10TA                       1     28600     28600       000     28600       000  000  000  000  000  000         1  7591821210332        3319595       22402726   535392710001  N  0                       2307369 01/07/2025       USD          794          794         3604
01 39488214  16787  M  ISONIT 10MG. 10B.X10TA                      2     23192     23192       000     46384       000  000  000  000  000  000         1  8904306502225        3319397       22402618   535392710001  N  0                         VZ198 01/11/2025       USD          644         1287         3604
01 39488214  18211  M  KETODEX 100MG. X10TA                        3     10400     10400       000     31200       000  000  000  000  000  000         1  7594001101154        3319397       22402618   535392710001  N  0                         71751 01/09/2027       USD          289          866         3604
01 39488214  11502  M  LOPERAM 2MG. X10TA                          2      8605     10756      4302     17210       000  000  000 2000  000  000         1  7592349723571        3319595       22402726   535392710001  N  0                       2309449 01/09/2028       USD          239          478         3604
01 39488214  17533  N  MACA NS500MG. X30CA                         1     22041     22723       682     22041       000  000  000  300  000  000         1   646824218032        3319595       22402726   535392710001  N  0                         42958 01/12/2025       USD          612          612         3604
01 39488214  16219  M  METFORMINA ANG1GR. X30TA                    2     11180     11180       000     22360       000  000  000  000  000  000         1  7598176000311        3319595       22402726   535392710001  N  0                       23T0305 01/02/2026       USD          310          620         3604
01 39488214  11164  M  OMEPRAZOL GN40MG. X10CA                     2     10851     10851       000     21702       000  000  000  000  000  000         1  7591585173881        3319595       22402726   535392710001  N  0                           034 01/08/2025       USD          301          602         3604
01 39488214  16708  M  TIOCOLCHICOSIDO DAC4 10TA                   3      5511      5863      1056     16533       000  000  000  600  000  000         1  7598578000308        3319397       22402618   535392710001  N  0                           371 01/03/2025       USD          153          459         3604
01 39488214  15257  M  KATIVIL SOL.ORAL S/A90ML                    2     29614     29913       598     59228       000  000  000  100  000  000         4  7591818000205        3319887       22402842   535392710004  N  0                         30050 01/03/2026       USD          822         1643         3604
02 39488214         35        368276           000           000        368276    0    0    0  000    0    0    0   15/01/2024 3:09:43 p. m.   PR           000           000             0            13           USD         3604        10219
