01 39491181  13895  M  AMOXI+AC POR250/62.5 60ML                   3     25792     25792       000     77376       000  000  000  000  000  000         1  7750215007204        3322690       22404354   535431720001  N  0                       2041613 01/04/2025       USD          717         2151         3597
01 39491181  15009  M  CLINDAMICINA ZU1% GEL15GR                   1     33891     33891       000     33891       000  000  000  000  000  000         1  7598582000011        3322690       22404354   535431720001  N  0                          3128 01/04/2025       USD          942          942         3597
01 39491181  CO265  M  CLORACE 500MG/4MG X10TA                     3      5709      6274      1695     17127       000  000  000  900  000  000         1  7591818116043        3323320       22404691   535431720001  N  0                         30200 01/07/2026       USD          159          476         3597
01 39491181  16965  M  DEXTOBRAM 0,3-0,05OFT.5ML                   3      8775      9750      2925     26325       000  000  000 1000  000  000         1  8906045946193        3322690       22404354   535431720001  N  0                      EDXSE001 01/12/2025       USD          244          732         3597
01 39491181  LT073  M  DICLOFENAC P. GN 50 X30CO                   6      5162      5162       000     30972       000  000  000  000  000  000         1  7591585379245        3322690       22404354   535431720001  N  0                           804 01/10/2026       USD          144          861         3597
01 39491181  18643  M  DORIXINA FLEX 125/5 X5CO                    2     18460     18460       000     36920       000  000  000  000  000  000         1  7591619001067        3323320       22404691   535431720001  N  0                          0065 01/08/2026       USD          513         1026         3597
01 39491181  15347  M  GABAPENTINA LAT300 X14CA                    1      8736     10920      2184      8736       000  000  000 2000  000  000         1   756029628243        3323320       22404691   535431720001  N  0                       GPA0301 01/12/2024       USD          243          243         3597
01 39491181  EL035  M  GENURIN 200MG. X10CO                        2     21164     21164       000     42328       000  000  000  000  000  000         1  7591062901198        3323320       22404691   535431720001  N  0                        23198A 01/11/2026       USD          588         1177         3597
01 39491181  17159  C  BRUCEN GEL HYD MATT 120ML                   2     26913     26913       000     53826      8612  000  000  000  000  000         2  7592090000402        3322690       22404354   535431720002  N  0                        230101 01/01/2026       USD          748         1496         3597
02 39491181         23        273675         53826          8612        336113    0    0    0  000    0    0    0   16/01/2024 12:04:37 p. m.   PR           000           000             0             9           USD         3597         9105
