01 39499434  11476  M  BIOCOR AMLO20MG-5MG 30TA                    1     29789     33099      3310     29789       000  000  000 1000  000  000         1  7591519316247        3331261       22409012   535547360001  N  0                         34214 01/10/2025       USD          826          826         3608
01 39499434  QO540  M  BROXOL ALERG S.ORAL 100ML                   2     18925     19921      1992     37850       000  000  000  500  000  000         1  7592454889513        3331420       22409100   535547360001  N  0                       3505653 01/12/2025       USD          525         1049         3608
01 39499434  15080  M  BUTILBRO HIOS BM10MG.X10                    6     10962     12896     11604     65772       000  000  000 1500  000  000         1  7598127001053        3331261       22409012   535547360001  N  0                        230381 01/03/2026       USD          304         1823         3608
01 39499434  15399  M  CANDESARTAN LS8MG. X10TA                    4      7995      8416      1684     31980       000  000  000  500  000  000         1  7592454003360        3331420       22409100   535547360001  N  0                       3505376 01/11/2025       USD          222          886         3608
01 39499434  MY113  M  CETRAL 10MG. X10TA                          3      3730      3730       000     11190       000  000  000  000  000  000         1  7592601100690        3331261       22409012   535547360001  N  0                        325809 01/11/2025       USD          103          310         3608
01 39499434  MK103  M  DIOSMINA +MK 600MG. X14TA                   2     30093     30707      1228     60186       000  000  000  200  000  000         1  7591519051193        3331261       22409012   535547360001  N  0                         34554 01/09/2026       USD          834         1668         3608
01 39499434  16836  M  DISTIAZEM 60MG. X30TA                       6     14619     29238     87714     87714       000  000  000 5000  000  000         1  7598252000303        3331389       22409073   535547360001  N  0                        211003 01/10/2024       USD          405         2431         3608
01 39499434  BQ260  M  GLUCONATO FERROSO BQ120ML                   2     12662     12662       000     25324       000  000  000  000  000  000         1  7594000850428        3331261       22409012   535547360001  N  0                        230811 01/08/2025       USD          351          702         3608
01 39499434  AH295  M  LASIX 20MG. X24CO                           3     16712     17053      1023     50136       000  000  000  200  000  000         1  7591519317411        3331420       22409100   535547360001  N  0                         34064 01/04/2026       USD          463         1390         3608
01 39499434  11565  M  TIOCOLFEN 600-4 X10TA                       3     16740     19694      8862     50220       000  000  000 1500  000  000         1  7592454891288        3331261       22409012   535547360001  N  0                       3505131 01/10/2025       USD          464         1392         3608
02 39499434         32        450161           000           000        450161    0    0    0  000    0    0    0   18/01/2024 3:29:15 p. m.   PR           000           000             0            10           USD         3608        12477
