01 39497701  PO570  M  ALURON 300MG. X20CO                         2     21450     21450       000     42900       000  000  000  000  000  000         1  7592806133097        3329248       22407943   535523470001  N  0                        304047 01/04/2025       USD          595         1189         3608
01 39497701  18524  M  AMIKACINA VITA500MG. X10A                   1     37024     37024       000     37024       000  000  000  000  000  000         1  7707236124786        3329248       22407943   535523470001  N  0                       A230536 01/06/2026       USD         1026         1026         3608
01 39497701  12581  M  CEFIXIMA KMP400MG. X10CA                    2     22304     22304       000     44608       000  000  000  000  000  000         1  6921875010809        3329248       22407943   535523470001  N  0                       2111409 01/11/2024       USD          618         1236         3608
01 39497701  11455  A  COLAGENO+VITC VAL X30CA                     1     25272     28080      2808     25272       000  000  000 1000  000  000         1   714439705541        3329248       22407943   535523470001  N  0                        23G189 01/05/2027       USD          700          700         3608
01 39497701  GP220  M  DALTAZEN 60MG. X20CO                        2     38220     39000      1560     76440       000  000  000  200  000  000         1  7594000490303        3329248       22407943   535523470001  N  0                          0060 01/05/2027       USD         1059         2119         3608
01 39497701  GN101  M  LOSARTAN P. GN 50MG. X30                    3     10530     11202      2016     31590       000  000  000  600  000  000         1  7591585278951        3329248       22407943   535523470001  N  0                           418 01/10/2025       USD          292          876         3608
01 39497701  17480  N  MAGNESIO PLUS LIFE450 X60                   2     28626     31807      6362     57252       000  000  000 1000  000  000         1  7592710005374        3329248       22407943   535523470001  N  0                       0302510 01/10/2026       USD          793         1587         3608
01 39497701  13949  A  MELATONIN+B6+MAGN.VAL X30                   1     24483     27203      2720     24483       000  000  000 1000  000  000         1   669238000048        3329248       22407943   535523470001  N  0                        23G035 01/05/2027       USD          679          679         3608
01 39497701  14373  M  PARACETA PORT100 GTAS10ML                   2      6826      6826       000     13652       000  000  000  000  000  000         1  7750215074299        3329248       22407943   535523470001  N  0                       2040112 01/04/2025       USD          189          378         3608
01 39497701  EL725  M  ULCENOL 40MG. X20TA                         2      8407     10509      4204     16814       000  000  000 2000  000  000         1  7591062018650        3329248       22407943   535523470001  N  0                        22060A 01/07/2026       USD          233          466         3608
02 39497701         18        370035           000           000        370035    0    0    0  000    0    0    0   18/01/2024 11:01:22 a. m.   PR           000           000             0            10           USD         3608        10256
