01 39522698  15264  M  ACETAMINOFEN BM800 X10TA                    6      2080      4160     12480     12480       000  000  000 5000  000  000         1  7598127000988        3355712       22421985   535864480001  N  0                        211009 01/10/2024       USD          057          345         3620
01 39522698  14768  M  ACETAMINOFEN LAT500 X100                    6     10920     21840     65520     65520       000  000  000 5000  000  000         1   720524031105        3355344       22421781   535864480001  N  0                       ACM1015 01/12/2024       USD          302         1810         3620
01 39522698  11795  M  AFLAMAX 50MG. X10TA                        24      2813      6393     85920     67512       000  000  000 5600  000  000         1  7591196007186        3355344       22421781   535864480001  N  0                       I073392 01/08/2025       USD          078         1865         3620
01 39522698  LO539  M  AFLAMAX 50MG. X20TA                        12      5974     11948     71688     71688       000  000  000 5000  000  000         1  7591196004451        3355344       22421781   535864480001  N  0                       I083901 01/08/2025       USD          165         1980         3620
01 39522698  12138  M  AZITROMICI BM200 PPSO15ML                   6      6760     10400     21840     40560       000  000  000 3500  000  000         1  6930169708346        3355344       22421781   535864480001  N  0                        230901 01/09/2026       USD          187         1120         3620
01 39522698  MO180  M  BENZODIAZOL LIM.MIEL 16TM                   1     11805     11805       000     11805       000  000  000  000  000  000         1  7592601301516        3355344       22421781   535864480001  N  0                        334903 01/08/2026       USD          326          326         3620
01 39522698  11895  M  BUCOXOLGAR STO FRU.RO120                    1      8384     11977      3593      8384       000  000  000 3000  000  000         1  7592454891332        3355712       22421985   535864480001  N  0                       3502896 01/11/2024       USD          232          232         3620
01 39522698  14934  M  CANDESARTAN LS16MG. X30TA                   3     30168     31756      4764     90504       000  000  000  500  000  000         1  7592454889902        3355419       22421810   535864480001  N  0                       3505374 01/11/2025       USD          833         2500         3620
01 39522698  LO149  M  CORTYNASE SUSP.NASAL 140D.                  1     24886     29626      4740     24886       000  000  000 1600  000  000         1  7591196004604        3355851       22422040   535864480001  N  0                        073032 01/08/2025       USD          687          687         3620
01 39522698  11640  M  CYTRIAX 1GR.IV-IM. X1                       3      4037      6728      8073     12111       000  000  000 4000  000  000         1       75971342        3354467       22421284   535864480001  N  0                       3122072 01/03/2025       USD          112          335         3620
01 39522698  14426  M  HIDROCOR AL500IM/IM X1AM                    1     12469     19183      6714     12469       000  000  000 3500  000  000         1  7597758000695        3355712       22421985   535864480001  N  0                       2122162 01/04/2025       USD          344          344         3620
01 39522698  GQ061  M  LOSARTAN H.LS100/25 X30TA                   2     25672     27023      2702     51344       000  000  000  500  000  000         1  7592454889728        3355712       22421985   535864480001  N  0                       3505353 01/10/2025       USD          709         1418         3620
01 39522698  12081  M  XANEXTRA 500MG. IV X1A.                     3      5927      8467      7620     17781       000  000  000 3000  000  000         1       75971335        3355712       22421985   535864480001  N  0                       2222245 01/07/2025       USD          164          491         3620
02 39522698         69        487044           000           000        487044    0    0    0  000    0    0    0   29/01/2024 12:26:59 p. m.   PR           000           000             0            13           USD         3620        13454
