01 39522697  10346  M  BLOCAX 8MG. X30TA                           1     22100     22100       000     22100       000  000  000  000  000  000         1  7591243805338        3355344       22421781   535864470001  N  0                       9398202 01/11/2025       USD          610          610         3620
01 39522697  VM025  M  CANDER HCT 16/12,5 X30TA                    1     42430     43742      1312     42430       000  000  000  300  000  000         1  7591020080620        3355419       22421810   535864470001  N  0                            71 01/10/2025       USD         1172         1172         3620
01 39522697  16064  M  CLOBEDET CR.TOP. 15GR.                      4      7535      7535       000     30140       000  000  000  000  000  000         1   745687143311        3354467       22421284   535864470001  N  0                            05 01/02/2025       USD          208          833         3620
01 39522697  14972  M  KETOROLACO ADN IM/IV X10A                   1     24028     24028       000     24028       000  000  000  000  000  000         1  8904187828292        3355344       22421781   535864470001  N  0                        N21103 01/04/2025       USD          664          664         3620
01 39522697  13238  A  LISIN-BE 120ML JBE                          1     22100     22100       000     22100      3536  000  000  000  000  000         1  7591243830507        3354467       22421284   535864470001  N  0                       9355102 01/04/2025       USD          610          610         3620
01 39522697  13487  M  LOSARTAN P. ANG50 X30TA                     6      6157      6157       000     36942       000  000  000  000  000  000         1  7598176000120        3355712       22421985   535864470001  N  0                       23T0223 01/01/2026       USD          170         1020         3620
01 39522697  15192  M  SILDEX 100MG. X2TA                          3      6500      6500       000     19500       000  000  000  000  000  000         1  7594001101659        3355712       22421985   535864470001  N  0                          7219 01/09/2025       USD          180          539         3620
01 39522697  DP013  M  TERBINAFINA DP CR.1% 15GR.                  1     12085     15106      3021     12085       000  000  000 2000  000  000         1  7592616584126        3354537       22421327   535864470001  N  0                         31048 01/10/2025       USD          334          334         3620
01 39522697  PT023  M  VICK VAPORUB LATA12GR.X12                   1     62187     88838     26651     62187       000  000  000 3000  000  000         1  7500435107020        3355344       22421781   535864470001  N  0                    22204354L0 01/07/2024       USD         1718         1718         3620
02 39522697         19        271512           000          3536        275048    0    0    0  000    0    0    0   29/01/2024 12:26:56 p. m.   PR           000           000             0             9           USD         3620         7500
