01 39544815  16939  M  CARVEDILOL BM6,25 X30TA                     6      3494      4992      8988     20964       000  000  000 3000  000  000         1  7598127001626        3379689       22435212   536171800001  N  0                        211287 01/12/2024       USD          096          578         3625
01 39544815  15085  M  COMPLEJO MULTIVIT.BM X30                   12      5824      8320     29952     69888       000  000  000 3000  000  000         1  7598127001213        3379689       22435212   536171800001  N  0                        211285 01/12/2024       USD          161         1928         3625
01 39544815  KL689  M  CORENTEL 5MG. X30CO                         2     27300     27300       000     54600       000  000  000  000  000  000         1  7591619520292        3379689       22435212   536171800001  N  0                          0016 01/08/2026       USD          753         1506         3625
01 39544815  15509  M  ROSUVASTATINA LS20 X10TA                    2     18970     19968      1996     37940       000  000  000  500  000  000         1  7703763895779        3378780       22434709   536171800001  N  0                       3318138 01/09/2025       USD          523         1047         3625
01 39544815  15191  M  SILDEX 100MG. X1TA                          6      4095      4550      2730     24570       000  000  000 1000  000  000         1  7594001101642        3380272       22435549   536171800001  N  0                          6868 01/03/2025       USD          113          678         3625
01 39544815  15192  M  SILDEX 100MG. X2TA                          6      5850      6500      3900     35100       000  000  000 1000  000  000         1  7594001101659        3380272       22435549   536171800001  N  0                          7219 01/09/2025       USD          161          968         3625
01 39544815  RZ200  M  SILDEX 50MG. X1TA                           6      2574      2860      1716     15444       000  000  000 1000  000  000         1  7594001101413        3380272       22435549   536171800001  N  0                          7094 01/07/2026       USD          071          426         3625
01 39544815  11785  M  TALYSTO 5MG. X10TA.MAST.                    6      6857      7218      2166     41142       000  000  000  500  000  000         1  7592454891394        3380272       22435549   536171800001  N  0                       3505351 01/10/2025       USD          189         1135         3625
01 39544815  17188  M  TALYSTO 5MG. X30TM                          3     16068     16914      2538     48204       000  000  000  500  000  000         1  7592454003605        3380272       22435549   536171800001  N  0                       3505351 01/10/2025       USD          443         1330         3625
02 39544815         49        347852           000           000        347852    0    0    0  000    0    0    0   06/02/2024 5:44:14 p. m.   PR           000           000             0             9           USD         3625         9596
