01 39545068  18238  A  DISBIOTIC (FRES) 1G X15S                    1     41990     41990       000     41990       000  000  000  000  000  000         1  7598252000679        3380998       22435910   536174320001  N  0                         EG268 01/01/2025       USD         1158         1158         3625
01 39545068  15982  M  NIFEDIPINA DIS30MG. X30TA                   3     14794     14794       000     44382       000  000  000  000  000  000         1  7598252101659        3380466       22435663   536174320001  N  0                        230521 01/05/2026       USD          408         1224         3625
01 39545068  PA172  M  NORSINA 500MG-10MG. X12TA                   2     16614     18460      3692     33228       000  000  000 1000  000  000         1  7591243837452        3380466       22435663   536174320001  N  0                       9378901 01/10/2025       USD          458          917         3625
01 39545068  12087  M  SULTAMICILINA DAC750 10TA                   3     37310     37310       000    111930       000  000  000  000  000  000         1  7598578000186        3380998       22435910   536174320001  N  0                          V568 01/05/2025       USD         1029         3088         3625
01 39545068  EL071  M  TACHIFORTE 1GR. X20TA                       1     11785     11785       000     11785       000  000  000  000  000  000         1  7591062900948        3380998       22435910   536174320001  N  0                        23168A 01/11/2025       USD          325          325         3625
01 39545068  EL184  M  TALZIC SOL.ORAL 120ML.                      2     11239     11239       000     22478       000  000  000  000  000  000         1  7591062016649        3380466       22435663   536174320001  N  0                        23113A 01/07/2025       USD          310          620         3625
01 39545068  16115  N  CITRATO P. FSI10,8% 950                     3     24700     24700       000     74100       000  000  000  000  000  000         2  7592368003272        3380466       22435663   536174320002  N  0                       1223044 01/12/2024       USD          681         2044         3625
01 39545068  11042  N  CITRATO POT. FG10,8% 1LT.                   3     23882     23882       000     71646       000  000  000  000  000  000         2       25526479        3380466       22435663   536174320002  N  0                          3054 01/11/2026       USD          659         1976         3625
01 39545068  16145  N  CITRATO POT. FG10,8% 500                    3     15120     15120       000     45360       000  000  000  000  000  000         2   112345202237        3380466       22435663   536174320002  N  0                          3044 01/11/2026       USD          417         1251         3625
02 39545068         21        456899           000           000        456899    0    0    0  000    0    0    0   06/02/2024 6:26:39 p. m.   PR           000           000             0             9           USD         3625        12604
