01 39557562  15181  M  AMIPINA 5MG. X30TA                          3      3731      3731       000     11193       000  000  000  000  000  000         1  7598484001154        3393994       22443152   536350590001  N  0                     TA1800005 01/02/2026       USD          103          308         3632
01 39557562  15640  N  CENTELLA ASIA HP450 X30CA                   1     17365     19733      2368     17365       000  000  000 1200  000  000         1  7592710003820        3396048       22444297   536350590001  N  0                       2241112 01/12/2026       USD          478          478         3632
01 39557562  VP990  M  CEVAX 500MG. X30CA.BLA                      1     24894     24894       000     24894       000  000  000  000  000  000         1  7592432007649        3392478       22442258   536350590001  N  0                        230254 01/10/2025       USD          685          685         3632
01 39557562  XS020  N  GLICERINA XS 30ML.                          6      5121      5121       000     30726      4916  000  000  000  000  000         1  7594001450696        3394782       22443582   536350590001  N  0                      18092369 01/12/2025       USD          141          846         3632
01 39557562  18356  M  ILTUX HCT 40/12,5 X28CO                     1     38480     38480       000     38480       000  000  000  000  000  000         1  7841141002750        3393993       22443151   536350590001  N  0                         71696 01/05/2025       USD         1059         1059         3632
01 39557562  VP194  M  MELOVAX 15MG. X10CAPS.BL.                   1     11712     11712       000     11712       000  000  000  000  000  000         1  7592432007427        3393571       22442903   536350590001  N  0                        230188 01/08/2026       USD          322          322         3632
01 39557562  17665  M  TAMDURIDE 0,4-0,5MG.X30CA                   1     45500     45500       000     45500       000  000  000  000  000  000         1  7599112000181        3393571       22442903   536350590001  N  0                        ZC1632 01/08/2026       USD         1253         1253         3632
01 39557562  12398  M  L-CARNITINA 1G/10ML 120ML                   2     20930     20930       000     41860       000  000  000  000  000  000         3  7593090001123        3393993       22443151   536350590003  N  0                       2308006 01/08/2025       USD          576         1153         3632
01 39557562  ED379  M  VIZERUL 150MG. JBE.120ML.                   1     27950     27950       000     27950       000  000  000  000  000  000         3  7592803002389        3393571       22442903   536350590003  N  0                       2310239 01/10/2025       USD          770          770         3632
02 39557562         17        249680           000          4916        254596    0    0    0  000    0    0    0   14/02/2024 6:06:42 p. m.   PR           000           000             0             9           USD         3632         6874
