01 39550380  AY205  C  GUANTES QUIR. 7 PAR KX                      3      2808      3120       936      8424      1348  000  000 1000  000  000         1  7592194000254        3386717       22439143   536250080001  N  0                      B2239098 01/08/2025       USD          077          232         3624
01 39550380  AY206  C  GUANTES QUIR. 7,5 PAR KX                    3      2808      3120       936      8424      1348  000  000 1000  000  000         1  7592194000278        3386717       22439143   536250080001  N  0                      B2239098 01/08/2025       USD          077          232         3624
01 39550380  AY207  C  GUANTES QUIR. 8 PAR KX                      3      2808      3120       936      8424      1348  000  000 1000  000  000         1  7592194000292        3386717       22439143   536250080001  N  0                      B2239098 01/08/2025       USD          077          232         3624
01 39550380  KX205  C  GUANTES QUIR. 8,5 PAR KX                    3      2808      3120       936      8424      1348  000  000 1000  000  000         1  7592194005518        3386717       22439143   536250080001  N  0                      B2239098 01/08/2025       USD          077          232         3624
01 39550380  GN151  M  IBUPROFENO GN100 SUSP.90                    2      8156     10592      4872     16312       000  000  000 2300  000  000         1  7591585277701        3386917       22439255   536250080001  N  0                           113 01/09/2025       USD          225          450         3624
01 39550380  AY171  C  JER 3CC 21X1-1/2 KX X100                    2     32110     33800      3380     64220     10275  000  000  500  000  000         1 10813333013824        3386699       22439117   536250080001  N  0                        221026 01/11/2027       USD          886         1772         3624
01 39550380  AY173  C  JER 5CC 21X1-1/2 KX X100                    1     33345     35100      1755     33345      5335  000  000  500  000  000         1 10813333013848        3386699       22439117   536250080001  N  0                        221026 01/11/2027       USD          920          920         3624
01 39550380  15421  M  GLIBEN/MET BUKA5/500 30TA                   6     11700     11700       000     70200       000  000  000  000  000  000         2   675696260207        3386917       22439255   536250080002  N  0                        GMA502 01/11/2024       USD          323         1937         3624
01 39550380  AY176  C  JER 10CC 21X1-1/2 KX X100                   1     38903     40950      2047     38903      6224  000  000  500  000  000         2 10813333013879        3386717       22439143   536250080002  N  0                        221026 01/11/2027       USD         1073         1073         3624
01 39550380  EL114  M  SAVER SUSP. 37,5CC.                         2     21158     21158       000     42316       000  000  000  000  000  000         3  7591062010227        3386917       22439255   536250080003  N  0                        23203A 01/12/2025       USD          584         1168         3624
02 39550380         26        128828        170164         27226        326218    0    0    0  000    0    0    0   08/02/2024 3:20:35 p. m.   PR           000           000             0            10           USD         3624         8250
