01 39564902  15716  M  ATORVASTATINA FM20 X30TA                    6      7280      7280       000     43680       000  000  000  000  000  000         1  8906005117564        3407922       22451099   536452840001  N  0                     E13392303 01/05/2026       USD          200         1202         3634
01 39564902  18784  M  CANDESARTAN SP8MG. X30CO                    2     11618     11618       000     23236       000  000  000  000  000  000         1  7590027002857        3407922       22451099   536452840001  N  0                          2573 01/12/2025       USD          320          639         3634
01 39564902  KL033  M  COROPRES H 8/12,5 X30CO                     2     31850     31850       000     63700       000  000  000  000  000  000         1  7591619520353        3407922       22451099   536452840001  N  0                          0008 01/03/2026       USD          876         1753         3634
01 39564902  DP600  M  ENALAPRIL DP20MG. X30TA                     3      7211      7211       000     21633       000  000  000  000  000  000         1  7592616192024        3407922       22451099   536452840001  N  0                         30805 01/08/2025       USD          198          595         3634
01 39564902  LP690  M  FERGANIC GOTAS 15ML.                        1     27950     27950       000     27950       000  000  000  000  000  000         1  7591955001271        3407922       22451099   536452840001  N  0                          0076 01/03/2025       USD          769          769         3634
01 39564902  DP319  M  FEXOFENADINA DP120 X10TA                    2      2798     11193     16790      5596       000  000  000 7500  000  000         1  7592616576992        3407922       22451099   536452840001  N  0                       2233701 01/08/2024       USD          077          154         3634
01 39564902  12379  M  LOSART P,H ANG50-12,5X30                    6      8237      9152      5490     49422       000  000  000 1000  000  000         1  7598176000090        3407922       22451099   536452840001  N  0                       23T0220 01/01/2026       USD          227         1360         3634
01 39564902  13487  M  LOSARTAN P. ANG50 X30TA                     6      5541      6157      3696     33246       000  000  000 1000  000  000         1  7598176000120        3407922       22451099   536452840001  N  0                       23T0223 01/01/2026       USD          152          915         3634
01 39564902  14878  M  LOSARTAN P. FM50MG.X30TA                    6      5200      5200       000     31200       000  000  000  000  000  000         1  8906005117632        3407922       22451099   536452840001  N  0                     E12812304 01/12/2025       USD          143          859         3634
01 39564902  MO009  M  HEPAFOL JARABE 120ML.                       1     36426     36426       000     36426       000  000  000  000  000  000         2  7592601301592        3407922       22451099   536452840002  N  0                        335202 01/07/2025       USD         1002         1002         3634
02 39564902         35        336089           000           000        336089    0    0    0  000    0    0    0   19/02/2024 3:56:50 p. m.   PR           000           000             0            10           USD         3634         9248
