01 39574402  LX103  M  CARNISIN 1G.S.ORAL S/A180                   2     29294     35294     12000     58588       000  000  000 1700  000  000         1  7591585112323        3418597       22456881   536580930001  N  0                           080 01/05/2027       USD          809         1617         3623
01 39574402  18226  M  FLEXIPLEN B12 50/5/0,3 15                   1     34805     34805       000     34805       000  000  000  000  000  000         1  7798032934426        3418597       22456881   536580930001  N  0                         00102 01/10/2025       USD          961          961         3623
01 39574402  AY205  C  GUANTES QUIR. 7 PAR KX                      1      2808      3120       312      2808       449  000  000 1000  000  000         1  7592194000254        3418597       22456881   536580930001  N  0                      B2239098 01/08/2025       USD          078          078         3623
01 39574402  AY206  C  GUANTES QUIR. 7,5 PAR KX                    2      2808      3120       624      5616       899  000  000 1000  000  000         1  7592194000278        3418597       22456881   536580930001  N  0                      B2239098 01/08/2025       USD          078          155         3623
01 39574402  AY207  C  GUANTES QUIR. 8 PAR KX                      2      2808      3120       624      5616       899  000  000 1000  000  000         1  7592194000292        3418597       22456881   536580930001  N  0                      B2239098 01/08/2025       USD          078          155         3623
01 39574402  KX205  C  GUANTES QUIR. 8,5 PAR KX                    1      2808      3120       312      2808       449  000  000 1000  000  000         1  7592194005518        3418597       22456881   536580930001  N  0                      B2239098 01/08/2025       USD          078          078         3623
01 39574402  19057  M  IZABAN 10MG. X30CO                          1     91211     91211       000     91211       000  000  000  000  000  000         1  7591585112729        3418597       22456881   536580930001  N  0                           001 01/10/2025       USD         2518         2518         3623
01 39574402  18282  M  LAFARCAINA 2/1,5 NRJA.X16                   1     13038     13038       000     13038       000  000  000  000  000  000         1  7591062901310        3418597       22456881   536580930001  N  0                        23182A 01/11/2025       USD          360          360         3623
01 39574402  GN072  M  LOSARTAN P. GN100 X10CO                     2      5369      7159      3580     10738       000  000  000 2500  000  000         1  7591585278920        3419175       22457192   536580930001  N  0                           186 01/10/2026       USD          148          296         3623
01 39574402  CO105  M  MIOVIT X30 GRAGEAS                          1     25033     26350      1317     25033       000  000  000  500  000  000         1  7591818118047        3417892       22456419   536580930001  N  0                         30260 01/08/2026       USD          691          691         3623
01 39574402  KW001  C  PRESERV CLIMAX FRESA X3                     2      5304      5304       000     10608      1697  000  000  000  000  000         1  8852961006179        3419175       22457192   536580930001  N  0                        231602 01/03/2028       USD          146          293         3623
01 39574402  LA104  C  PRESERV CLIMAX FRUTAS  X3                   2      5304      5304       000     10608      1697  000  000  000  000  000         1  8852961008678        3419175       22457192   536580930001  N  0                        222704 01/06/2027       USD          146          293         3623
01 39574402  EL555  M  TANTUM NEBULIZADOR 45 CC.                   1     24596     24596       000     24596       000  000  000  000  000  000         1  7591062011613        3418597       22456881   536580930001  N  0                        23126A 01/08/2027       USD          679          679         3623
01 39574402  MG604  M  FULGRAM 600/42,9 PPSO60ML                   1     46970     64342     17372     46970       000  000  000 2700  000  000         3  7591585113139        3417892       22456419   536580930003  N  0                           400 01/10/2025       USD         1296         1296         3623
02 39574402         20        304979         38064          6090        349133    0    0    0  000    0    0    0   22/02/2024 7:50:17 p. m.   PR           000           000             0            14           USD         3623         9468
