01 39594238  16098  M  ACIDO FOLICO BQ GOTAS30ML                   2     18125     18125       000     36250       000  000  000  000  000  000         1  7594000851333        3444508       22470971   536864690001  N  0                        230709 01/07/2026       USD          502         1005         3608
01 39594238  KV004  M  ANTILAX 2MG. X10TA                          1      9620      9620       000      9620       000  000  000  000  000  000         1  7591821102095        3444468       22470947   536864690001  N  0                       2307413 01/08/2025       USD          267          267         3608
01 39594238  PA047  M  CARBONATO LITIO PA300 X20                   1     28665     31850      3185     28665       000  000  000 1000  000  000         1  7591243807868        3445381       22471436   536864690001  N  0                       9361402 01/09/2027       USD          794          794         3608
01 39594238  13487  M  LOSARTAN P. ANG50 X30TA                    12      5541      6157      7392     66492       000  000  000 1000  000  000         1  7598176000120        3445381       22471436   536864690001  N  0                       23T0224 01/01/2026       USD          154         1843         3608
01 39594238  14878  M  LOSARTAN P. FM50MG.X30TA                   12      5200      5200       000     62400       000  000  000  000  000  000         1  8906005117632        3445381       22471436   536864690001  N  0                     E12812304 01/12/2025       USD          144         1729         3608
01 39594238  GP200  M  RIDAL 2MG. X20CO                            1     20150     20150       000     20150       000  000  000  000  000  000         1  7594000490617        3444468       22470947   536864690001  N  0                          0041 01/09/2027       USD          558          558         3608
01 39594238  TA004  M  STAMYL FORTE 300/100 20TA                   1     23339     23339       000     23339       000  000  000  000  000  000         1  7703454122993        3444468       22470947   536864690001  N  0                      23094216 01/09/2025       USD          647          647         3608
01 39594238  12876  M  SULIXTRA 0,4 X10CA                          2      8073      8073       000     16146       000  000  000  000  000  000         1  7593090001208        3444468       22470947   536864690001  N  0                  TL132IC23001 01/07/2025       USD          224          448         3608
01 39594238  12877  M  SULIXTRA 0,4MG X30CA                        1     21169     21169       000     21169       000  000  000  000  000  000         1  7593090002403        3444468       22470947   536864690001  N  0                  TL132JC23003 01/08/2025       USD          587          587         3608
01 39594238  FA444  M  TAPAZOL 5MG. X60TA                          3     27690     27690       000     83070       000  000  000  000  000  000         1  7591821903234        3444468       22470947   536864690001  N  0                       2309324 01/09/2026       USD          767         2302         3608
01 39594238  12006  M  TIROXIN 50MCG. X50TA                        1     27321     42032     14711     27321       000  000  000 3500  000  000         1  7707355054230        3444468       22470947   536864690001  N  0                      13250723 01/01/2025       USD          757          757         3608
01 39594238  NW300  N  VIT A NOW 10.000 X 100                      1     31941     31941       000     31941       000  000  000  000  000  000         1   733739100009        3445944       22471707   536864690001  N  0                       3302159 01/06/2026       USD          885          885         3608
02 39594238         38        426563           000           000        426563    0    0    0  000    0    0    0   04/03/2024 10:57:38 a. m.   PR           000           000             0            12           USD         3608        11823
