01 39594239  LO104  M  AIRON 5MG. X10TAB.MAST.                     4      7476      7476       000     29904       000  000  000  000  000  000         1  7591196002549        3445863       22471661   536864700001  N  0                       I073412 01/07/2025       USD          207          829         3608
01 39594239  QO170  M  BROXOL FLEM PED. 120CC.                     3     17417     19352      5805     52251       000  000  000 1000  000  000         1  7592454000444        3445949       22471709   536864700001  N  0                       3505849 01/02/2026       USD          483         1448         3608
01 39594239  16939  M  CARVEDILOL BM6,25 X30TA                    12      3494      4992     17976     41928       000  000  000 3000  000  000         1  7598127001626        3445381       22471436   536864700001  N  0                        211287 01/12/2024       USD          097         1162         3608
01 39594239  LO509  M  DESLORAT 0,5MG. JBE.60ML.                   4      9894      9894       000     39576       000  000  000  000  000  000         1  7591196004161        3444468       22470947   536864700001  N  0                       I113022 01/11/2025       USD          274         1097         3608
01 39594239  18742  M  DIANITIN 150 SOL.ORAL120                    2      8594      8594       000     17188       000  000  000  000  000  000         1  7598252001157        3445381       22471436   536864700001  N  0                        230505 01/05/2026       USD          238          476         3608
01 39594239  14957  M  DIHIDROLIP 20MG. X10CO                      1     22277     22277       000     22277       000  000  000  000  000  000         1  7592349001037        3444468       22470947   536864700001  N  0                       2311005 01/11/2025       USD          617          617         3608
01 39594239  16498  M  ENALAPRIL BM10MG. X30TA                     6      2912      5824     34944     17472       000  000  000 5000  000  000         1  7598127001398        3445863       22470947   536864700001  N  0                        220448 01/04/2025       USD          081          484         3608
01 39594239  16498  M  ENALAPRIL BM10MG. X30TA                     6      2912      5824     34944     17472       000  000  000 5000  000  000         1  7598127001398        3444468       22470947   536864700001  N  0                        220448 01/04/2025       USD          081          484         3608
01 39594239  QM510  M  ESOZ 40MG. X14CAPS.MGE                      2     19959     21009      2100     39918       000  000  000  500  000  000         1  7592454889292        3445429       22471460   536864700001  N  0                       3505360 01/11/2025       USD          553         1106         3608
01 39594239  14759  M  GENTAMICINA DIS SO.OF10ML                   2     11205     11205       000     22410       000  000  000  000  000  000         1  7598252101390        3445863       22471661   536864700001  N  0                       2308023 01/08/2026       USD          311          621         3608
01 39594239  15261  M  PREDNISOLONA BM5MG. X30TA                   6      3328      6656     19968     19968       000  000  000 5000  000  000         1  7598127001206        3445944       22471707   536864700001  N  0                        211010 01/10/2024       USD          092          553         3608
01 39594239  LO320  M  TODEX 0,3%-0,1%SU.OF.5ML                    2     19067     22432      6730     38134       000  000  000 1500  000  000         1  7591196000514        3445429       22471460   536864700001  N  0                        113102 01/11/2025       USD          528         1057         3608
02 39594239         50        358498           000           000        358498    0    0    0  000    0    0    0   04/03/2024 10:57:41 a. m.   PR           000           000             0            11           USD         3608         9936
