01 39608927  18237  M  ACIDO FOL DIS10MG/2ML.10A                   1     43812     73020     29208     43812       000  000  000 4000  000  000         1 17598252101571        3463221       22481394   537068330001  N  0                       ML23294 01/04/2025       USD         1211         1211         3619
01 39608927  13137  M  ANTAAR HCT 5-6,25 X10TA                     3     12081     12081       000     36243       000  000  000  000  000  000         1  7591519317756        3462002       22480821   537068330001  N  0                         34905 01/01/2027       USD          334         1001         3619
01 39608927  16004  M  CARVEDILOL DIS12,5 X30TA                    2      9433     11098      3330     18866       000  000  000 1500  000  000         1  7598252101666        3462002       22480821   537068330001  N  0                        220420 01/04/2025       USD          261          521         3619
01 39608927  15081  M  CETIRIZINA BM10MG. X10TA                   12      1456      2080      7488     17472       000  000  000 3000  000  000         1  7598127001251        3466707       22483106   537068330001  N  0                        220437 01/04/2025       USD          040          483         3619
01 39608927  13119  M  CLOPIDOGREL BM75MG.X30TA                    4      4056      6240      8736     16224       000  000  000 3500  000  000         1  6972718560074        3467679       22483667   537068330001  N  0                        211289 01/12/2024       USD          112          448         3619
01 39608927  13119  M  CLOPIDOGREL BM75MG.X30TA                    2      4056      6240      4368      8112       000  000  000 3500  000  000         1  6972718560074        3467679       22483667   537068330001  N  0                        211289 01/12/2024       USD          112          224         3619
01 39608927  18231  M  DICLOFENAC S.DIS100 10SUP                   2      7630      7630       000     15260       000  000  000  000  000  000         1  7598252101772        3464185       22481831   537068330001  N  0                        230502 01/05/2026       USD          211          422         3619
01 39608927  LO004  M  DICLORET SUSP.PED. 60ML.                    2     17771     17771       000     35542       000  000  000  000  000  000         1  7591196004499        3462562       22481070   537068330001  N  0                       I113024 01/02/2026       USD          491          982         3619
01 39608927  QM190  M  GLIMERID 4MG. X30TA                         1     24302     26372      2070     24302       000  000  300  500  000  000         1  7703763165025        3466811       22483171   537068330001  N  0                       3503135 01/02/2026       USD          672          672         3619
01 39608927  15984  M  HIDROCLOROTI DIS12,5 X30                    3      8509      8509       000     25527       000  000  000  000  000  000         1  7598252101727        3467679       22483667   537068330001  N  0                        221204 01/12/2025       USD          235          705         3619
01 39608927  14972  M  KETOROLACO ADN IM/IV X10A                   1     22992     24202      1210     22992       000  000  000  500  000  000         1  8904187828292        3462002       22480821   537068330001  N  0                        GN1420 01/03/2026       USD          635          635         3619
01 39608927  MK028  M  LANSOPRAZOL +MK30MG.X28CA                   2     18000     18000       000     36000       000  000  000  000  000  000         1  7591519001624        3461775       22480652   537068330001  N  0                         34762 01/11/2026       USD          497          995         3619
01 39608927  17778  M  MEDROXIPROGES VC150 1VIAL                   3     12587     14808     19989     37761       000  000  000 1500  000  000         1  8904187811423        3467679       22482023   537068330001  N  0                        GN2100 01/08/2026       USD          348         1043         3619
01 39608927  17778  M  MEDROXIPROGES VC150 1VIAL                   6     12587     14808     19989     75522       000  000  000 1500  000  000         1  8904187811423        3464655       22482023   537068330001  N  0                        GN2100 01/08/2026       USD          348         2087         3619
01 39608927  VM715  M  SALBUROL SOL. P/INH.20ML.                   1     26031     26031       000     26031       000  000  000  000  000  000         1  7591020001625        3464185       22481831   537068330001  N  0                           133 01/02/2026       USD          719          719         3619
01 39608927  16430  M  VALSARTAN BM80MG. X30TA                     2     16640     33280     33280     33280       000  000  000 5000  000  000         1  7598127001602        3463221       22481394   537068330001  N  0                        230903 01/09/2026       USD          460          920         3619
01 39608927  15384  M  ATORVASTATINA AL40 X30TA                    2      9725     19449     19448     19450       000  000  000 5000  000  000         2  7597758000749        3462562       22481070   537068330002  N  0                        AVF007 01/11/2024       USD          269          537         3619
01 39608927  13910  M  ATORVASTATINA LS20 X30TA                    2     15819     17167      2696     31638       000  000  300  500  000  000         2  7592454889650        3462562       22481070   537068330002  N  0                       3505523 01/11/2025       USD          437          874         3619
01 39608927  VM115  M  BACTEVAL CAPS. X 24                         1     29240     29240       000     29240       000  000  000  000  000  000         2  7591020007825        3462683       22481137   537068330002  N  0                           182 01/10/2026       USD          808          808         3619
01 39608927  18452  M  CORTYNASE SUSP.NAS.80D                      2     21137     21137       000     42274       000  000  000  000  000  000         2  7591196006356        3464865       22482123   537068330002  N  0                        113341 01/11/2025       USD          584         1168         3619
01 39608927  12036  M  DICLOFENAC S.AL50MG.X20TA                   6      2990      4271      7686     17940       000  000  000 3000  000  000         2  7597758000527        3462562       22481070   537068330002  N  0                         DL307 01/04/2025       USD          083          496         3619
01 39608927  LO414  M  NAS 0,1%SOL.GOTAS AD.15ML                   3      4509      9394     14655     13527       000  000  000 5200  000  000         2  7591196003140        3461775       22480652   537068330002  N  0                       I083357 01/09/2025       USD          125          374         3619
01 39608927  ZP310  M  MUCOLIPTO JBE.PED. 90ML.                    1     14578     14578       000     14578       000  000  000  000  000  000         4  7591651723651        3461775       22480652   537068330004  N  0                       2210009 01/10/2024       USD          403          403         3619
01 39608927  11583  M  PERIDONT T.BUCAL 240ML.                     1     22468     22468       000     22468       000  000  000  000  000  000         4  7591196007193        3464865       22482123   537068330004  N  0                       I093505 01/10/2025       USD          621          621         3619
02 39608927         65        664061           000           000        664061    0    0    0  000    0    0    0   11/03/2024 11:46:17 p. m.   PR           000           000             0            23           USD         3619        18349
