01 39641596  19243  M  OFTERRA UNG.OFT. 7GR.                       1     26277     26277       000     26277       000  000  000  000  000  000         1  7591196002211        3505432       22506134   537530890001  N  0                        073769 01/07/2026       USD          723          723         3636
01 39641596  14768  M  ACETAMINOFEN LAT500 X100                    1     10920     21840     10920     10920       000  000  000 5000  000  000         2   720524031105        3505432       22506134   537530890002  N  0                       ACM1015 01/12/2024       USD          300          300         3636
01 39641596  10657  M  ACLER 150MG. X1TA                           2     18612     18612       000     37224       000  000  000  000  000  000         2  7591519051865        3507510       22507467   537530890002  N  0                         34313 01/07/2025       USD          512         1024         3636
01 39641596  18134  N  CITRATO MAGN.ABE350 X70CA                   1     22562     22562       000     22562       000  000  000  000  000  000         2  7597134000981        3504958       22505880   537530890002  N  0                         EFCM1 01/02/2026       USD          621          621         3636
01 39641596  17778  M  MEDROXIPROGES VC150 1VIAL                   6     12587     14808     13326     75522       000  000  000 1500  000  000         2  8904187811423        3504958       22505880   537530890002  N  0                        GN2100 01/08/2026       USD          346         2077         3636
01 39641596  19178  M  NACLODIN 0,150MG. X30TA                     2     23002     23002       000     46004       000  000  000  000  000  000         2  7591020009515        3504958       22505880   537530890002  N  0                           191 01/11/2028       USD          633         1265         3636
01 39641596  19230  M  VALSARTAN GC80MG. X30CO                     2     19929     19929       000     39858       000  000  000  000  000  000         2  7592349001907        3504958       22505880   537530890002  N  0                       2311001 01/11/2025       USD          548         1096         3636
01 39641596  15264  M  ACETAMINOFEN BM800 X10TA                   12      1498      2995     17964     17976       000  000  000 5000  000  000         3  7598127000988        3505432       22506134   537530890003  N  0                        211009 01/10/2024       USD          041          494         3636
01 39641596  18132  M  DISCRALFAT 1GR. X20TA                       2     17989     17989       000     35978       000  000  000  000  000  000         3  7598252000747        3505165       22505995   537530890003  N  0                        221146 01/11/2025       USD          495          989         3636
01 39641596  16836  M  DISTIAZEM 60MG. X30TA                       6     13365     26729     80184     80190       000  000  000 5000  000  000         3  7598252000303        3504958       22505880   537530890003  N  0                        211003 01/10/2024       USD          368         2205         3636
01 39641596  MK939  M  DOMPERIDONA +MK 10 X15                      2      5724      5724       000     11448       000  000  000  000  000  000         3  7591519007428        3504958       22505880   537530890003  N  0                         34436 01/08/2026       USD          157          315         3636
01 39641596  VM020  M  ESQUIDONE 3MG. X30TA                        1     29980     35270      5290     29980       000  000  000 1500  000  000         3  7591020080521        3507084       22507211   537530890003  N  0                            31 01/06/2025       USD          825          825         3636
01 39641596  VC003  M  GENCIVOL COMPU SOL.15ML.                    2     12836     15101      4530     25672       000  000  000 1500  000  000         3  7592782000529        3505432       22506134   537530890003  N  0                      23110084 01/12/2025       USD          353          706         3636
01 39641596  AH295  M  LASIX 20MG. X24CO                           2     14884     17511      5254     29768       000  000  000 1500  000  000         3  7591519317411        3505432       22506134   537530890003  N  0                         34513 01/08/2026       USD          409          819         3636
01 39641596  MK100  M  RISPERIDONA +MK2MG. X20TA                   2     13800     13800       000     27600       000  000  000  000  000  000         3  7591519009255        3507510       22507467   537530890003  N  0                         34865 01/12/2025       USD          380          759         3636
01 39641596  15027  M  TAMSULOSINA AL0,4MG.X30CA                   2     14918     22950     16064     29836       000  000  000 3500  000  000         3  7597758000626        3504958       22505880   537530890003  N  0                         DL310 01/04/2025       USD          410          821         3636
01 39641596  11583  M  PERIDONT T.BUCAL 240ML.                     1     23591     23591       000     23591       000  000  000  000  000  000         5  7591196007193        3504958       22505880   537530890005  N  0                       I093505 01/10/2025       USD          649          649         3636
02 39641596         47        570406           000           000        570406    0    0    0  000    0    0    0   25/03/2024 9:39:51 p. m.   PR           000           000             0            17           USD         3636        15688
