01 39641595  KL654  M  COROPRES 8MG. X10CO                         2      9750      9750       000     19500       000  000  000  000  000  000         1  7591619517896        3503916       22505204   537530880001  N  0                          0018 01/01/2027       USD          268          536         3636
01 39641595  15424  M  LOSART H.BUKA50/12,5 30TA                  12      3510      3510       000     42120       000  000  000  000  000  000         1   675696260177        3503916       22505204   537530880001  N  0                        LPH306 01/11/2024       USD          097         1158         3636
01 39641595  PA275  M  BETAGEN SOLSPEN 1ML.1AMP.                   6     16575     19500     17550     99450       000  000  000 1500  000  000         2  7591243804409        3504958       22505880   537530880002  N  0                       9387801 01/08/2025       USD          456         2735         3636
01 39641595  ED304  M  HEPROX 0,4MG.LP X30CA                       1     27950     27950       000     27950       000  000  000  000  000  000         2  7592803002372        3507510       22507467   537530880002  N  0                       2311273 01/08/2026       USD          769          769         3636
01 39641595  MY255  M  IMAZOL 1% SOL.TOP.  20ML.                   2      9807      9807       000     19614       000  000  000  000  000  000         2  7592601100461        3505165       22505995   537530880002  N  0                        309502 01/11/2026       USD          270          539         3636
01 39641595  BQ230  M  LANCERAN GOTAS PED. 30ML.                   2      7963      7963       000     15926       000  000  000  000  000  000         2  7594000850220        3503916       22505204   537530880002  N  0                        231206 01/12/2026       USD          219          438         3636
01 39641595  13042  M  LETALOP 200MG. X30CO                        1     52265     52265       000     52265       000  000  000  000  000  000         2  7595368004225        3504958       22505880   537530880002  N  0                         19128 01/11/2026       USD         1437         1437         3636
01 39641595  15428  M  ATORVASTATINA BUKA40 30TA                   2      7020      7020       000     14040       000  000  000  000  000  000         3   675696260146        3504958       22505880   537530880003  N  0                       AVA1502 01/11/2024       USD          193          386         3636
01 39641595  PA054  M  BETADERM PLUS CREMA 15GR.                   1     17128     20150      3022     17128       000  000  000 1500  000  000         3  7591243804164        3504958       22505880   537530880003  N  0                       9387302 01/01/2026       USD          471          471         3636
01 39641595  16064  M  CLOBEDET CR.TOP. 15GR.                      4      7800      7800       000     31200       000  000  000  000  000  000         3   745687143311        3504179       22505321   537530880003  N  0                            05 01/02/2025       USD          215          858         3636
01 39641595  KL992  M  COROPRES 8MG. X30CO                         2     27300     27300       000     54600       000  000  000  000  000  000         3  7591619520339        3503916       22505204   537530880003  N  0                          0018 01/01/2027       USD          751         1502         3636
01 39641595  11793  M  SORKINOX 250-25 X30CO                       1     46333     46333       000     46333       000  000  000  000  000  000         3  7595368012732        3505432       22506134   537530880003  N  0                         18732 01/09/2026       USD         1274         1274         3636
01 39641595  13491  M  VALSARTAN ANG160MG. X10TA                   4     10101     10101       000     40404       000  000  000  000  000  000         3  7598176000236        3504958       22505880   537530880003  N  0                       23T0236 01/01/2026       USD          278         1111         3636
01 39641595  PD710  M  CLENBUXOL JBE. AD. 120CC.                   1     21190     21190       000     21190       000  000  000  000  000  000         5  7591955000151        3505165       22505995   537530880005  N  0                          0069 01/01/2026       USD          583          583         3636
01 39641595  PD990  M  FERGANIC FOLIC JBE.120CC.                   1     48100     48100       000     48100       000  000  000  000  000  000         5  7591955002803        3505165       22505995   537530880005  N  0                          0116 01/05/2025       USD         1323         1323         3636
02 39641595         42        549820           000           000        549820    0    0    0  000    0    0    0   25/03/2024 9:39:49 p. m.   PR           000           000             0            15           USD         3636        15122
