01 39651143  16098  M  ACIDO FOLICO BQ GOTAS30ML                   4     14625     14625       000     58500       000  000  000  000  000  000         1  7594000851333        3521822       22516031   537664400001  N  0                        230910 01/09/2026       USD          403         1612         3629
01 39651143  VP924  M  BETADUO AMP. JP 1ML.                        1     28392     35490      7098     28392       000  000  000 2000  000  000         1  7592432017877        3521793       22516016   537664400001  N  0                       1435643 01/11/2024       USD          782          782         3629
01 39651143  AP010  M  GLYMAR 2MG. X20TA                           1     14465     20664      6199     14465       000  000  000 3000  000  000         1  7592601101079        3521962       22516124   537664400001  N  0                        332703 01/09/2025       USD          399          399         3629
01 39651143  ED470  M  NEMODINE 30MG. X20CO                        1     17290     17290       000     17290       000  000  000  000  000  000         1  7592803000798        3522007       22516136   537664400001  N  0                       2403346 01/03/2027       USD          476          476         3629
01 39651143  ED730  M  NEMODINE 40MG. X20CO                        1     19110     19110       000     19110       000  000  000  000  000  000         1  7592803001221        3522007       22516136   537664400001  N  0                       2311255 01/10/2026       USD          527          527         3629
01 39651143  18120  M  PEPTO-BISMOL SUSP. 118ML.                   2     23780     25032      2504     47560       000  000  000  500  000  000         1   020800753067        3522172       22516228   537664400001  N  0                    3287171951 01/09/2025       USD          655         1311         3629
01 39651143  17888  M  PRISTAN 150MG. X10TA                        4      3479      3479       000     13916       000  000  000  000  000  000         1  8904306503901        3522172       22516228   537664400001  N  0                         VZ226 01/07/2026       USD          096          383         3629
01 39651143  DP013  M  TERBINAFINA DP CR.1% 15GR.                  1     14653     15106       453     14653       000  000  000  300  000  000         1  7592616584126        3522007       22516136   537664400001  N  0                         31048 01/10/2025       USD          404          404         3629
01 39651143  ED185  M  VIZERUL 150MG. X10CO                        1     14560     14560       000     14560       000  000  000  000  000  000         1  7592803000989        3522172       22516228   537664400001  N  0                       2307127 01/07/2026       USD          401          401         3629
01 39651143  LP420  M  GULAPER JBE.AD. 120ML.                      1     21580     21580       000     21580       000  000  000  000  000  000         3  7591955001288        3522007       22516136   537664400003  N  0                          0084 01/02/2026       USD          595          595         3629
02 39651143         17        250026           000           000        250026    0    0    0  000    0    0    0   31/03/2024 9:23:44 a. m.   PR           000           000             0            10           USD         3629         6890
