01 39650054  15717  M  ATORVASTATINA FM40 X30TA                   12      9620      9620       000    115440       000  000  000  000  000  000         1  8906005118783        3520872       22515329   537650040001  N  0                     E13402304 01/05/2026       USD          265         3181         3629
01 39650054  QF300  M  BROMEXINA QF8MG.JBE.120ML                   6      7735      7735       000     46410       000  000  000  000  000  000         1  7598484000041        3520872       22515329   537650040001  N  0                          2934 01/03/2026       USD          213         1279         3629
01 39650054  16939  M  CARVEDILOL BM6,25 X30TA                    24      3203      4576     32952     76872       000  000  000 3000  000  000         1  7598127001626        3520872       22515329   537650040001  N  0                        220447 01/04/2025       USD          088         2118         3629
01 39650054  15204  N  CHANCAPIEDRA ABE X70CA                      1     14348     14348       000     14348       000  000  000  000  000  000         1  7597134002114        3519809       22514613   537650040001  N  0                          CX02 01/01/2026       USD          395          395         3629
01 39650054  14770  M  DIGOXINA LAT0.25MG. X30TA                   1      5460     10920      5460      5460       000  000  000 5000  000  000         1   720524031051        3519809       22514613   537650040001  N  0                          DGNA 01/02/2025       USD          150          150         3629
01 39650054  14426  M  HIDROCOR AL500IM/IM X1AM                    1     11510     19183      7673     11510       000  000  000 4000  000  000         1  7597758000695        3519809       22514613   537650040001  N  0                       2122163 01/04/2025       USD          317          317         3629
01 39650054  HI240  M  MANITOL 18%SOL.N38 500CC.                   2     28421     28421       000     56842       000  000  000  000  000  000         1  7592637005228        3520858       22515320   537650040001  N  0                       2300317 01/11/2025       USD          783         1566         3629
01 39650054  VM715  M  SALBUROL SOL. P/INH.20ML.                   1     26031     26031       000     26031       000  000  000  000  000  000         1  7591020001625        3520858       22515320   537650040001  N  0                           133 01/02/2026       USD          717          717         3629
01 39650054  15211  N  SAW PALMETTO ABE X70CA                      1     25451     25451       000     25451       000  000  000  000  000  000         1  7597134002176        3520858       22515320   537650040001  N  0                          PL01 01/02/2026       USD          701          701         3629
02 39650054         49        378364           000           000        378364    0    0    0  000    0    0    0   30/03/2024 11:32:07 a. m.   PR           000           000             0             9           USD         3629        10426
