01 39666622  11352  M  ANAPIR 400MG. X10CA,BLAN                    1      6530      9329      2799      6530       000  000  000 3000  000  000         1  7593090001024        3541422       22527062   537886710001  N  0                        220069 01/02/2025       USD          180          180         3623
01 39666622  PA126  M  BETADERM CR. 0,05% 15GR.                    1     15795     17550      1755     15795       000  000 1000  000  000  000         1  7591243804140        3542585       22527634   537886710001  N  0                       9387102 01/11/2025       USD          436          436         3623
01 39666622  16952  M  CEFIPLUS 15%/4%C.VAG.40G.                   1     30420     30420       000     30420       000  000  000  000  000  000         1  7592803004086        3542585       22527634   537886710001  N  0                       2311252 01/11/2025       USD          840          840         3623
01 39666622  VP990  M  CEVAX 500MG. X30CA.BLA                      1     24894     24894       000     24894       000  000  000  000  000  000         1  7592432007649        3541422       22527062   537886710001  N  0                        230275 01/11/2025       USD          687          687         3623
01 39666622  LO409  M  DESLORAT 5MG. X10TA                         1      6205      7756      1551      6205       000  000  000 2000  000  000         1  7591196002969        3541422       22527062   537886710001  N  0                       I123924 01/12/2025       USD          171          171         3623
01 39666622  14554  M  DESLORATADINA LAND5 X100                    1     22640     22640       000     22640       000  000  000  000  000  000         1  7598008000328        3542162       22527413   537886710001  N  0                       T30071A 01/12/2025       USD          625          625         3623
01 39666622  18461  M  DICLODAC 1,16% GEL 30GR.                    2      5863      5863       000     11726       000  000  000  000  000  000         1  7598578000575        3542162       22527413   537886710001  N  0                          3021 01/01/2026       USD          162          324         3623
01 39666622  BQ260  M  GLUCONATO FERROSO BQ120ML                   2      9100      9100       000     18200       000  000  000  000  000  000         1  7594000850428        3542585       22527634   537886710001  N  0                        230811 01/08/2025       USD          251          502         3623
01 39666622  16281  M  SOLFEM OV.VAG. X5                           1     41681     41681       000     41681       000  000  000  000  000  000         1   788070698654        3542585       22527634   537886710001  N  0                        113223 01/12/2025       USD         1150         1150         3623
01 39666622  11321  M  ULCON 1GR. X20TA                            1     45074     45074       000     45074       000  000  000  000  000  000         1  7591821210288        3541422       22527062   537886710001  N  0                       2310309 01/11/2025       USD         1244         1244         3623
02 39666622         12        223165           000           000        223165    0    0    0  000    0    0    0   08/04/2024 10:58:07 a. m.   PR           000           000             0            10           USD         3623         6160
