01 39666620  GN614  M  AMOXICIL AC.GN875/125 X14                   1     34934     43667      8733     34934       000  000  000 2000  000  000         1  7591585173195        3542162       22527413   537886690001  N  0                           682 01/11/2025       USD          964          964         3623
01 39666620  GT005  M  ASAPROL 81MG. X40CO                         6     12817     15079     13572     76902       000  000  000 1500  000  000         1  7591585561237        3542162       22527413   537886690001  N  0                           221 01/03/2026       USD          354         2123         3623
01 39666620  PD565  M  BARGONIL UNG. 10GR.                         1     29640     37050      7410     29640       000  000  000 2000  000  000         1  7591955000045        3542585       22527634   537886690001  N  0                          0116 01/07/2027       USD          818          818         3623
01 39666620  EL035  M  GENURIN 200MG. X10CO                        2     21164     21164       000     42328       000  000  000  000  000  000         1  7591062901198        3542585       22527634   537886690001  N  0                        23199A 01/01/2027       USD          584         1168         3623
01 39666620  GN072  M  LOSARTAN P. GN100 X10CO                     2      7656      7656       000     15312       000  000  000  000  000  000         1  7591585278920        3542162       22527413   537886690001  N  0                           191 01/02/2027       USD          211          423         3623
01 39666620  GN166  M  LOSARTAN P.GN100 X30CO                      2     22326     22326       000     44652       000  000  000  000  000  000         1  7591585378927        3542162       22527413   537886690001  N  0                           188 01/02/2027       USD          616         1232         3623
01 39666620  17479  N  MAGNESIO LIFE 500MG.X60CA                   2     27755     27755       000     55510       000  000  000  000  000  000         1  7592710005008        3542714       22527707   537886690001  N  0                       0322602 01/02/2027       USD          766         1532         3623
01 39666620  PD210  M  PRAXONA 150MG. X10CO                        2     15340     15340       000     30680       000  000  000  000  000  000         1  7591955000663        3542162       22527413   537886690001  N  0                          0061 01/08/2025       USD          423          847         3623
01 39666620  YZ006  C  KODAK XLIFE BAT.ALC.AA X2                   4      3149      3149       000     12596      2015  000  000  000  000  000         2   887930007794        3542162       22527413   537886690002  N  0                           10X 01/04/2033       USD          087          348         3623
01 39666620  GN759  M  DESLORATADINA GN S.ORAL60                   6      9881      9881       000     59286       000  000  000  000  000  000         3  7591585177445        3542585       22527634   537886690003  N  0                           057 01/10/2025       USD          273         1636         3623
01 39666620  LP420  M  GULAPER JBE.AD. 120ML.                      1     21580     21580       000     21580       000  000  000  000  000  000         3  7591955001288        3542162       22527413   537886690003  N  0                          0084 01/02/2026       USD          596          596         3623
02 39666620         29        410824         12596          2015        425435    0    0    0  000    0    0    0   08/04/2024 10:57:58 a. m.   PR           000           000             0            11           USD         3623        11687
