01 39697704  QO250  M  BROXOL GRIP PED.JBE120ML.                   2     14688     15461      1546     29376       000  000  000  500  000  000         1  7592454000734        3590056       22549984   538335480001  N  0                       3503457 01/03/2025       USD          404          808         3634
01 39697704  13119  M  CLOPIDOGREL BM75MG.X30TA                    6      2704      4160      8736     16224       000  000  000 3500  000  000         1  6972718560074        3590056       22549984   538335480001  N  0                        211289 01/12/2024       USD          074          446         3634
01 39697704  18133  M  DISCRALFAT 1GR. SUSP.150                    1     32464     32464       000     32464       000  000  000  000  000  000         1  7598252000754        3590710       22550402   538335480001  N  0                        230519 01/05/2026       USD          893          893         3634
01 39697704  13148  M  LEVOFLOXA I.V 500MG/100ML                   3      5051      5051       000     15153       000  000  000  000  000  000         1  7598252101062        3590056       22549984   538335480001  N  0                       2207101 01/07/2025       USD          139          417         3634
01 39697704  14568  M  LEVOTIROX LAND100MCG.X100                   1     30537     30537       000     30537       000  000  000  000  000  000         1  7598008000489        3590556       22550289   538335480001  N  0                     TL1010003 01/11/2025       USD          840          840         3634
01 39697704  13145  M  METRONIDAZOL DIS500 100ML                   3      5675      5675       000     17025       000  000  000  000  000  000         1  7598252101048        3590710       22550402   538335480001  N  0                       2306102 01/06/2026       USD          156          468         3634
01 39697704  15982  M  NIFEDIPINA DIS30MG. X30TA                   1     14044     14044       000     14044       000  000  000  000  000  000         1  7598252101659        3590710       22550402   538335480001  N  0                        230521 01/05/2026       USD          386          386         3634
01 39697704  14579  M  NIFEDIPINA LAND30 X100TA                    1     33170     33170       000     33170       000  000  000  000  000  000         1  7598008001615        3590710       22550402   538335480001  N  0                       T30909A 01/09/2026       USD          913          913         3634
01 39697704  GQ874  M  VALSARTAN H.LS80/12,5 X14                   3     12136     12775      1917     36408       000  000  000  500  000  000         1  7703763341092        3590556       22550289   538335480001  N  0                       3505059 01/09/2025       USD          334         1002         3634
01 39697704  12159  M  SOL FISIOLOGICA BM0,9%500                  18      3894      6490     46728     70092       000  000  000 4000  000  000         4  6972718560180        3590556       22550289   538335480004  N  0                        240104 01/01/2027       USD          107         1929         3634
02 39697704         39        294493           000           000        294493    0    0    0  000    0    0    0   20/04/2024 4:50:37 p. m.   PR           000           000             0            10           USD         3634         8104
