01 39697701  GN153  M  AC FOLICO GN5MG. X30CO                      3      5227      5808      1743     15681       000  000  000 1000  000  000         1  7591585271488        3590556       22550289   538335450001  N  0                           029 01/01/2026       USD          144          432         3634
01 39697701  RZ150  M  AC FOLICO PX10MG. X30TA                     6      5148      5720      3432     30888       000  000  000 1000  000  000         1  7594001101345        3590710       22550402   538335450001  N  0                          7454 01/03/2027       USD          142          850         3634
01 39697701  11352  M  ANAPIR 400MG. X10CA,BLAN                    1      6530      9329      2799      6530       000  000  000 3000  000  000         1  7593090001024        3590556       22550289   538335450001  N  0                        220170 01/06/2025       USD          180          180         3634
01 39697701  GT005  M  ASAPROL 81MG. X40CO                         6     14594     16216      9732     87564       000  000  000 1000  000  000         1  7591585561237        3590056       22549984   538335450001  N  0                           221 01/03/2026       USD          402         2410         3634
01 39697701  IF130  M  ERVOSTAL COMPR. X30                         1     59150     59150       000     59150       000  000  000  000  000  000         1  7593212000010        3590710       22550402   538335450001  N  0                      L200901A 01/05/2025       USD         1628         1628         3634
01 39697701  11499  M  FULGRAM 875MG-125MG X16CO                   1     71623     79581      7958     71623       000  000  000 1000  000  000         1  7591585213198        3590056       22549984   538335450001  N  0                           675 01/11/2025       USD         1971         1971         3634
01 39697701  AY171  C  JER 3CC 21X1-1/2 KX X100                    1     32110     33800      1690     32110      5138  000  000  500  000  000         1 10813333013824        3590056       22549984   538335450001  N  0                        221026 01/11/2027       USD          884          884         3634
01 39697701  17480  N  MAGNESIO PLUS LIFE450 X60                   1     31695     35217      3522     31695       000  000  000 1000  000  000         1  7592710005374        3590056       22549984   538335450001  N  0                       0300412 01/12/2026       USD          872          872         3634
01 39697701  18644  M  NEFROTAL 50MG. X30CO                        2     16250     16250       000     32500       000  000  000  000  000  000         1  7591619001180        3590056       22549984   538335450001  N  0                          0015 01/01/2027       USD          447          894         3634
01 39697701  18195  M  NIFEDIPINA JD30 LP X30TA                    2     14080     14080       000     28160       000  000  000  000  000  000         1  7840108350132        3590710       22550402   538335450001  N  0                         GT458 01/06/2026       USD          387          775         3634
01 39697701  12875  M  SULIXTRA DUO 0.4-0.5X30CA                   2     77202     77202       000    154404       000  000  000  000  000  000         1  7593090002410        3590056       22549984   538335450001  N  0                  TL210JC24001 01/12/2025       USD         2124         4249         3634
01 39697701  12874  M  SULIXTRA DUO 0.4/0.5 10CA                   1     26910     26910       000     26910       000  000  000  000  000  000         1  7593090001215        3590056       22549984   538335450001  N  0                  TL210IC24001 01/12/2025       USD          741          741         3634
01 39697701  10076  C  VASELINA EBEN 30GR.                         3      4157      4891      2202     12471      1995  000  000 1500  000  000         1  7595492000186        3590056       22549984   538335450001  N  0                         VS007 01/03/2028       USD          114          343         3634
01 39697701  16450  C  NORAH'S JAB.GLICERINA 90G                   2      5590      5590       000     11180      1789  000  000  000  000  000         2  7598404231814        3590710       22550402   538335450002  N  0                      20231117 01/11/2025       USD          154          308         3634
01 39697701  13505  M  PEDIALY MAX 60 COCO 500ML                   1     17849     17849       000     17849       000  000  000  000  000  000         3  7501033962592        3590056       22549984   538335450003  N  0                       49412MC 01/01/2025       USD          491          491         3634
01 39697701  13508  M  PEDIALY MAX 60 MANZ 500ML                   1     17849     17849       000     17849       000  000  000  000  000  000         3  7501033962578        3590056       22549984   538335450003  N  0                       51409MC 01/06/2025       USD          491          491         3634
02 39697701         34        580803         55761          8922        645486    0    0    0  000    0    0    0   20/04/2024 4:50:28 p. m.   PR           000           000             0            16           USD         3634        17517
