01 39701432  18771  M  CIPROFLOXACINA LS500 10TA                   3     11798     12419      1863     35394       000  000  000  500  000  000         1  7703763997923        3596029       22552880   538387510001  N  0                       3317471 01/09/2026       USD          325          974         3634
01 39701432  QM520  M  ESOZ 20MG. X14CAPS.MGE                      1     16684     17562       878     16684       000  000  000  500  000  000         1  7592454889285        3596029       22552880   538387510001  N  0                       3505792 01/02/2026       USD          459          459         3634
01 39701432  11555  M  ESOZ 20MG. X7CAPS.MGE                       1     10778     11345       567     10778       000  000  000  500  000  000         1  7592454891264        3596029       22552880   538387510001  N  0                       3505792 01/02/2026       USD          297          297         3634
01 39701432  14117  M  FANASAL AD. GOTAS 15ML.                    12      4914      6143     14748     58968       000  000 2000  000  000  000         1  7598484000218        3596029       22552880   538387510001  N  0                          1824 01/02/2027       USD          135         1623         3634
01 39701432  14782  M  IBUPRO-TIOCO DAC600-4 X10                   3     11411     11411       000     34233       000  000  000  000  000  000         1  7598578000247        3595741       22552727   538387510001  N  0                          V422 01/05/2026       USD          314          942         3634
01 39701432  MK024  M  KETOPROFENO +MK 50 X 12                     1      8900      8900       000      8900       000  000  000  000  000  000         1  7591519050905        3595741       22552727   538387510001  N  0                         34902 01/01/2026       USD          245          245         3634
01 39701432  19099  M  LATTFLON 450MG-50MG.X30TA                   2     39312     49140     19656     78624       000  000  000 2000  000  000         1   756029628335        3596029       22552880   538387510001  N  0                   SIT23001H08 01/07/2026       USD         1082         2164         3634
01 39701432  15028  M  METRONI-MICO AL750/200 7O                   2     14582     29163     29162     29164       000  000  000 5000  000  000         1  7597758000725        3595741       22552727   538387510001  N  0                      C2ANY001 01/02/2026       USD          401          803         3634
01 39701432  16791  M  NID 100MG. 10B.X10TA                        1     37687     37687       000     37687       000  000  000  000  000  000         1  8904306502171        3596029       22552880   538387510001  N  0                         VZ182 01/10/2025       USD         1037         1037         3634
02 39701432         26        310432           000           000        310432    0    0    0  000    0    0    0   22/04/2024 6:57:16 p. m.   PR           000           000             0             9           USD         3634         8542
