01 39730383  MK004  M  CARVEDILOL +MK 6,25 X14TA                   2      7818      7818       000     15636       000  000  000  000  000  000         1  7591519007633        3634912       22573938   538811090001  N  0                         34966 01/02/2026       USD          214          427         3658
01 39730383  16939  M  CARVEDILOL BM6,25 X30TA                     6      2912      4160      7488     17472       000  000  000 3000  000  000         1  7598127001626        3634912       22573938   538811090001  N  0                        220447 01/04/2025       USD          080          478         3658
01 39730383  GQ224  M  CETIRIZINA LS5MG.JBE60ML.                   6      7419      8728      7854     44514       000  000  000 1500  000  000         1  7592454138239        3635360       22574151   538811090001  N  0                       3505545 01/11/2026       USD          203         1217         3658
01 39730383  10658  M  DISULPEC 25MG. X20TA                        2     12670     12670       000     25340       000  000  000  000  000  000         1  7591519051971        3635360       22574151   538811090001  N  0                         34879 01/12/2025       USD          346          693         3658
01 39730383  11555  M  ESOZ 20MG. X7CAPS.MGE                       2     10832     11402      1140     21664       000  000  000  500  000  000         1  7592454891264        3635257       22574105   538811090001  N  0                       3505792 01/02/2026       USD          296          592         3658
01 39730383  MK024  M  KETOPROFENO +MK 50 X 12                     2      8900      8900       000     17800       000  000  000  000  000  000         1  7591519050905        3635257       22574105   538811090001  N  0                         34902 01/01/2026       USD          243          487         3658
01 39730383  13584  M  METRONIDAZOL DIS250 100ML                   1     10108     10108       000     10108       000  000  000  000  000  000         1  7598252101291        3635257       22573938   538811090001  N  0                        230312 01/03/2026       USD          276          276         3658
01 39730383  13584  M  METRONIDAZOL DIS250 100ML                   1     10108     10108       000     10108       000  000  000  000  000  000         1  7598252101291        3634912       22573938   538811090001  N  0                        230312 01/03/2026       USD          276          276         3658
01 39730383  13888  M  METRONIDAZOL LS500 X10TA                    1     11509     12115       606     11509       000  000  000  500  000  000         1  7703763326402        3634912       22573938   538811090001  N  0                       3326330 01/02/2026       USD          315          315         3658
01 39730383  16430  M  VALSARTAN BM80MG. X30TA                     2     20800     41600     41600     41600       000  000  000 5000  000  000         1  7598127001602        3634085       22573476   538811090001  N  0                        230903 01/09/2026       USD          569         1137         3658
01 39730383  14123  M  MUCOFAR AD.JBE. 120ML.                      2     10498     10498       000     20996       000  000  000  000  000  000         3  7598484000867        3634912       22573938   538811090003  N  0                          1924 01/02/2026       USD          287          574         3658
02 39730383         27        236747           000           000        236747    0    0    0  000    0    0    0   06/05/2024 1:41:18 p. m.   PR           000           000             0            10           USD         3658         6472
