01 39745972  VO106  M  AMOXICILINA GCR500 X12CA                    2     14824     14824       000     29648       000  000  000  000  000  000         1  7591020008860        3655298       22585720   539035510001  N  0                            54 01/02/2029       USD          405          810         3661
01 39745972  18784  M  CANDESARTAN SP8MG. X30CO                   12     13813     16250     29244    165756       000  000  000 1500  000  000         1  7590027002857        3654850       22585489   539035510001  N  0                           964 01/04/2026       USD          377         4528         3661
01 39745972  MY060  N  EQUALIV TAB. X30                            1     18629     18629       000     18629       000  000  000  000  000  000         1  7592601100805        3655993       22585992   539035510001  N  0                        360107 01/10/2025       USD          509          509         3661
01 39745972  FA021  M  FITEX 5MG. X10TA                            3      9360      9360       000     28080       000  000  000  000  000  000         1  7591821904323        3655078       22585620   539035510001  N  0                       2401362 01/02/2026       USD          256          767         3661
01 39745972  FA019  M  FITEX 5MG. X30TA                            3     21263     22620      4071     63789       000  000  000  600  000  000         1  7591821904316        3654850       22585489   539035510001  N  0                       2401363 01/02/2026       USD          581         1742         3661
01 39745972  17537  M  LOSARTAN P.SP100 X30CO                      6     12841     15107     13596     77046       000  000  000 1500  000  000         1  7590027002888        3656072       22586022   539035510001  N  0                           714 01/03/2026       USD          351         2105         3661
01 39745972  17948  M  QUETIAPINA PM100MG.X30TA                    3     19760     20800      3120     59280       000  000  000  500  000  000         1  8906082151567        3654850       22585489   539035510001  N  0                         T3775 01/07/2026       USD          540         1619         3661
01 39745972  18802  M  QUETIAPINA SP100MG. X30CO                   2     24217     28491      8548     48434       000  000  000 1500  000  000         1  7590027002666        3654850       22585489   539035510001  N  0                           664 01/03/2026       USD          661         1323         3661
01 39745972  MY104  N  SEDIVAL TAB. X30                            1     14225     14225       000     14225       000  000  000  000  000  000         1  7592601100836        3655814       22585897   539035510001  N  0                        460501 01/01/2026       USD          389          389         3661
01 39745972  16741  M  SULTAMICILINA ANG750 10TA                   2     38220     38220       000     76440       000  000  000  000  000  000         1  7598176000410        3656365       22586157   539035510001  N  0                       ST23217 01/11/2026       USD         1044         2088         3661
01 39745972  LO320  M  TODEX 0,3%-0,1%SU.OF.5ML                    6     21602     24002     14400    129612       000  000  000 1000  000  000         1  7591196000514        3656365       22586157   539035510001  N  0                       I103382 01/11/2025       USD          590         3540         3661
02 39745972         41        710939           000           000        710939    0    0    0  000    0    0    0   13/05/2024 1:32:03 p. m.   PR           000           000             0            11           USD         3661        19419
