01 39745973  RZ150  M  AC FOLICO PX10MG. X30TA                     6      5434      5720      1716     32604       000  000  000  500  000  000         1  7594001101345        3656059       22586020   539035520001  N  0                          7454 01/03/2027       USD          148          891         3661
01 39745973  15264  M  ACETAMINOFEN BM800 X10TA                   12      1207      2413     28944     14484       000  000  000 5000  000  000         1  7598127000988        3656365       22585489   539035520001  N  0                        220443 01/04/2025       USD          033          396         3661
01 39745973  15264  M  ACETAMINOFEN BM800 X10TA                   12      1207      2413     28944     14484       000  000  000 5000  000  000         1  7598127000988        3654850       22585489   539035520001  N  0                        220443 01/04/2025       USD          033          396         3661
01 39745973  14768  M  ACETAMINOFEN LAT500 X100                    6     10920     21840     65520     65520       000  000  000 5000  000  000         1   720524031105        3654850       22585489   539035520001  N  0                       ACM1017 01/02/2025       USD          298         1790         3661
01 39745973  15716  M  ATORVASTATINA FM20 X30TA                    6      9653      9653       000     57918       000  000  000  000  000  000         1  8906005117564        3656365       22586157   539035520001  N  0                     E13392303 01/05/2026       USD          264         1582         3661
01 39745973  15717  M  ATORVASTATINA FM40 X30TA                    6     11115     11115       000     66690       000  000  000  000  000  000         1  8906005118783        3656365       22586157   539035520001  N  0                     E13402304 01/05/2026       USD          304         1822         3661
01 39745973  12138  M  AZITROMICI BM200 PPSO15ML                   6      6490      9984     20964     38940       000  000  000 3500  000  000         1  6930169708346        3654850       22585489   539035520001  N  0                        230901 01/09/2026       USD          177         1064         3661
01 39745973  MK088  M  AZITROMICINA +MK500 X3TA                   12      6616      9451     34020     79392       000  000  000 3000  000  000         1  7591519002027        3654850       22585489   539035520001  N  0                         34183 01/06/2026       USD          181         2169         3661
01 39745973  18403  M  AZITROMICINA +MK500 X5TA                   12      9064     12949     46620    108768       000  000  000 3000  000  000         1  7591519000979        3656365       22586157   539035520001  N  0                         34956 01/02/2027       USD          248         2971         3661
01 39745973  16004  M  CARVEDILOL DIS12,5 X30TA                    3     12090     12090       000     36270       000  000  000  000  000  000         1  7598252101666        3656365       22586157   539035520001  N  0                        220420 01/04/2025       USD          330          991         3661
01 39745973  17509  M  DIALPRON 250MG. JBE.120ML                   2     38011     38011       000     76022       000  000  000  000  000  000         1  7598252000440        3654850       22585489   539035520001  N  0                        230630 01/06/2026       USD         1038         2077         3661
01 39745973  17741  M  DINAMONT PLUS GRA.NJA.20S                   2     19440     19440       000     38880       000  000  000  000  000  000         1  7598252000587        3655814       22585897   539035520001  N  0                        230401 01/04/2026       USD          531         1062         3661
01 39745973  14877  M  LORATADINA FM10MG. X10TA                   12      2340      2340       000     28080       000  000  000  000  000  000         1  8906082150669        3656365       22586157   539035520001  N  0                         T2144 01/01/2025       USD          064          767         3661
01 39745973  15725  M  QUETIAPINA FM100MG. X10TA                   2      7898      7898       000     15796       000  000  000  000  000  000         1  8906082151185        3654850       22585489   539035520001  N  0                         T3742 01/07/2026       USD          216          431         3661
01 39745973  17256  M  DEXTAMIN 0,5MG. SOL.60ML.                   2      7800      9750      3900     15600       000  000  000 2000  000  000         3  7594001101680        3656365       22586157   539035520003  N  0                          7208 01/09/2025       USD          213          426         3661
02 39745973        101        689448           000           000        689448    0    0    0  000    0    0    0   13/05/2024 1:32:05 p. m.   PR           000           000             0            14           USD         3661        18832
