01 39777333  18774  M  AC FOLICO +MK10MG. X30TA                   24      5560      5732      4128    133440       000  000  300  000  000  000         1  7591519001112        3694827       22609199   539477770001  N  0                         35319 01/04/2027       USD          152         3650         3656
01 39777333  MK635  M  ALBENDAZOL +MK200T.FRU.X2                  24      3851      3970      2856     92424       000  000  300  000  000  000         1  7591519007022        3694827       22609199   539477770001  N  0                         34921 01/01/2026       USD          105         2528         3656
01 39777333  17155  M  AMOXI-AC +MK400/57 PPSO70                   6     36210     43917     46242    217260       000  000  300 1500  000  000         1  7591519000610        3694827       22609199   539477770001  N  0                         63603 01/10/2025       USD          990         5943         3656
01 39777333  10827  M  ANTAAR 5MG. X30TA                           6     18828     19410      3492    112968       000  000  300  000  000  000         1  7591519051896        3694827       22609199   539477770001  N  0                         35061 01/02/2027       USD          515         3090         3656
01 39777333  PF204  M  ATAMEL FORTE 650MG. X10TA                  12      8106      8796      8280     97272       000  000  300  500  000  000         1  7591257000552        3694827       22609199   539477770001  N  0                         33858 01/02/2026       USD          222         2661         3656
01 39777333  MK139  M  ATORVASTATINA +MK40 X30TA                   6     31430     36002     27432    188580       000  000  300 1000  000  000         1  7591519051568        3694827       22609199   539477770001  N  0                        151123 01/11/2025       USD          860         5158         3656
01 39777333  18403  M  AZITROMICINA +MK500 X5TA                   48     10048     12949    139248    482304       000  000  300 2000  000  000         1  7591519000979        3694827       22609199   539477770001  N  0                         35149 01/03/2027       USD          275        13192         3656
01 39777333  AO180  M  CALOXPIRINA 81MG. X30TA                     6     12000     12371      2226     72000       000  000  300  000  000  000         1  7591519008487        3694827       22609199   539477770001  N  0                         35238 01/03/2027       USD          328         1969         3656
01 39777333  MK675  M  DOL 450-40-1 X10TA                         12      7275      8823     18576     87300       000  000  300 1500  000  000         1  7591519000474        3694827       22609199   539477770001  N  0                         33169 01/08/2025       USD          199         2388         3656
01 39777333  19473  M  DOL DUO 500/10 X10TA                        3     15999     16494      1485     47997       000  000  300  000  000  000         1  7591519001013        3694827       22609199   539477770001  N  0                         34535 01/08/2025       USD          438         1313         3656
01 39777333  MK939  M  DOMPERIDONA +MK 10 X15                     12      5552      5724      2064     66624       000  000  300  000  000  000         1  7591519007428        3694827       22609199   539477770001  N  0                         34866 01/11/2026       USD          152         1822         3656
01 39777333  MK809  M  IVERMECTINA +MK 6MG. X4TA                  12      5792      5971      2148     69504       000  000  300  000  000  000         1  7591519007121        3694827       22609199   539477770001  N  0                         34950 01/02/2026       USD          158         1901         3656
01 39777333  MK036  M  PREDNISONA +MK5MG. X30TA                   12     13079     13484      4860    156948       000  000  300  000  000  000         1  7591519050806        3694827       22609199   539477770001  N  0                         35101 01/03/2029       USD          358         4293         3656
01 39777333  18421  M  SERTRALINA +MK50MG. X30TA                   6     29374     30282      5448    176244       000  000  300  000  000  000         1  7591519001051        3694827       22609199   539477770001  N  0                         35291 01/03/2027       USD          803         4821         3656
01 39777333  MK088  M  AZITROMICINA +MK500 X3TA                   48      7792      9451     79632    374016       000  000  300 1500  000  000         2  7591519002027        3694827       22609199   539477770002  N  0                         34955 01/02/2027       USD          213        10230         3656
01 39777333  MK087  M  DESLORATADINA +MK5MG. X10                  12      5469      6633     13968     65628       000  000  300 1500  000  000         2  7591519008210        3694827       22609199   539477770002  N  0                         35396 01/04/2027       USD          150         1795         3656
01 39777333  MK020  M  DICLOFENAC P. +MK50 X20TA                  48      3915      4485     27360    187920       000  000  300 1000  000  000         2  7591519001501        3694827       22609199   539477770002  N  0                         35006 01/02/2027       USD          107         5140         3656
01 39777333  MK579  M  DOL PLUS TAB. X10                          12      8146      9880     20808     97752       000  000  300 1500  000  000         2  7591519005134        3694827       22609199   539477770002  N  0                         34597 01/10/2026       USD          223         2674         3656
01 39777333  AH235  M  HEXOMEDINE COLUT.AER.30GR                   6     22648     27469     28926    135888       000  000  300 1500  000  000         2  7591519317398        3694827       22609199   539477770002  N  0                         34904 01/01/2026       USD          619         3717         3656
01 39777333  MK024  M  KETOPROFENO +MK 50 X 12                    12      8633      8900      3204    103596       000  000  300  000  000  000         2  7591519050905        3694827       22609199   539477770002  N  0                         35311 01/03/2026       USD          236         2834         3656
01 39777333  MK130  M  LOSARTAN P. MK 50MGX30                     12     11352     12319     11604    136224       000  000  300  500  000  000         2  7591519051698        3694827       22609199   539477770002  N  0                         34958 01/02/2026       USD          311         3726         3656
01 39777333  MK100  M  RISPERIDONA +MK2MG. X20TA                   6     14476     14924      2688     86856       000  000  300  000  000  000         2  7591519009255        3694827       22609199   539477770002  N  0                         35312 01/03/2026       USD          396         2376         3656
01 39777333  MK959  M  TIOCOLCHICOSIDO +MK4 X12                   12     11219     12851     19584    134628       000  000  300 1000  000  000         2  7591519007749        3694827       22609199   539477770002  N  0                         35086 01/02/2027       USD          307         3682         3656
02 39777333        357       3323373           000           000       3323373    0    0    0  000    0    0    0   22/05/2024 10:09:09 p. m.   PR           000           000             0            23           USD         3656        90902
