01 39778940  LT221  M  DERAIN 15% CR.TOP. 15GR.                    1     50276     50276       000     50276       000  000  000  000  000  000         1  7591585215901        3694940       22609281   539495580001  N  0                           274 01/10/2026       USD         1376         1376         3655
01 39778940  15452  M  DICLOFENAC S. SGG1% GEL50                   1     11388     11388       000     11388       000  000  000  000  000  000         1  7596347793574        3694940       22609281   539495580001  N  0                      LD4V0226 01/02/2026       USD          312          312         3655
01 39778940  13892  M  ENALAPRIL PORTU10 X100TA                    2     16990     17884      1788     33980       000  000  000  500  000  000         1  7750215003749        3694940       22609281   539495580001  N  0                       2038313 01/03/2025       USD          465          930         3655
01 39778940  11136  M  FLOMED SOL.TOP.BUCAL180ML                   1     10980     10980       000     10980       000  000  000  000  000  000         1  7591062901365        3694940       22609281   539495580001  N  0                        23054A 01/03/2026       USD          300          300         3655
01 39778940  KX209  C  GUANTES NITRILO M KX X100                   2     27170     28600      2860     54340      8694  000  000  500  000  000         1   813333012813        3694940       22609281   539495580001  N  0                 209008641NCZA 01/03/2027       USD          743         1487         3655
01 39778940  14384  M  KETOPROFENO TIA100MG.X10A                   1     31941     31941       000     31941       000  000  000  000  000  000         1  8904187861770        3695561       22609889   539495580001  N  0                         GN547 01/08/2025       USD          874          874         3655
01 39778940  17010  C  PERICRANEAL 21G. PM X100                    1     45302     45302       000     45302       000  000  000  000  000  000         1  7597467000207        3695479       22609790   539495580001  N  0                      20211105 01/11/2026       USD         1239         1239         3655
01 39778940  GT005  M  ASAPROL 81MG. X40CO                         6     12968     15256     13728     77808       000  000  000 1500  000  000         2  7591585561237        3695561       22609889   539495580002  N  0                           224 01/03/2026       USD          355         2129         3655
01 39778940  GN146  M  ENALAPRIL GN 20MG. X30CO                   12      6755      7505      9000     81060       000  000  000 1000  000  000         2  7591585378538        3694940       22609281   539495580002  N  0                           452 01/04/2026       USD          185         2218         3655
01 39778940  16679  M  EUTIROX 100MCG. X50TA                       6     44399     52234     47010    266394       000  000  000 1500  000  000         2  7501298234601        3694940       22609281   539495580002  N  0                        M33114 01/07/2025       USD         1215         7288         3655
01 39778940  16678  M  EUTIROX 50MCG. X50TA                        3     43040     50635     22785    129120       000  000  000 1500  000  000         2  7501298234908        3694940       22609281   539495580002  N  0                        M33107 01/07/2025       USD         1178         3533         3655
01 39778940  16678  M  EUTIROX 50MCG. X50TA                        3     43040     50635     22785    129120       000  000  000 1500  000  000         3  7501298234908        3694940       22609281   539495580003  N  0                        M33107 01/07/2025       USD         1178         3533         3655
02 39778940         39        822067         99642          8694        930403    0    0    0  000    0    0    0   23/05/2024 8:54:45 a. m.   PR           000           000             0            12           USD         3655        25218
