01 39782249  16098  M  ACIDO FOLICO BQ GOTAS30ML                   2     15284     16088      1608     30568       000  000  000  500  000  000         1  7594000851333                      22611158   539516000001  N  0                        240309 01/03/2027       USD          418          836         3655
01 39782249  GQ954  M  BETAHISTINA LS16MG. X20TA                   2     24821     26127      2612     49642       000  000  000  500  000  000         1  7592454002400                      22611158   539516000001  N  0                       3506226 01/04/2026       USD          679         1358         3655
01 39782249  QO170  M  BROXOL FLEM PED. 120CC.                     1     17890     19878      1988     17890       000  000  000 1000  000  000         1  7592454000444                      22611158   539516000001  N  0                       3505850 01/02/2026       USD          489          489         3655
01 39782249  12580  M  CEFEPIME KMP1GR. X1VIAL                     2     10216     12019      3606     20432       000  000  000 1500  000  000         1  6921875010793                      22611158   539516000001  N  0                       2206401 01/06/2025       USD          280          559         3655
01 39782249  11083  M  FLOMED SOL.BUCAL AER45ML.                   1     16506     16506       000     16506       000  000  000  000  000  000         1  7591062901129                      22611158   539516000001  N  0                        23103A 01/06/2025       USD          452          452         3655
01 39782249  AY206  C  GUANTES QUIR. 7,5 PAR KX                   12      2724      3120      4752     32688      5230  000  300 1000  000  000         1  7592194000278                      22611158   539516000001  N  0                      B2239098 01/08/2025       USD          075          894         3655
01 39782249  AY207  C  GUANTES QUIR. 8 PAR KX                      1      2724      3120       396      2724       436  000  300 1000  000  000         1  7592194000292                      22611158   539516000001  N  0                      B2239098 01/08/2025       USD          075          075         3655
01 39782249  QM340  M  LEPRIT 25MG. X30TA                          1     19326     22737      3411     19326       000  000  000 1500  000  000         1  7703763363063                      22611158   539516000001  N  0                       3506205 01/03/2026       USD          529          529         3655
01 39782249  GN101  M  LOSARTAN P.GN50MG. X30                      3     12736     12736       000     38208       000  000  000  000  000  000         1  7591585278951                      22611158   539516000001  N  0                           430 01/04/2026       USD          348         1045         3655
01 39782249  MO140  M  PERTEN 1% CREMA 20GR.                       1     18331     19711      1380     18331       000  000  000  700  000  000         1  7592601101154                      22611158   539516000001  N  0                        433201 01/03/2027       USD          502          502         3655
01 39782249  AP001  M  SIGTIPHIN 200MG. X10CO                      2     15036     17689      5306     30072       000  000  000 1500  000  000         1  7592601301639                      22611158   539516000001  N  0                        336503 01/05/2025       USD          411          823         3655
01 39782249  15918  M  SUCRALFATO CLEO1GR. X10TA                   2      8818      8818       000     17636       000  000  000  000  000  000         1  7598677000292                      22611158   539516000001  N  0                       22T0912 01/08/2025       USD          241          483         3655
01 39782249  15912  M  VENLAFAXINA CLEO75MG.30TA                   1     30030     30030       000     30030       000  000  000  000  000  000         1  7598677000209                      22611158   539516000001  N  0                       23T0242 01/01/2026       USD          822          822         3655
01 39782249  LT249  M  XYLON 5MG/6,25MG. X30CO                     1     35768     35768       000     35768       000  000  000  000  000  000         1  7591585113313                      22611158   539516000001  N  0                           095 01/04/2026       USD          979          979         3655
01 39782249  AY207  C  GUANTES QUIR. 8 PAR KX                     11      2724      3120      4356     29964      4794  000  300 1000  000  000         2  7592194000292                      22611158   539516000002  N  0                      B2239098 01/08/2025       USD          075          820         3655
02 39782249         43        324409         65376         10460        400245    0    0    0  000    0    0    0   23/05/2024 9:00:30 p. m.   PR           000           000             0            15           USD         3655        10664
