01 39787367  VM464  M  CANDER 16MG. X30TA                          2     40135     40135       000     80270       000  000  000  000  000  000         1  7591020008303        3705727       22616044   539611180001  N  0                           243 01/04/2029       USD         1099         2199         3651
01 39787367  16220  M  CARBAMAZEPINA ANG200 30TA                   2      9669      9669       000     19338       000  000  000  000  000  000         1  7598176000243        3706054       22616208   539611180001  N  0                       22T0842 01/07/2025       USD          265          530         3651
01 39787367  VP534  M  CARVIX CAPS.BLANDAS X30                     1     16858     17745       887     16858       000  000  000  500  000  000         1  7592432009728        3706027       22616195   539611180001  N  0                        240022 01/01/2027       USD          462          462         3651
01 39787367  15910  M  CEFIXIMA CLEO400MG. X10TA                   2     17690     17690       000     35380       000  000  000  000  000  000         1  7598677000230        3704395       22615331   539611180001  N  0                        3B5373 01/08/2026       USD          485          969         3651
01 39787367  15950  M  DICLOFENAC S.CLEO0,1% 5ML                   4     12776     12776       000     51104       000  000  000  000  000  000         1  7598677000346        3706027       22616195   539611180001  N  0                    BNI0324063 01/02/2026       USD          350         1400         3651
01 39787367  17227  M  EUSILEN DUAL 600-4 X10TA                    2     17428     17428       000     34856       000  000  000  000  000  000         1  7591818000274        3706027       22616195   539611180001  N  0                         30212 01/08/2026       USD          477          955         3651
01 39787367  12379  M  LOSART P,H ANG50-12,5X30                    2     10592     10592       000     21184       000  000  000  000  000  000         1  7598176000090        3705727       22615331   539611180001  N  0                       23T0222 01/01/2026       USD          290          580         3651
01 39787367  12379  M  LOSART P,H ANG50-12,5X30                    4     10592     10592       000     42368       000  000  000  000  000  000         1  7598176000090        3704395       22615331   539611180001  N  0                       23T0222 01/01/2026       USD          290         1160         3651
01 39787367  13487  M  LOSARTAN P. ANG50 X30TA                     4      8736      8736       000     34944       000  000  000  000  000  000         1  7598176000120        3705727       22616044   539611180001  N  0                       23T0224 01/01/2026       USD          239          957         3651
01 39787367  16917  M  OSTEOCAL 600MG. X30TA                       1     22324     22324       000     22324       000  000  000  000  000  000         1  7707355057255        3705456       22615916   539611180001  N  0                      24311123 01/12/2026       USD          611          611         3651
02 39787367         24        358626           000           000        358626    0    0    0  000    0    0    0   27/05/2024 9:13:34 a. m.   PR           000           000             0             9           USD         3651         9823
