01 39796117  14423  M  ACETAMINOFEN AL180 120ML                   12     11659     14288     31548    139908       000  000  400 1500  000  000         1  7597758000459        3714575       22620587   539734810001  N  0                         DL385 01/06/2025       USD          319         3832         3651
01 39796117  12193  M  AZITROMICINA AL200 22,5ML                   6     17884     23287     32418    107304       000  000  400 2000  000  000         1  7597758000152        3714575       22620587   539734810001  N  0                      B1ARD019 01/10/2025       USD          490         2939         3651
01 39796117  11624  M  BISOPROLOL AL2,5MG. X30TA                   6     15761     18242     14886     94566       000  000  400 1000  000  000         1  7597758000114        3714575       22620587   539734810001  N  0                         DL387 01/06/2025       USD          432         2590         3651
01 39796117  11625  M  BISOPROLOL AL5MG. X30TA                     6     18923     21902     17874    113538       000  000  400 1000  000  000         1  7597758000121        3714575       22620587   539734810001  N  0                         DL388 01/06/2025       USD          518         3110         3651
01 39796117  12191  M  CARBAMAZEPINA AL200 X30TA                  12     15725     18200     29700    188700       000  000  400 1000  000  000         1  7597758000503        3714575       22620587   539734810001  N  0                         DL348 01/06/2025       USD          431         5168         3651
01 39796117  12928  M  CLOTRIMAZOL AL500MG X1OVU                  12      7629     11352     44676     91548       000  000  400 3000  000  000         1  7597758000664        3714575       22620587   539734810001  N  0                      C1AHK001 01/09/2026       USD          209         2507         3651
01 39796117  11623  M  LOSARTAN P. AL50MG. X30TA                  12      6749      9373     31488     80988       000  000  400 2500  000  000         1  7597758000138        3714575       22620587   539734810001  N  0                         DL351 01/06/2025       USD          185         2218         3651
01 39796117  11628  M  METFORMINA AL500MG. X30TA                  12      6322     10131     45708     75864       000  000  400 3500  000  000         1  7597758000084        3714575       22620587   539734810001  N  0                         DL367 01/06/2025       USD          173         2078         3651
01 39796117  12930  M  METRONIDAZOL AL500 10O.VA                  12     14781     17108     27924    177372       000  000  400 1000  000  000         1  7597758000671        3714575       22620587   539734810001  N  0                      C1ARM003 01/08/2026       USD          405         4858         3651
01 39796117  12192  M  METRONIDAZOL AL500MG.10TA                   6      5021      5506      2910     30126       000  000  400  500  000  000         1  7597758000534        3714575       22620587   539734810001  N  0                         DL436 01/12/2025       USD          138          825         3651
01 39796117  11630  M  OMEFLUX 20MG. X10CA                        12      4337      5647     15720     52044       000  000  400 2000  000  000         1  7597758000060        3714575       22620587   539734810001  N  0                         FL370 01/06/2025       USD          119         1425         3651
01 39796117  11629  M  PANTOPRAZOL AL40MG. X7TA                    6      5007      6520      9078     30042       000  000  400 2000  000  000         1  7597758000299        3714575       22620587   539734810001  N  0                         DL428 01/12/2025       USD          137          823         3651
01 39796117  18169  M  PATFLUX 40MG. X14TA                         6      8409     13476     30402     50454       000  000  400 3500  000  000         1  7597758001005        3714575       22620587   539734810001  N  0                         DL397 01/06/2025       USD          230         1382         3651
02 39796117        120       1232454           000           000       1232454    0    0    0  000    0    0    0   28/05/2024 7:30:42 p. m.   PR           000           000             0            13           USD         3651        33757
