01 39852970  12581  M  CEFIXIMA KMP400MG. X10CA                    3     13382     22304     26766     40146       000  000  000 4000  000  000         1  6921875010809        3776733       22655202   540517240001  N  0                        220403 01/02/2025       USD          367         1102         3642
01 39852970  VP990  M  CEVAX 500MG. X30CA.BLA                      1     24894     24894       000     24894       000  000  000  000  000  000         1  7592432007649        3777048       22655367   540517240001  N  0                        240036 01/02/2026       USD          684          684         3642
01 39852970  GM139  M  ESPIRONOLACTONA MY 25X20                    2     25305     25305       000     50610       000  000  000  000  000  000         1  7592601300984        3777048       22655367   540517240001  N  0                        456805 01/05/2026       USD          695         1390         3642
01 39852970  MY005  M  IMAZOL SOL.SPRAY 1% 25ML.                   1     18333     18333       000     18333       000  000  000  000  000  000         1  7592601100447        3777214       22655457   540517240001  N  0                        327906 01/01/2027       USD          503          503         3642
01 39852970  12379  M  LOSART P,H ANG50-12,5X30                    2     10592     10592       000     21184       000  000  000  000  000  000         1  7598176000090        3777214       22655457   540517240001  N  0                       23T0221 01/01/2026       USD          291          582         3642
01 39852970  MY134  M  MUPROBAN 2% UNG. 15GR.                      1     24862     29249      4387     24862       000  000  000 1500  000  000         1  7592601101093        3777048       22655367   540517240001  N  0                        432802 01/04/2026       USD          683          683         3642
01 39852970  11563  N  OMEGA 369 AI1000MG. X60CA                   1     36303     36303       000     36303       000  000  000  000  000  000         1  7592946169659        3777048       22655367   540517240001  N  0                      03249659 01/05/2026       USD          997          997         3642
01 39852970  PA053  M  TAMOA 250MG. X6CO.MAST.                     3     23400     26000      7800     70200       000  000  000 1000  000  000         1  7591243849622        3776733       22655202   540517240001  N  0                       9438001 01/05/2026       USD          643         1928         3642
01 39852970  11697  M  HEPAFOL FORTE JBE. 120ML.                   1     40879     43030      2151     40879       000  000  000  500  000  000         3  7592601301851        3776733       22655202   540517240003  N  0                        438301 01/01/2026       USD         1122         1122         3642
02 39852970         15        327411           000           000        327411    0    0    0  000    0    0    0   17/06/2024 8:41:45 a. m.   PR           000           000             0             9           USD         3642         8990
