01 39852969  19678  N  ACEITE DE COCO FSI 30CC.                    6      6708      6708       000     40248       000  000  000  000  000  000         1  7592368000073        3775992       22654866   540517230001  N  0                       0524036 01/03/2026       USD          184         1105         3642
01 39852969  EL199  M  FLATORIL 125MG. X20CA.BLA                   1     21667     21667       000     21667       000  000  000  000  000  000         1  7591062014607        3776733       22655202   540517230001  N  0                        24003A 01/06/2025       USD          595          595         3642
01 39852969  EL035  M  GENURIN 200MG. X10CO                        2     22222     22222       000     44444       000  000  000  000  000  000         1  7591062901198        3775934       22654845   540517230001  N  0                        24033A 01/02/2027       USD          610         1220         3642
01 39852969  11502  M  LOPERAM 2MG. X10TA                          1     11294     11294       000     11294       000  000  000  000  000  000         1  7592349723571        3776733       22655202   540517230001  N  0                       2404450 01/04/2029       USD          310          310         3642
01 39852969  GN173  M  LOSARTAN P. GN 50/12,5X30                   1     15460     17178      1718     15460       000  000  000 1000  000  000         1  7591585278739        3777214       22655457   540517230001  N  0                           102 01/03/2027       USD          424          424         3642
01 39852969  DP059  M  LOSARTAN P.DP 50/12,5 X10                   3      6895      7973      3234     20685       000  000  800  600  000  000         1  7592616367026        3777214       22655457   540517230001  N  0                         40165 01/01/2026       USD          189          568         3642
01 39852969  18659  M  MILAX PPSO 8,5GR. X20SOB.                   1     22485     24440      1955     22485       000  000  000  800  000  000         1  7592806132052        3776733       22655202   540517230001  N  0                        404086 01/04/2026       USD          617          617         3642
01 39852969  18574  M  TRENTOX 400MG. X30CO                        1     29315     29315       000     29315       000  000  000  000  000  000         1  7598928000033        3777048       22655367   540517230001  N  0                     SPT230122 01/12/2025       USD          805          805         3642
01 39852969  16450  C  NORAH'S JAB.GLICERINA 90G                   2      5590      5590       000     11180      1789  000  000  000  000  000         2  7598404231814        3777048       22655367   540517230002  N  0                      20231117 01/11/2025       USD          153          307         3642
02 39852969         18        205598         11180          1789        218567    0    0    0  000    0    0    0   17/06/2024 8:41:42 a. m.   PR           000           000             0             9           USD         3642         5952
