01 39898748  14535  M  ACETAMINOFEN GN500 X10CO                    6      2665      2665       000     15990       000  000  000  000  000  000         1  7591585376657        3827202       22684919   541158090001  N  0                           330 01/02/2026       USD          073          439         3645
01 39898748  19535  M  BIODIPINA LP 30MG. X30TA                    3     17511     17511       000     52533       000  000  000  000  000  000         1  8904210707167        3827202       22684919   541158090001  N  0                     IE93E3001 01/07/2026       USD          480         1441         3645
01 39898748  17067  M  CARVEDILOL GN12,5MG.X15CO                   2     10102     10102       000     20204       000  000  000  000  000  000         1  7591585475640        3827202       22684919   541158090001  N  0                           151 01/05/2026       USD          277          554         3645
01 39898748  14256  M  CIRGREL 75MG. X30TA                         1     27454     28899      1445     27454       000  000  000  500  000  000         1  7592454003315        3827202       22684919   541158090001  N  0                       3506220 01/04/2026       USD          753          753         3645
01 39898748  MG154  M  GENESA 3MG/30MCG. X21CO                     1     48035     48035       000     48035       000  000  000  000  000  000         1  7591585116598        3827202       22684919   541158090001  N  0                       LF33496 01/11/2025       USD         1318         1318         3645
01 39898748  19532  M  LETISAN 1000MG. X30CO                       4     13238     13238       000     52952       000  000  000  000  000  000         1  7591585114976        3827202       22684919   541158090001  N  0                           004 01/05/2026       USD          363         1453         3645
01 39898748  11782  M  LETISAN 500MG. X10CA                        2      7340      7340       000     14680       000  000  000  000  000  000         1  7591585314864        3827202       22684919   541158090001  N  0                           468 01/04/2027       USD          201          403         3645
01 39898748  LX320  M  LETISAN 500MG. X30CA                        1     22058     22058       000     22058       000  000  000  000  000  000         1  7591585414861        3827202       22684919   541158090001  N  0                           469 01/04/2027       USD          605          605         3645
01 39898748  EL290  M  LIOLACTIL 1,5G. PPSO X6S.                   1     39833     39833       000     39833       000  000  000  000  000  000         1  7591062013303        3827202       22684919   541158090001  N  0                        24060A 01/09/2025       USD         1093         1093         3645
01 39898748  14961  M  LOPERAMIDA GEA2MG. X10CA                    6      4290      7800     21060     25740       000  000  000 4500  000  000         1  8908007037390        3827202       22684919   541158090001  N  0                        23C079 01/02/2026       USD          118          706         3645
01 39898748  PO550  M  MILAX POLVO 120GR.                          1     18538     20150      1612     18538       000  000  000  800  000  000         1  7592806132038        3827202       22684919   541158090001  N  0                        405105 01/05/2027       USD          509          509         3645
01 39898748  PO490  M  MILAX POLVO 360GR.                          1     43056     46800      3744     43056       000  000  000  800  000  000         1  7592806132021        3827202       22684919   541158090001  N  0                        405125 01/05/2027       USD         1181         1181         3645
01 39898748  14579  M  NIFEDIPINA LAND30 X100TA                    1     33170     33170       000     33170       000  000  000  000  000  000         1  7598008001615        3827202       22684919   541158090001  N  0                       T30909A 01/09/2026       USD          910          910         3645
02 39898748                   414243           000           000        414243    0    0    0  000    0    0    0   01/07/2024 4:08:22 p. m.   PR           000           000             0            13           USD         3645        11365
