01 39914756  GQ225  M  ACICLOVIR LS200MG. X24TA                    1     13141     16934      3793     13141       000  000  300 2000  000  000         1  7592454102001        3844883       22695923   541388010001  N  0                       3506368 01/04/2027       USD          360          360         3651
01 39914756  19158  M  ACIDO TRANEXA ZZ500 X10TA                   1     13813     13813       000     13813       000  000  000  000  000  000         1  8906159251855        3844761       22695841   541388010001  N  0                         T3020 01/04/2026       USD          378          378         3651
01 39914756  PO570  M  ALURON 300MG. X20CO                         2     22750     22750       000     45500       000  000  000  000  000  000         1  7592806133097        3843086       22694754   541388010001  N  0                        404089 01/04/2027       USD          623         1246         3651
01 39914756  18019  M  BISOPROLOL LAT2,5 X30TA                     6      4095      4095       000     24570       000  000  000  000  000  000         1   720524031143        3845289       22696172   541388010001  N  0                        BFO305 01/12/2024       USD          112          673         3651
01 39914756  12889  M  CAB-5 5MG. X30TA                            4      2081      3784      6812      8324       000  000  000 4500  000  000         1  7598055000258        3844761       22695841   541388010001  N  0                         OI036 01/06/2026       USD          057          228         3651
01 39914756  16939  M  CARVEDILOL BM6,25 X30TA                     6      2912      4160      7488     17472       000  000  000 3000  000  000         1  7598127001626        3844761       22695841   541388010001  N  0                        220447 01/04/2025       USD          080          479         3651
01 39914756  DP264  M  CARVEDILOL DP 6,25 X20TA                    2      9101      9580       958     18202       000  000  000  500  000  000         1  7592616576619        3843086       22694754   541388010001  N  0                         40413 01/04/2026       USD          249          499         3651
01 39914756  11557  M  DESLER M 5MG/10MG. X10TA                    1     24972     27099      2127     24972       000  000  300  500  000  000         1  7592454891257        3844883       22695923   541388010001  N  0                       3505829 01/02/2026       USD          684          684         3651
01 39914756  19689  M  DICLOFENAC P.BM75MG.X10A                    2     33779     33779       000     67558       000  000  000  000  000  000         1  7598127002104        3844918       22695941   541388010001  N  0                      E24AM095 01/02/2027       USD          925         1850         3651
01 39914756  GQ085  M  GENTAMICINA 1%LS CR.15GR.                   2     12122     13155      2066     24244       000  000  300  500  000  000         1  7592454146807        3843908       22695316   541388010001  N  0                       3506143 01/04/2026       USD          332          664         3651
01 39914756  BQ240  M  LANCERAN SOL.ORAL 120ML.                    1      7810      7810       000      7810       000  000  000  000  000  000         1  7594000850237        3845250       22696150   541388010001  N  0                        240405 01/04/2026       USD          214          214         3651
01 39914756  MK805  M  LORATADINA +MK 10MG.X10TA                   4      3667      3860       772     14668       000  000  000  500  000  000         1  7591519000788        3845215       22696131   541388010001  N  0                         35249 01/03/2027       USD          100          402         3651
01 39914756  16223  M  MELOXICAM NIO15MG. X10TA                    4      3666      4313      2588     14664       000  000  000 1500  000  000         1  7598869000178        3845215       22696131   541388010001  N  0                      ET005823 01/10/2026       USD          100          402         3651
01 39914756  18862  M  METOCLOPRAMIDA DIS10 X3A                    3      4264      4264       000     12792       000  000  000  000  000  000         1  7598252000815        3843598       22695116   541388010001  N  0                        221225 01/12/2025       USD          117          350         3651
02 39914756         39        307730           000           000        307730    0    0    0  000    0    0    0   07/07/2024 11:26:26 a. m.   PR           000           000             0            14           USD         3651         8429
