01 39938710  14109  M  ACETAMINOFEN QF JBE.120ML                   3      7696      9620      5772     23088       000  000  000 2000  000  000         1  7598484000027        3868405       22711347   541724370001  N  0                          1324 01/02/2027       USD          211          632         3652
01 39938710  18403  M  AZITROMICINA +MK500 X5TA                   12     11525     11525       000    138300       000  000  000  000  000  000         1  7591519000979        3868056       22711158   541724370001  N  0                         35411 01/04/2027       USD          316         3787         3652
01 39938710  11784  M  BIOCOR HCT 20-12,5 X30TA                    1     38736     38736       000     38736       000  000  000  000  000  000         1  7591519316254        3868238       22711278   541724370001  N  0                         35338 01/04/2026       USD         1061         1061         3652
01 39938710  19604  M  BLUDIPIN LP 30MG. X30TA                     3     13978     13978       000     41934       000  000  000  000  000  000         1  7598127002166        3867454       22710798   541724370001  N  0                      ET006823 01/12/2026       USD          383         1148         3652
01 39938710  DP440  M  CAPTOPRIL DP 25MG. X20TA                    3      5965      6609      1932     17895       000  000  500  500  000  000         1  7592616576145        3867454       22710798   541724370001  N  0                         40307 01/04/2026       USD          163          490         3652
01 39938710  11599  M  DESLER 5MG. X10TA                           3      9175      9957      2346     27525       000  000  300  500  000  000         1  7592454891325        3867900       22711052   541724370001  N  0                       3505707 01/01/2026       USD          251          754         3652
01 39938710  MK087  M  DESLORATADINA +MK5MG. X10                   3      6301      6633       996     18903       000  000  000  500  000  000         1  7591519008210        3867900       22711052   541724370001  N  0                         35516 01/05/2027       USD          173          518         3652
01 39938710  AH295  M  LASIX 20MG. X24CO                           3     16635     17511      2628     49905       000  000  000  500  000  000         1  7591519317411        3868056       22711158   541724370001  N  0                         35529 01/05/2027       USD          456         1367         3652
01 39938710  18021  M  METFORMINA LAT850 X30TA                     2      2457      2457       000      4914       000  000  000  000  000  000         1   720524031228        3868056       22710798   541724370001  N  0                        MCO504 01/12/2024       USD          067          135         3652
01 39938710  18021  M  METFORMINA LAT850 X30TA                     6      2457      2457       000     14742       000  000  000  000  000  000         1   720524031228        3867454       22710798   541724370001  N  0                        MCO504 01/12/2024       USD          067          404         3652
01 39938710  13888  M  METRONIDAZOL LS500 X10TA                    2     11354     12321      1934     22708       000  000  300  500  000  000         1  7703763326402        3867454       22710798   541724370001  N  0                       3326330 01/02/2026       USD          311          622         3652
01 39938710  11565  M  TIOCOLFEN 600-4 X10TA                       2     18745     20342      3194     37490       000  000  300  500  000  000         1  7592454891288        3868405       22711347   541724370001  N  0                       3506602 01/04/2026       USD          513         1027         3652
01 39938710  CY490  M  CLOPID 75MG. X30TA                          2     18641     19622      1962     37282       000  000  000  500  000  000         2  7592637006287        3868238       22711278   541724370002  N  0                    278BT24001 01/12/2025       USD          510         1021         3652
02 39938710         45        473422           000           000        473422    0    0    0  000    0    0    0   15/07/2024 10:45:52 a. m.   PR           000           000             0            12           USD         3652        12963
