01 39989467  LO179  M  AIRON 10MG. X30TA                           2     28415     28415       000     56830       000  000  000  000  000  000         1  7591196002808        3922519       22743598   542442230001  N  0                       I024785 01/03/2026       USD          776         1552         3661
01 39989467  PA127  M  BETAGEN 12MG/3ML. X1A                       2     22100     22100       000     44200       000  000  000  000  000  000         1  7591243804331        3922519       22743598   542442230001  N  0                         94330 01/04/2026       USD          604         1207         3661
01 39989467  18067  M  BIPROLIL 2,5MG. X30CO                       1     17199     17199       000     17199       000  000  000  000  000  000         1  7592349001563        3922519       22743598   542442230001  N  0                       2405019 01/05/2026       USD          470          470         3661
01 39989467  LO484  M  CLARIX SOL.NASAL AD.15ML.                   1     16416     16416       000     16416       000  000  000  000  000  000         1  7591196003171        3926763       22745238   542442230001  N  0                       I022333 01/04/2027       USD          448          448         3661
01 39989467  14957  M  DIHIDROLIP 20MG. X10CO                      2     23391     23391       000     46782       000  000  000  000  000  000         1  7592349001037        3922519       22743598   542442230001  N  0                       2404007 01/04/2026       USD          639         1278         3661
01 39989467  VM020  M  ESQUIDONE 3MG. X30TA                        2     35668     35668       000     71336       000  000  000  000  000  000         1  7591020080521        3926383       22744987   542442230001  N  0                            32 01/11/2028       USD          974         1949         3661
01 39989467  14010  M  FENITOINA PSI100MG. X50TA                   2     60423     73687     26528    120846       000  000  000 1800  000  000         1  7501384544225        3922519       22743598   542442230001  N  0                       1590424 01/04/2026       USD         1650         3301         3661
01 39989467  FA018  M  FITEX 20MG. X1TA                            6      3260      3622      2172     19560       000  000  000 1000  000  000         1  7591821904293        3922519       22743598   542442230001  N  0                       2311387 01/11/2025       USD          089          534         3661
01 39989467  FA021  M  FITEX 5MG. X10TA                            2      9580      9580       000     19160       000  000  000  000  000  000         1  7591821904323        3922519       22743598   542442230001  N  0                       2404324 01/05/2026       USD          262          523         3661
01 39989467  FA019  M  FITEX 5MG. X30TA                            2     23522     23522       000     47044       000  000  000  000  000  000         1  7591821904316        3922519       22743598   542442230001  N  0                       2405407 01/06/2026       USD          643         1285         3661
01 39989467  LO544  M  LACRIFORT SOL.OFT. 15ML.                    2     25436     29925      8978     50872       000  000  000 1500  000  000         1  7591196004208        3922519       22743598   542442230001  N  0                       I044716 01/06/2026       USD          695         1390         3661
01 39989467  15909  M  LEVETIRACE CLEO500 X30TA                    1     54867     54867       000     54867       000  000  000  000  000  000         1  7598677000094        3926383       22744987   542442230001  N  0                       23T1240 01/11/2026       USD         1499         1499         3661
01 39989467  12041  M  LEVODO CAR PSI250-25 30TA                   2     56813     59803      5980    113626       000  000  000  500  000  000         1  7501384548308        3926383       22744987   542442230001  N  0                       7300324 01/03/2026       USD         1552         3104         3661
01 39989467  AP310  M  LIPONTAL 900MG. X10TA                       2     23311     25901      5180     46622       000  000  000 1000  000  000         1  7592601200239        3922519       22743598   542442230001  N  0                        424602 01/05/2026       USD          637         1273         3661
01 39989467  NP640  M  MACRODANTINA 50MG. X30CA                    1     32581     32581       000     32581       000  000  000  000  000  000         1  7591821901858        3922944       22743806   542442230001  N  0                       2404341 01/04/2027       USD          890          890         3661
01 39989467  LO105  M  MATILOL 0,50% S.OFT. 6ML.                   2     27008     27008       000     54016       000  000  000  000  000  000         1  7591196001603        3922944       22743806   542442230001  N  0                       I103584 01/10/2025       USD          738         1475         3661
01 39989467  MY270  M  MULTIVIRAL CAPS. X30                        2     28034     35042     14016     56068       000  000  000 2000  000  000         1  7592601100492        3926763       22745238   542442230001  N  0                        402105 01/06/2026       USD          766         1531         3661
01 39989467  16917  M  OSTEOCAL 600MG. X30TA                       1     24612     24612       000     24612       000  000  000  000  000  000         1  7707355057255        3926383       22744987   542442230001  N  0                      24311123 01/12/2026       USD          672          672         3661
01 39989467  FA444  M  TAPAZOL 5MG. X60TA                          1     27690     27690       000     27690       000  000  000  000  000  000         1  7591821903234        3925467       22744384   542442230001  N  0                       2403250 01/04/2027       USD          756          756         3661
01 39989467  11940  M  CLORACE 80-0,5 GOTAS 30ML                   1     10544     11982      1438     10544       000  000  000 1200  000  000         2  7591818716724        3925619       22744533   542442230002  N  0                         40151 01/06/2027       USD          288          288         3661
02 39989467         37        930871           000           000        930871    0    0    0  000    0    0    0   31/07/2024 8:20:01 a. m.   PR           000           000             0            20           USD         3661        25427
