01 39989469  16742  M  ACIDO MEFENAM FM500 X10TA                   3      4212      4680      1404     12636       000  000  000 1000  000  000         1  8906005118370        3925619       22744533   542442250001  N  0                     E12572305 01/12/2025       USD          115          345         3661
01 39989469  10827  M  ANTAAR 5MG. X30TA                           2     19410     19410       000     38820       000  000  000  000  000  000         1  7591519051896        3922944       22743806   542442250001  N  0                         35314 01/03/2027       USD          530         1060         3661
01 39989469  18415  M  APIXTAN 5MG. X30TA                          1     39780     46800      7020     39780       000  000  000 1500  000  000         1  7599112000259        3922519       22743598   542442250001  N  0                    E3S2GTA029 01/08/2025       USD         1087         1087         3661
01 39989469  16248  M  CLINDAMICINA NIO300 X10CA                   2     14721     17319      5196     29442       000  000  000 1500  000  000         1  7598869000307        3922519       22743598   542442250001  N  0                      CJV43001 01/08/2025       USD          402          804         3661
01 39989469  16834  M  DEFALOX 400MG. X10TA                        3     21884     21884       000     65652       000  000  000  000  000  000         1  7598252000204        3925467       22744384   542442250001  N  0                        240239 01/02/2027       USD          598         1793         3661
01 39989469  16566  M  DEXAMETASONA PORT4MG X100                   1     56161     56161       000     56161       000  000  000  000  000  000         1  7750215026502        3925467       22744384   542442250001  N  0                       2013234 01/01/2027       USD         1534         1534         3661
01 39989469  DP600  M  ENALAPRIL DP20MG. X30TA                     3      6165      7211      3138     18495       000  000  500 1000  000  000         1  7592616192024        3925467       22744384   542442250001  N  0                         40304 01/03/2026       USD          168          505         3661
01 39989469  BQ190  M  FERCOR COMP. CAPS. X30                      3     16133     16982      2547     48399       000  000  000  500  000  000         1  7594000850206        3925619       22744533   542442250001  N  0                        240408 01/04/2026       USD          441         1322         3661
01 39989469  18080  M  OLMESARTAN BM20MG. X30TA                    3      7808     12012     12612     23424       000  000  000 3500  000  000         1  7598127001640        3926383       22744987   542442250001  N  0                        220665 01/06/2025       USD          213          640         3661
01 39989469  17799  M  RIFAMPICINA VC300MG. X4CA                   2     13313     15662      4698     26626       000  000  000 1500  000  000         1  8904187822368        3922909       22743792   542442250001  N  0                         GC316 01/02/2027       USD          364          727         3661
01 39989469  14123  M  MUCOFAR AD.JBE. 120ML.                      2      8840     11050      4420     17680       000  000  000 2000  000  000         2  7598484000867        3926763       22745238   542442250002  N  0                          4954 01/05/2026       USD          241          483         3661
02 39989469         25        377115           000           000        377115    0    0    0  000    0    0    0   31/07/2024 8:20:07 a. m.   PR           000           000             0            11           USD         3661        10301
