01 40026020  14423  M  ACETAMINOFEN AL180 120ML                   12      7889     13841     71424     94668       000  000  500 4000  000  000         1  7597758000459        3970181       22769857   542946300001  N  0                         DL385 01/06/2025       USD          215         2582         3667
01 40026020  12034  M  ACETAMINOFEN AL500 X20TA                   24      3812      6174     56688     91488       000  000  500 3500  000  000         1  7597758000596        3970181       22769857   542946300001  N  0                         DL392 01/06/2025       USD          104         2495         3667
01 40026020  15029  M  AMLODIPINA AL5MG. X30TA                    12      4628      8120     41904     55536       000  000  500 4000  000  000         1  7597758000756        3970181       22769857   542946300001  N  0                        SAF013 01/05/2025       USD          126         1514         3667
01 40026020  11624  M  BISOPROLOL AL2,5MG. X30TA                  12     15597     18242     31740    187164       000  000  500 1000  000  000         1  7597758000114        3970181       22769857   542946300001  N  0                         DL387 01/06/2025       USD          425         5104         3667
01 40026020  12187  M  CARVEDILOL AL6,25MG.X30TA                   6     13146     17297     24906     78876       000  000  500 2000  000  000         1  7597758000466        3970181       22769857   542946300001  N  0                         DL482 01/12/2026       USD          358         2151         3667
01 40026020  11631  M  CIPROFLOXACINA AL500 X6TA                  12      3126      4701     18900     37512       000  000  500 3000  000  000         1  7597758000077        3970181       22769857   542946300001  N  0                         DL364 01/06/2025       USD          085         1023         3667
01 40026020  14424  M  CLOPIDOGREL AL75MG. X30TA                   6     13777     24171     62364     82662       000  000  500 4000  000  000         1  7597758000619        3970181       22769857   542946300001  N  0                         DL508 01/03/2027       USD          376         2254         3667
01 40026020  12190  M  LEVOTIROXINA AL100MCG50TA                   3     26085     28903      8454     78255       000  000  500  500  000  000         1  7597758000497        3970181       22769857   542946300001  N  0                         DL471 01/09/2026       USD          711         2134         3667
01 40026020  12189  M  LEVOTIROXINA AL50MCG50TA                    3     19722     21853      6393     59166       000  000  500  500  000  000         1  7597758000480        3970181       22769857   542946300001  N  0                         DL473 01/08/2026       USD          538         1613         3667
01 40026020  18173  M  LORATADINA AL10MG. X10TA                   24      3008      4524     36384     72192       000  000  500 3000  000  000         1  7597758000817        3970181       22769857   542946300001  N  0                         DL507 01/02/2027       USD          082         1969         3667
01 40026020  11623  M  LOSARTAN P. AL50MG. X30TA                  12      5788      9373     43020     69456       000  000  500 3500  000  000         1  7597758000138        3970181       22769857   542946300001  N  0                         DL351 01/06/2025       USD          158         1894         3667
01 40026020  11628  M  METFORMINA AL500MG. X30TA                  12      5293     10131     58056     63516       000  000  500 4500  000  000         1  7597758000084        3970181       22769857   542946300001  N  0                         DL367 01/06/2025       USD          144         1732         3667
01 40026020  12192  M  METRONIDAZOL AL500MG.10TA                  12      4723      5233      6120     56676       000  000  500  500  000  000         1  7597758000534        3970181       22769857   542946300001  N  0                         DL438 01/12/2025       USD          129         1546         3667
01 40026020  15027  M  TAMSULOSINA AL0,4MG.X30CA                   6     11877     25004     78762     71262       000  000  500 5000  000  000         1  7597758000626        3970181       22769857   542946300001  N  0                         DL480 01/01/2027       USD          324         1943         3667
02 40026020        156       1098429           000           000       1098429    0    0    0  000    0    0    0   12/08/2024 1:26:10 p. m.   PR           000           000             0            14           USD         3667        29954
