01 40087956  QO540  M  BROXOL ALERG S.ORAL 100ML                   6     21119     22918     10794    126714       000  000  300  500  000  000         1  7592454889513        4042350       22812167   543828640001  N  0                       3506389 01/04/2026       USD          577         3463         3659
01 40087956  GQ105  M  BROXOL JBE.AD. 120ML.                       6     14065     17059     17964     84390       000  000  300 1500  000  000         1  7592454536271        4042350       22812167   543828640001  N  0                       3506408 01/04/2026       USD          384         2306         3659
01 40087956  GQ224  M  CETIRIZINA LS5MG.JBE60ML.                  12      7078      9729     31812     84936       000  000  300 2500  000  000         1  7592454138239        4042350       22812167   543828640001  N  0                       3506161 01/03/2027       USD          193         2321         3659
01 40087956  QM490  M  DICIGEL SUSP. 240ML.                        3     28246     34258     18036     84738       000  000  300 1500  000  000         1  7592454889216        4042350       22812167   543828640001  N  0                       3506700 01/05/2026       USD          772         2316         3659
01 40087956  15495  M  ESOMEPRAZOL LS40MG. X14TA                   3     18013     19548      4605     54039       000  000  300  500  000  000         1  7592454890090        4042350       22812167   543828640001  N  0                       3506884 01/06/2026       USD          492         1477         3659
01 40087956  19914  M  TALYSTOR 20MG. X1TM                        24      3619      3927      7392     86856       000  000  300  500  000  000         1  7592454004077        4042350       22812167   543828640001  N  0                       3507214 01/07/2026       USD          099         2374         3659
01 40087956  QM480  M  TIOCOL 8MG. X10TA                           6     15182     16475      7758     91092       000  000  300  500  000  000         1  7592454889186        4042350       22812167   543828640001  N  0                       3506313 01/04/2026       USD          415         2490         3659
01 40087956  13118  M  VIT C LS500MAND.10B.X10TM                   2     42770     46413      7286     85540       000  000  300  500  000  000         1  7703763752089        4042350       22812167   543828640001  N  0                       3332967 01/07/2027       USD         1169         2338         3659
01 40087956  13118  M  VIT C LS500MAND.10B.X10TM                   4     42770     46413     14572    171080       000  000  300  500  000  000         1  7703763752089        4042350       22812167   543828640001  N  0                       3332967 01/07/2027       USD         1169         4676         3659
01 40087956  19791  M  VIT C+ZINC LS.NRJA.X100TM                   3     45486     49361     11625    136458       000  000  300  500  000  000         1  7703763001453        4042350       22812167   543828640001  N  0                       3312420 01/06/2025       USD         1243         3729         3659
01 40087956  GQ800  M  AMOXICILINA LS500 X12CA                    12     16291     19759     41616    195492       000  000  300 1500  000  000         2  7703763070282        4042350       22812167   543828640002  N  0                       3325327 01/02/2026       USD          445         5343         3659
01 40087956  GQ664  M  ATENOLOL LS100MG. X30TA                     6     14615     20089     32844     87690       000  000  300 2500  000  000         2  7592454001106        4042350       22812167   543828640002  N  0                       3507113 01/06/2026       USD          399         2397         3659
01 40087956  13910  M  ATORVASTATINA LS20 X30TA                   12     18539     20118     18948    222468       000  000  300  500  000  000         2  7592454889650        4042350       22812167   543828640002  N  0                       3506658 01/05/2026       USD          507         6080         3659
01 40087956  GQ954  M  BETAHISTINA LS16MG. X20TA                  24     26520     28779     54216    636480       000  000  300  500  000  000         2  7592454002400        4042350       22812167   543828640002  N  0                       3506885 01/05/2026       USD          725        17395         3659
01 40087956  GQ110  M  BROXOL JBE. PED. 120 CC.                    6     12652     15345     16158     75912       000  000  300 1500  000  000         2  7592454536370        4042350       22812167   543828640002  N  0                       3506342 01/04/2026       USD          346         2075         3659
01 40087956  11898  M  BUCOXOLGAR FRU.RO X10TM                     3     10099     10959      2580     30297       000  000  300  500  000  000         2  7592454891363        4042350       22812167   543828640002  N  0                       3505852 01/02/2026       USD          276          828         3659
01 40087956  11897  M  BUCOXOLGAR MENTA X10TM                      3     10099     10959      2580     30297       000  000  300  500  000  000         2  7592454891370        4042350       22812167   543828640002  N  0                       3505951 01/02/2026       USD          276          828         3659
01 40087956  11899  M  BUCOXOLGAR MI-LIM X10TM                     3     10099     10959      2580     30297       000  000  300  500  000  000         2  7592454891387        4042350       22812167   543828640002  N  0                       3505952 01/02/2026       USD          276          828         3659
01 40087956  15307  M  CANDESARTAN LS8MG. X30TA                   12     22602     24527     23100    271224       000  000  300  500  000  000         2  7592454889919        4042350       22812167   543828640002  N  0                       3507278 01/07/2026       USD          618         7413         3659
01 40087956  GQ019  M  CETIRIZINA LS10MG. X10TA                   24      4303      7394     74184    103272       000  000  300 4000  000  000         2  7592454138185        4042350       22812167   543828640002  N  0                       3506678 01/06/2026       USD          118         2822         3659
01 40087956  GQ719  M  CLOTRI-NEO-DEXA LS CR20GR                   6     18358     23657     31794    110148       000  000  300 2000  000  000         2  7592454003704        4042350       22812167   543828640002  N  0                       3506703 01/06/2026       USD          502         3010         3659
01 40087956  GQ017  M  DICLOFENAC P. LS50 X10TA                   12      2167      2792      7500     26004       000  000  300 2000  000  000         2  7592454002639        4042350       22812167   543828640002  N  0                       3507155 01/06/2026       USD          059          711         3659
01 40087956  GQ970  M  ENALAPRIL LS10MG. X20CO                     5      4699      5099      2000     23495       000  000  300  500  000  000         2  7592454141109        4042350       22812167   543828640002  N  0                       3506268 01/04/2026       USD          128          642         3659
01 40087956  GQ970  M  ENALAPRIL LS10MG. X20CO                     7      4699      5099      2800     32893       000  000  300  500  000  000         2  7592454141109        4042350       22812167   543828640002  N  0                       3506268 01/04/2026       USD          128          899         3659
01 40087956  19296  M  IBUMAX 100MG. SUSP.60ML.                   12      8717      9460      8916    104604       000  000  300  500  000  000         2  7592454003995        4042350       22812167   543828640002  N  0                       3505907 01/02/2026       USD          238         2859         3659
01 40087956  QM150  M  SULAMP 750MG. X14TA                         2     61611     66860     10498    123222       000  000  300  500  000  000         2  7703763145768        4042350       22812167   543828640002  N  0                       3330612 01/05/2026       USD         1684         3368         3659
02 40087956        218       3109638           000           000       3109638    0    0    0  000    0    0    0   29/08/2024 7:28:05 p. m.   PR           000           000             0            26           USD         3659        84986
