01 40087078  MK669  M  ACETAMINOFEN +MK650 X10TA                  12      3853      3853       000     46236       000  000  000  000  000  000         1  7591519005264        4040425       22810812   543816720001  N  0                         35662 01/06/2027       USD          105         1264         3659
01 40087078  10657  M  ACLER 150MG. X1TA                           6     14890     18612     22332     89340       000  000  000 2000  000  000         1  7591519051865        4040425       22810812   543816720001  N  0                         34314 01/07/2025       USD          407         2442         3659
01 40087078  PF204  M  ATAMEL FORTE 650MG. X10TA                  12      8796      8796       000    105552       000  000  000  000  000  000         1  7591257000552        4040425       22810812   543816720001  N  0                         35331 01/03/2027       USD          240         2885         3659
01 40087078  MK088  M  AZITROMICINA +MK500 X3TA                   48      9451      9451       000    453648       000  000  000  000  000  000         1  7591519002027        4040425       22810812   543816720001  N  0                         35218 01/03/2027       USD          258        12398         3659
01 40087078  18403  M  AZITROMICINA +MK500 X5TA                   24     11525     11525       000    276600       000  000  000  000  000  000         1  7591519000979        4040425       22810812   543816720001  N  0                         35411 01/04/2027       USD          315         7559         3659
01 40087078  AO180  M  CALOXPIRINA 81MG. X30TA                    12     12743     12743       000    152916       000  000  000  000  000  000         1  7591519008487        4040425       22810812   543816720001  N  0                         35651 01/06/2027       USD          348         4179         3659
01 40087078  MK004  M  CARVEDILOL +MK 6,25 X14TA                   6      8054      8054       000     48324       000  000  000  000  000  000         1  7591519007633        4040425       22810812   543816720001  N  0                         35275 01/04/2026       USD          220         1321         3659
01 40087078  18999  M  CARVEDILOL +MK6,25 X28TA                    6     14996     14996       000     89976       000  000  000  000  000  000         1  7591519001174        4040425       22810812   543816720001  N  0                         35823 01/07/2026       USD          410         2459         3659
01 40087078  MK969  M  CLOBETASOL +MK0,05 CR.20G                   6     18847     23559     28272    113082       000  000  000 2000  000  000         1  7591519007220        4040425       22810812   543816720001  N  0                         70124 01/01/2026       USD          515         3091         3659
01 40087078  19307  M  CLOTRIMAZOL +MK1%CR.VAG40                   3     18647     20719      6216     55941       000  000  000 1000  000  000         1  7591519000702        4040425       22810812   543816720001  N  0                         35794 01/07/2027       USD          510         1529         3659
01 40087078  18591  M  DESLOR/MONTE +MK5/10 30TA                   2     35690     47587     23794     71380       000  000  000 2500  000  000         1  7591519000931        4040425       22810812   543816720001  N  0                         T3074 01/06/2026       USD          975         1951         3659
01 40087078  10299  M  DICLOFENAC P.+MK50 X10TA                   12      2722      2722       000     32664       000  000  000  000  000  000         1  7591519051964        4040425       22810812   543816720001  N  0                         35843 01/06/2027       USD          074          893         3659
01 40087078  MK554  M  DIOSMINA +MK 600MGX28TA                     6     54124     54124       000    324744       000  000  000  000  000  000         1  7591519001211        4040425       22810812   543816720001  N  0                         35785 01/07/2027       USD         1479         8875         3659
01 40087078  13886  M  ESCITALOPRAM +MK10MG 28TA                   2     33493     33493       000     66986       000  000  000  000  000  000         1  7591519317534        4040425       22810812   543816720001  N  0                         35748 01/07/2026       USD          915         1831         3659
01 40087078  13113  M  KETOPROFENO +MK 100X10CA                    6     10349     10349       000     62094       000  000  000  000  000  000         1  7591519000139        4040425       22810812   543816720001  N  0                         35473 01/05/2027       USD          283         1697         3659
01 40087078  AH300  M  LASIX 40MG. X12CO                          12     13900     13900       000    166800       000  000  000  000  000  000         1  7591519317619        4040425       22810812   543816720001  N  0                         35151 01/03/2027       USD          380         4559         3659
01 40087078  11873  M  LEVOFLOXACINO +MK750MG X5                   6     22075     22075       000    132450       000  000  000  000  000  000         1  7591519317329        4040425       22810812   543816720001  N  0                         35687 01/06/2026       USD          603         3620         3659
01 40087078  18592  M  NITROFURANTO +MK50 30TA                    12     11939     23877    143256    143268       000  000  000 5000  000  000         1  7591519000924        4040425       22810812   543816720001  N  0                         T3075 01/06/2025       USD          326         3915         3659
01 40087078  MK339  M  VIAJESAN 50MG. X10TA                        1     15322     15322       000     15322       000  000  000  000  000  000         1   769229220612        4040425       22810812   543816720001  N  0                       1050822 01/08/2025       USD          419          419         3659
01 40087078  MK339  M  VIAJESAN 50MG. X10TA                       11     15322     15322       000    168542       000  000  000  000  000  000         1   769229220612        4040425       22810812   543816720001  N  0                       1050822 01/08/2025       USD          419         4606         3659
01 40087078  18774  M  AC FOLICO +MK10MG. X30TA                   12      6140      6140       000     73680       000  000  000  000  000  000         2  7591519001112        4040425       22810812   543816720002  N  0                         35575 01/06/2027       USD          168         2014         3659
01 40087078  MK309  M  ACETAMINOFEN +MK500 X10TA                  12      3389      3389       000     40668       000  000  000  000  000  000         2  7591519004144        4040425       22810812   543816720002  N  0                         35426 01/04/2027       USD          093         1111         3659
01 40087078  MK005  M  AMLODIPINA +MK5MG. X10TA                   12      3780      3780       000     45360       000  000  000  000  000  000         2  7591519001334        4040425       22810812   543816720002  N  0                         35148 01/02/2028       USD          103         1240         3659
01 40087078  MK066  M  AMLODIPINA +MK5MG. X30TA                   12      8727      8727       000    104724       000  000  000  000  000  000         2  7591519001655        4040425       22810812   543816720002  N  0                         35729 01/06/2028       USD          239         2862         3659
01 40087078  MK079  M  BISOPROLOL +MK1,25 X30TA                    6     15265     15265       000     91590       000  000  000  000  000  000         2  7591519009132        4040425       22810812   543816720002  N  0                         35875 01/07/2027       USD          417         2503         3659
01 40087078  AH295  M  LASIX 20MG. X24CO                          12     18386     18386       000    220632       000  000  000  000  000  000         2  7591519317411        4040425       22810812   543816720002  N  0                         35529 01/05/2027       USD          502         6030         3659
02 40087078        271       3192519           000           000       3192519    0    0    0  000    0    0    0   29/08/2024 4:57:17 p. m.   PR           000           000             0            26           USD         3659        87251
