01 40137689  18415  M  APIXTAN 5MG. X30TA                          1     51870     54600      2730     51870       000  000  000  500  000  000         1  7599112000259        4096466       22845263   544538040001  N  0                    E3S2GTA029 01/08/2025       USD         1410         1410         3678
01 40137689  DP105  M  BACITRACINA DP UNG. 15GR.                   2     10067     12584      5034     20134       000  000  000 2000  000  000         1  7592616021010        4095996       22845006   544538040001  N  0                         40530 01/05/2027       USD          274          547         3678
01 40137689  14372  M  METRONIDAZOL POR500 100TA                   1     41767     43965      2198     41767       000  000  000  500  000  000         1  7750215332641        4096316       22845187   544538040001  N  0                       2015664 01/01/2027       USD         1136         1136         3678
01 40137689  19585  M  RESEQUIL 0,1%LOC.TOP.10ML                   1     12737     13407       670     12737       000  000  000  500  000  000         1  7591196006592        4095996       22845006   544538040001  N  0                        034557 01/06/2025       USD          346          346         3678
01 40137689  16581  M  TERBINAFINA LS250 X14TA                     1     28221     31357      3136     28221       000  000  000 1000  000  000         1  7703763641000        4095996       22845006   544538040001  N  0                       3330422 01/07/2026       USD          767          767         3678
01 40137689  GQ874  M  VALSARTAN H.LS80/12,5 X14                   3     13516     15018      9012     40548       000  000  000 1000  000  000         1  7703763341092        4095996       22844949   544538040001  N  0                       3507419 01/08/2026       USD          367         1102         3678
01 40137689  GQ874  M  VALSARTAN H.LS80/12,5 X14                   3     13516     15018      9012     40548       000  000  000 1000  000  000         1  7703763341092        4095905       22844949   544538040001  N  0                       3507419 01/08/2026       USD          367         1102         3678
01 40137689  LO484  M  CLARIX SOL.NASAL AD.15ML.                   2     12312     16416      8208     24624       000  000  000 2500  000  000         2  7591196003171        4096688       22845398   544538040002  N  0                       I074767 01/07/2029       USD          335          669         3678
01 40137689  RZ200  M  SILDEX 50MG. X1TA                           6      2542      2990      2688     15252       000  000  000 1500  000  000         2  7594001101413        4096316       22845187   544538040002  N  0                          7674 01/07/2027       USD          069          415         3678
02 40137689         20        275701           000           000        275701    0    0    0  000    0    0    0   15/09/2024 10:06:45 a. m.   PR           000           000             0             8           USD         3678         7496
