01 40236009  17249  M  ACETAMINOFEN GN180 SOL90                    3      7374      7374       000     22122       000  000  000  000  000  000         1  7591585177780        4200260       22906246   545929780001  N  0                           005 01/05/2026       USD          190          569         3889
01 40236009  PO500  M  BACTRON FORTE TAB. X10                      2     26650     26650       000     53300       000  000  000  000  000  000         1  7592806133530        4199740       22906020   545929780001  N  0                        406142 01/06/2027       USD          685         1371         3889
01 40236009  12125  M  CLINDAMICINA BES600 X10A                    1     52763     52763       000     52763       000  000  000  000  000  000         1 17709315171534        4200566       22906402   545929780001  N  0                         23108 01/08/2025       USD         1357         1357         3889
01 40236009  EL008  M  COLFENE 600/4 X15CO                         1     23489     27634      4145     23489       000  000  000 1500  000  000         1  7591062900900        4200260       22906246   545929780001  N  0                        24127A 01/07/2026       USD          604          604         3889
01 40236009  17509  M  DIALPRON 250MG. JBE.120ML                   1     35212     35212       000     35212       000  000  000  000  000  000         1  7598252000440        4199740       22906020   545929780001  N  0                        240113 01/01/2027       USD          905          905         3889
01 40236009  PA050  M  ERILON 0,05% CREMA 15GR.                    1     20592     22880      2288     20592       000  000  000 1000  000  000         1  7591243815757        4200260       22906246   545929780001  N  0                       9435503 01/05/2026       USD          529          529         3889
01 40236009  11083  M  FLOMED SOL.BUCAL AER45ML.                   1     17332     17332       000     17332       000  000  000  000  000  000         1  7591062901129        4200260       22906246   545929780001  N  0                        23103A 01/06/2025       USD          446          446         3889
01 40236009  14855  M  GLIBENCLAMIDA JL5MG.X10TA                   3      4536      4536       000     13608       000  000  000  000  000  000         1  7598650000318        4199740       22906020   545929780001  N  0                        GT1241 01/10/2026       USD          117          350         3889
01 40236009  MY134  M  MUPROBAN 2% UNG. 15GR.                      2     31065     36547     10964     62130       000  000  000 1500  000  000         1  7592601101093        4200260       22906246   545929780001  N  0                        432804 01/08/2026       USD          799         1598         3889
01 40236009  12923  N  OMEGA 3 NS1000MG.X60CABL                    1     46046     46046       000     46046       000  000  000  000  000  000         1   646824222060        4199740       22906020   545929780001  N  0                         48390 01/07/2027       USD         1184         1184         3889
01 40236009  MO190  M  TIAZOMETS 10/20 X14TA                       1     34628     34628       000     34628       000  000  000  000  000  000         1  7705323242115        4199740       22906020   545929780001  N  0                        439201 01/03/2026       USD          890          890         3889
02 40236009         17        381222           000           000        381222    0    0    0  000    0    0    0   13/10/2024 4:55:27 p. m.   PR           000           000             0            11           USD         3889         9803
