01 40259270  LO504  M  ACETAB 250MG. X20TA                         1     58534     58534       000     58534       000  000  000  000  000  000         1  7591196004802        4226276       22920947   546261240001  N  0                       I044719 01/08/2026       USD         1494         1494         3917
01 40259270  19157  M  ACETAZOLAMIDA ZZ250 X20TA                   1     26336     29262      2926     26336       000  000  000 1000  000  000         1  8906036366337        4226276       22920947   546261240001  N  0                         T3240 01/05/2026       USD          672          672         3917
01 40259270  LO139  M  ALERGOT SOL.OFT. 5CC.                       1     39098     39098       000     39098       000  000  000  000  000  000         1  7591196002693        4226310       22920966   546261240001  N  0                        054049 01/05/2026       USD          998          998         3917
01 40259270  QF300  M  BROMEXINA QF8MG.JBE.120ML                   2      8892      9880      1976     17784       000  000  000 1000  000  000         1  7598484000041        4226276       22920947   546261240001  N  0                          7174 01/07/2026       USD          227          454         3917
01 40259270  16706  M  DIANIDIP 20MG. X10TA                        2     10461     14944      8966     20922       000  000  000 3000  000  000         1  7598252000297        4226310       22920966   546261240001  N  0                        240602 01/06/2027       USD          267          534         3917
01 40259270  15914  M  ESCITALOPRAM CLEO5MG.30TA                   1     14591     14591       000     14591       000  000  000  000  000  000         1  7598677000414        4226570       22921131   546261240001  N  0                       23T0312 01/02/2026       USD          373          373         3917
01 40259270  15524  M  FLEMIBAR SOL.ORAL 20ML.                     1     22230     23400      1170     22230       000  000  000  500  000  000         1  7591619000541        4226336       22920983   546261240001  N  0                          0007 01/07/2026       USD          568          568         3917
01 40259270  KN320  M  IVERGOT 6% GOTAS 5ML.                       1     17680     17680       000     17680       000  000  000  000  000  000         1  7591619001210        4225856       22920763   546261240001  N  0                          0004 01/06/2027       USD          451          451         3917
01 40259270  KL419  M  MIGRADORIXINA 125-1 X10CO                   1     22347     24830      2483     22347       000  000  000 1000  000  000         1  7730969306891        4226276       22920947   546261240001  N  0                        M08456 01/12/2025       USD          571          571         3917
01 40259270  19243  M  OFTERRA UNG.OFT. 7GR.                       2     28945     29840      1790     57890       000  000  000  300  000  000         1  7591196002211        4226276       22920947   546261240001  N  0                        024923 01/02/2027       USD          739         1478         3917
02 40259270         13        297412           000           000        297412    0    0    0  000    0    0    0   20/10/2024 2:28:25 p. m.   PR           000           000             0            10           USD         3917         7593
