01 40250918  MY019  M  ALANTAMIDA CREMA 20GR.                      1     20470     24963      4493     20470       000  000  000 1800  000  000         1  7592601100645        4218922       22916036   546144520001  N  0                        406602 01/06/2027       USD          525          525         3901
01 40250918  15427  M  ATORVASTATINA BUKA20 30TA                   3     10062     11180      3354     30186       000  000  000 1000  000  000         1   675696260139        4218922       22916036   546144520001  N  0                        ATA307 01/02/2027       USD          258          774         3901
01 40250918  MY029  M  BENZODIAZOL TM T.FRUTTI X16                 1     13543     14256       713     13543       000  000  000  500  000  000         1  7592601100874        4218922       22916036   546144520001  N  0                        431305 01/08/2027       USD          347          347         3901
01 40250918  19891  M  DICLOFENAC P.KMP25 60ML.                    1      4159     10397      6238      4159       000  000  000 6000  000  000         1  6921875012667        4218922       22916036   546144520001  N  0                       2207416 01/07/2025       USD          107          107         3901
01 40250918  ED244  M  DOMPESIN 10MG. X30CO                        2     13910     13910       000     27820       000  000  000  000  000  000         1  7592803002112        4218922       22916036   546144520001  N  0                       2409578 01/09/2026       USD          357          713         3901
01 40250918  GB850  M  GLICERINA GC SUPOS.AD. X6                   2     21514     23904      4780     43028       000  000  000 1000  000  000         1  7592349923957        4218922       22916036   546144520001  N  0                       2407198 01/07/2026       USD          551         1103         3901
01 40250918  13041  M  LETALOP 25MG. X30CO                         1     28968     28968       000     28968       000  000  000  000  000  000         1  7595368004195        4218922       22916036   546144520001  N  0                         19790 01/03/2027       USD          743          743         3901
01 40250918  PA230  M  TAMOA 250MG.SUSP. 15ML.                     2     20150     20150       000     40300       000  000  000  000  000  000         1       75919511        4218922       22916036   546144520001  N  0                       9469901 01/09/2027       USD          517         1033         3901
01 40250918  PA949  M  TONUM 10MG. X30TA                           1     14950     14950       000     14950       000  000  000  000  000  000         1  7591243851106        4218922       22916036   546144520001  N  0                       9429601 01/07/2027       USD          383          383         3901
01 40250918  PT023  M  VICK VAPORUB LATA12GR.X12                   1    112022    112022       000    112022       000  000  000  000  000  000         2  7500435107020        4218922       22916036   546144520002  N  0                    41104354L0 01/03/2026       USD         2872         2872         3901
02 40250918         15        335446           000           000        335446    0    0    0  000    0    0    0   17/10/2024 1:50:29 p. m.   PR           000           000             0            10           USD         3901         8599
