01 40278219  PD714  M  BUMELEX 1MG. X16CO                          1     32643     36270      3627     32643       000  000  000 1000  000  000         1  7591955000991        4247885       22933911   546533370001  N  0                          0062 01/04/2028       USD          799          799         4088
01 40278219  18999  M  CARVEDILOL +MK6,25 X28TA                    2     15416     16227      1622     30832       000  000  000  500  000  000         1  7591519001174        4247885       22933911   546533370001  N  0                         35824 01/07/2026       USD          377          754         4088
01 40278219  MK104  M  CIPROFLOXACINA +MK 500X14                   3     20653     21074      1263     61959       000  000  000  200  000  000         1  7591519001716        4247885       22933911   546533370001  N  0                         36183 01/08/2027       USD          505         1516         4088
01 40278219  13893  M  DESAZONA 4MG. X100TA                        1     73939     77831      3892     73939       000  000  000  500  000  000         1  7750215026250        4247885       22933911   546533370001  N  0                       2031314 01/03/2027       USD         1809         1809         4088
01 40278219  18234  M  DIZONIDE 100MG.PPSO 60ML.                   1     36951     36951       000     36951       000  000  000  000  000  000         1  7598252000174        4248516       22934352   546533370001  N  0                        240216 01/02/2027       USD          904          904         4088
01 40278219  VM384  M  DUROVAL 100MG. X1TA                         3      7810      7810       000     23430       000  000  000  000  000  000         1  7591020006330        4247885       22933911   546533370001  N  0                            34 01/05/2029       USD          191          573         4088
01 40278219  DP600  M  ENALAPRIL DP20MG. X30TA                     3      6165      7211      3138     18495       000  000  500 1000  000  000         1  7592616192024        4247885       22933911   546533370001  N  0                         40305 01/03/2026       USD          151          452         4088
01 40278219  ZA102  M  EVIGAX 125MG. X10CA.BLA                     1     18583     20199      1616     18583       000  000  000  800  000  000         1  7592432900032        4248516       22934352   546533370001  N  0                        240089 01/04/2027       USD          455          455         4088
01 40278219  MK024  M  KETOPROFENO +MK50 X12CA                     2      9424      9920       992     18848       000  000  000  500  000  000         1  7591519050905        4248516       22934352   546533370001  N  0                         35674 01/06/2026       USD          231          461         4088
01 40278219  18143  M  LEFLUNOMIDA ZZ20MG. X30TA                   1     30186     33540      3354     30186       000  000  000 1000  000  000         1  8906159250087        4248543       22934363   546533370001  N  0                         T2179 01/10/2025       USD          738          738         4088
01 40278219  VP720  M  NEURIBE B BLANDAS X 30                      1     32070     33758      1688     32070       000  000  000  500  000  000         1  7592432005300        4247885       22933911   546533370001  N  0                        240144 01/07/2027       USD          784          784         4088
01 40278219  15735  M  NITROFUR 100MG. 10B.X10TA                   1     61179     61179       000     61179       000  000  000  000  000  000         1  8904306501020        4248516       22934352   546533370001  N  0                         VZ224 01/07/2026       USD         1497         1497         4088
01 40278219  MK914  M  SERTRALINA +MK50MG. X10TA                   2     11840     12463      1246     23680       000  000  000  500  000  000         1  7591519007183        4247885       22933911   546533370001  N  0                         36124 01/08/2027       USD          290          579         4088
01 40278219  17875  M  VENACTIN 450/50 X10CAP BL                   1     21551     22685      1134     21551       000  000  000  500  000  000         1  7592432000374        4248516       22934352   546533370001  N  0                        240167 01/07/2026       USD          527          527         4088
02 40278219         23        484346           000           000        484346    0    0    0  000    0    0    0   25/10/2024 10:56:55 a. m.   PR           000           000             0            14           USD         4088        11848
