01 40284224  FF450  M  BUDESONIDA MF 50MCG.200D                    1     54512     54512       000     54512       000  000  000  000  000  000         1  8470006689059        4255174       22938156   546618250001  N  0                      069V001B 01/01/2026       USD         1328         1328         4104
01 40284224  GN156  M  CARVEDILOL GN12,5MG.X30CO                   2     21398     21398       000     42796       000  000  000  000  000  000         1  7591585375643        4255459       22938310   546618250001  N  0                           158 01/09/2026       USD          521         1043         4104
01 40284224  16679  M  EUTIROX 100MCG. X50TA                       1     59560     70070     10510     59560       000  000  000 1500  000  000         1  7501298234601        4255174       22938156   546618250001  N  0                        M35542 01/11/2025       USD         1451         1451         4104
01 40284224  10111  M  LERCANIDIPINA GN 10MG.X30                   1     56435     62706      6271     56435       000  000  000 1000  000  000         1  7591585272652        4252957       22936887   546618250001  N  0                           038 01/08/2026       USD         1375         1375         4104
01 40284224  EL290  M  LIOLACTIL 1,5G. PPSO X6S.                   1     39525     43917      4392     39525       000  000  000 1000  000  000         1  7591062013303        4255174       22938156   546618250001  N  0                        24134A 01/01/2026       USD          963          963         4104
01 40284224  11164  M  OMEPRAZOL GN40MG. X10CA                     3     13549     13826       831     40647       000  000  000  200  000  000         1  7591585173881        4255174       22938156   546618250001  N  0                           039 01/07/2026       USD          330          990         4104
01 40284224  LT043  M  PEGYT 75MG. X20CA                           1     23147     23147       000     23147       000  000  000  000  000  000         1  7591585317018        4255174       22938156   546618250001  N  0                           067 01/09/2027       USD          564          564         4104
01 40284224  EL167  M  PEREBRON JBE.AD.FRANB120                    1     12886     16108      3222     12886       000  000  000 2000  000  000         1  7591062011217        4255174       22938156   546618250001  N  0                        24073A 01/06/2027       USD          314          314         4104
01 40284224  KX710  C  RECOLECTOR ORINA PED100KX                   1     55575     58500      2925     55575      8892  000  000  500  000  000         1 10813333013930        4255643       22938422   546618250001  N  0                        211130 01/12/2026       USD         1354         1354         4104
01 40284224  LT045  M  TENSOMAX LP 30MG. X10CA                     1     25224     25224       000     25224       000  000  000  000  000  000         1  7591585218438        4255174       22938156   546618250001  N  0                           020 01/06/2026       USD          615          615         4104
01 40284224  LT210  M  LONGACEF 100MG.PPSO 60ML.                   1     90236     90236       000     90236       000  000  000  000  000  000         3  7591585116208        4255459       22938310   546618250003  N  0                           565 01/06/2027       USD         2199         2199         4104
02 40284224         14        444968         55575          8892        509435    0    0    0  000    0    0    0   27/10/2024 7:59:37 p. m.   PR           000           000             0            11           USD         4104        12196
