01 40284227  11801  M  ANTAAR HCT 2,5-6,25 X30TA                   2     21026     23893      5734     42052       000  000  000 1200  000  000         1  7591519317367        4255459       22938310   546618280001  N  0                         36066 01/07/2027       USD          512         1025         4104
01 40284227  QF300  M  BROMEXINA QF8MG.JBE.120ML                   2      8892      9880      1976     17784       000  000  000 1000  000  000         1  7598484000041        4252957       22936887   546618280001  N  0                          7374 01/07/2026       USD          217          433         4104
01 40284227  12373  M  CLOPIDOGREL 75MG X30TA                      2     13601     13601       000     27202       000  000  000  000  000  000         1  7598176000014        4252957       22936887   546618280001  N  0                       23T1006 01/09/2026       USD          331          663         4104
01 40284227  16705  M  DIANIDIP 10MG. X10TA                        2     13352     19074     11444     26704       000  000  000 3000  000  000         1  7598252000280        4255174       22938156   546618280001  N  0                        240601 01/06/2027       USD          325          651         4104
01 40284227  KN280  M  FERGANIC FOLIC TM X30                       1     54727     56420      1693     54727       000  000  000  300  000  000         1  7591955003053        4253522       22937258   546618280001  N  0                          0342 01/08/2028       USD         1334         1334         4104
01 40284227  11418  M  LODESTAR HCT 50-12,5 30TA                   1     23890     23890       000     23890       000  000  000  000  000  000         1  7591020080972        4255174       22938156   546618280001  N  0                            21 01/05/2026       USD          582          582         4104
01 40284227  MK805  M  LORATADINA +MK 10MG.X10TA                   3      4008      4219       633     12024       000  000  000  500  000  000         1  7591519000788        4253560       22937281   546618280001  N  0                         35838 01/08/2027       USD          098          293         4104
01 40284227  12379  M  LOSART P,H ANG50-12,5X30                    2     16250     16250       000     32500       000  000  000  000  000  000         1  7598176000090        4255174       22938156   546618280001  N  0                       24T0221 01/01/2027       USD          396          792         4104
01 40284227  14121  M  METFORMINA QF500MG. 30TA                    6      5616      6240      3744     33696       000  000  000 1000  000  000         1  7598484001215        4255459       22938310   546618280001  N  0                      TM730054 01/05/2026       USD          137          821         4104
01 40284227  KN430  M  NEFROTAL H 100/12,5 X30CO                   1     32029     33020       991     32029       000  000  000  300  000  000         1  7591955558287        4255174       22938156   546618280001  N  0                          0044 01/08/2028       USD          780          780         4104
01 40284227  14777  M  NIFEDIPINA LAT20MG. X30TA                   2     12227     12870      1286     24454       000  000  000  500  000  000         1   720524031013        4253522       22937258   546618280001  N  0                         N2612 01/06/2027       USD          298          596         4104
01 40284227  17998  M  NIFEDIPINA LS10MG. X14CA                    2      7876      8291       830     15752       000  000  000  500  000  000         1  7592454003520        4253522       22937258   546618280001  N  0                       3507913 01/09/2027       USD          192          384         4104
01 40284227  12925  M  NITAZOXANIDA LS500 X6TA                     1     33922     33922       000     33922       000  000  000  000  000  000         1  7703763391172        4255459       22938310   546618280001  N  0                       3305535 01/09/2026       USD          827          827         4104
01 40284227  13914  M  OLMESARTAN LS20MG. X30TA                    2     21271     22391      2240     42542       000  000  000  500  000  000         1  7592454003285        4255174       22938156   546618280001  N  0                       3507867 01/09/2026       USD          518         1037         4104
01 40284227  GQ874  M  VALSARTAN H.LS80/12,5 X14                   2     14274     15025      1502     28548       000  000  000  500  000  000         1  7703763341092        4255459       22938310   546618280001  N  0                       3507419 01/08/2026       USD          348          696         4104
01 40284227  14289  M  MUCOFAR PED.JBE. 120ML.                     1     10764     11960      1196     10764       000  000  000 1000  000  000         3  7598484000881        4253560       22937281   546618280003  N  0                          6064 01/06/2026       USD          262          262         4104
02 40284227         32        458590           000           000        458590    0    0    0  000    0    0    0   27/10/2024 8:03:12 p. m.   PR           000           000             0            16           USD         4104        11174
