01 40284226  15427  M  ATORVASTATINA BUKA20 30TA                   4     10062     11180      4472     40248       000  000  000 1000  000  000         1   675696260139        4255174       22938156   546618270001  N  0                        ATA307 01/02/2027       USD          245          981         4104
01 40284226  MY185  M  BENDAMEN 100MG. X6TA                        1     19107     19107       000     19107       000  000  000  000  000  000         1  7592601100218        4255174       22938156   546618270001  N  0                        411603 01/08/2029       USD          466          466         4104
01 40284226  13645  M  CEFADROXILO BUKA500 X10CA                   4     10647     11830      4732     42588       000  000  000 1000  000  000         1   675696259997        4252957       22936887   546618270001  N  0                       CD01504 01/02/2027       USD          259         1038         4104
01 40284226  14956  M  DIHIDROLIP 10MG. X10CO                      1     17241     17241       000     17241       000  000  000  000  000  000         1  7592349001020        4252957       22936887   546618270001  N  0                       2408015 01/08/2026       USD          420          420         4104
01 40284226  11479  M  FOSFOLIT SOL.ORAL 45ML.                     1     48530     48530       000     48530       000  000  000  000  000  000         1  7592349723595        4255174       22938156   546618270001  N  0                       2404016 01/04/2026       USD         1183         1183         4104
01 40284226  FA003  M  HIDROTEN 12,5MG. X30TA                      3     20343     21414      3213     61029       000  000  000  500  000  000         1  7591821903791        4255459       22938310   546618270001  N  0                       2407312 01/08/2026       USD          496         1487         4104
01 40284226  MY255  M  IMAZOL 1% SOL.TOP.  20ML.                   2     13510     13510       000     27020       000  000  000  000  000  000         1  7592601100461        4252957       22936887   546618270001  N  0                        409502 01/07/2027       USD          329          658         4104
01 40284226  AP910  M  KAPET 75MG. X14TA                           1     20833     20833       000     20833       000  000  000  000  000  000         1  7592601201137        4252957       22936887   546618270001  N  0                        432304 01/08/2026       USD          508          508         4104
01 40284226  11502  M  LOPERAM 2MG. X10TA                          1     10693     12580      1887     10693       000  000  000 1500  000  000         1  7592349723571        4252957       22936887   546618270001  N  0                       2406451 01/06/2029       USD          261          261         4104
01 40284226  LN165  M  MADECASSOL 2% POLVO 5GR.                    2     26428     27819      2782     52856       000  000  500  000  000  000         1  7592348218108        4255459       22938310   546618270001  N  0                       2407052 01/07/2029       USD          644         1288         4104
01 40284226  LL195  M  MERTHIOLATE TINTURA 60ML.                   1     19859     19859       000     19859       000  000  000  000  000  000         1  7592349953152        4252957       22936887   546618270001  N  0                       2406048 01/06/2026       USD          484          484         4104
01 40284226  CO105  M  MIOVIT X30 GRAGEAS                          1     20751     27668      6917     20751       000  000  000 2500  000  000         1  7591818118047        4253560       22937281   546618270001  N  0                         40222 01/07/2027       USD          506          506         4104
01 40284226  MY270  M  MULTIVIRAL CAPS. X30                        1     33556     41945      8389     33556       000  000  000 2000  000  000         1  7592601100492        4255174       22938156   546618270001  N  0                        402108 01/09/2026       USD          818          818         4104
01 40284226  19304  M  VALSARTAN H.GC160/12,5 10                   2     23626     23626       000     47252       000  000  000  000  000  000         1  7592349001891        4255459       22938310   546618270001  N  0                       2409005 01/09/2026       USD          576         1151         4104
01 40284226  CH104  C  CHICCO T.HUM. ORIG.X24                      3      3095      3095       000      9285      1486  000  000  000  000  000         2  7591061640609        4252957       22936887   546618270002  N  0                      24902161 01/09/2027       USD          075          226         4104
01 40284226  11743  N  CITRATO POTASIO BF10%1LT.                   3     34537     36355      5454    103611       000  000  000  500  000  000         3  7591616000704        4255459       22938310   546618270003  N  0                        241717 01/09/2027       USD          842         2525         4104
01 40284226  VA054  M  MODERAN SOL.ORAL 120ML.                     1     39948     46998      7050     39948       000  000  000 1500  000  000         3  7592349527124        4255643       22938422   546618270003  N  0                         P4288 01/11/2026       USD          973          973         4104
02 40284226         32        605122          9285          1486        615893    0    0    0  000    0    0    0   27/10/2024 7:59:42 p. m.   PR           000           000             0            17           USD         4104        14971
