01 40304786  11044  N  ACHICORIA FG JBE. 120ML.                    1     11683     11683       000     11683       000  000  000  000  000  000         1       25525755        4284304       22952946   546918670001  N  0                          3158 01/04/2027       USD          273          273         4286
01 40304786  19995  C  ADHESIVO TELA ZUV 5X9,1                     4     12799     12799       000     51196      8191  000  000  000  000  000         1  7597297001771        4284573       22953087   546918670001  N  0                        202312 01/01/2034       USD          299         1194         4286
01 40304786  FF450  M  BUDESONIDA MF 50MCG.200D                    1     54512     54512       000     54512       000  000  000  000  000  000         1  8470006689059        4284956       22953309   546918670001  N  0                      069V001B 01/01/2026       USD         1272         1272         4286
01 40304786  14534  M  CEFADROXILO GN500 X10CA                     1     26525     26525       000     26525       000  000  000  000  000  000         1  7591585470225        4285212       22953452   546918670001  N  0                           568 01/09/2027       USD          619          619         4286
01 40304786  12587  M  CEFADROXILO KMP500 X10TA                    2     13104     13104       000     26208       000  000  000  000  000  000         1  6921875010786        4285212       22953452   546918670001  N  0                       2310402 01/10/2026       USD          306          611         4286
01 40304786  19002  M  CEFIXIMA GN400MG. X5CA                      1     69156     69156       000     69156       000  000  000  000  000  000         1  7591585172228        4284956       22953309   546918670001  N  0                           060 01/10/2026       USD         1614         1614         4286
01 40304786  17206  M  CLENOSAN 90MG. X20CO                        1     72861     72861       000     72861       000  000  000  000  000  000         1  7591585112569        4284956       22953309   546918670001  N  0                           006 01/07/2026       USD         1700         1700         4286
01 40304786  19538  M  ROSUVASTATIN 20MG. X30TA                    1     15796     15796       000     15796       000  000  000  000  000  000         1  8904210706372        4284956       22953309   546918670001  N  0                      IA952004 01/07/2025       USD          369          369         4286
01 40304786  YZ006  C  KODAK XLIFE BAT.ALC.AA X2                   4      4225      4225       000     16900      2704  000  000  000  000  000         2   887930007794        4284304       22952946   546918670002  N  0                           10X 01/06/2034       USD          099          394         4286
01 40304786  YZ007  C  KODAK XLIFE BAT.ALC.AAAX2                   2      4225      4225       000      8450      1352  000  000  000  000  000         2   887930329469        4284304       22952946   546918670002  N  0                           10X 01/06/2034       USD          099          197         4286
02 40304786         18        276741         76546         12247        365534    0    0    0  000    0    0    0   03/11/2024 9:43:31 a. m.   PR           000           000             0            10           USD         4286         8243
