01 40318162  15264  M  ACETAMINOFEN+P BM800 10TA                   6      1621      3242      9726      9726       000  000  000 5000  000  000         1  7598127000988        4299683       22960237   547104220001  N  0                        220661 01/06/2025       USD          037          224         4346
01 40318162  12711  M  ALBENDAZOL PX200MG. X6TA                    3      8190      8190       000     24570       000  000  000  000  000  000         1  7594001100256        4299683       22960237   547104220001  N  0                          7809 01/02/2026       USD          188          565         4346
01 40318162  15200  N  CALMAG ABE X70CA                            1      3545      3545       000      3545       000  000  000  000  000  000         1  7597134002190        4300251       22960543   547104220001  N  0                         LCM03 01/08/2027       USD          082          082         4346
01 40318162  13928  M  CIPROTAN 500MG. X20TA                       3     15113     15113       000     45339       000  000  000  000  000  000         1  8903489000252        4299683       22960237   547104220001  N  0                       ZT10526 01/03/2027       USD          348         1043         4346
01 40318162  14256  M  CIRGREL 75MG. X30TA                         1     36040     37937      1897     36040       000  000  000  500  000  000         1  7592454003315        4299890       22960356   547104220001  N  0                       3507872 01/09/2026       USD          829          829         4346
01 40318162  12373  M  CLOPIDOGREL 75MG X30TA                      1     13601     13601       000     13601       000  000  000  000  000  000         1  7598176000014        4299890       22960356   547104220001  N  0                       23T1006 01/09/2026       USD          313          313         4346
01 40318162  MK023  M  DEFLAZACORT +MK 30MG. X30                   1     75577     75577       000     75577       000  000  000  000  000  000         1  7591519008203        4299890       22960356   547104220001  N  0                         36004 01/07/2027       USD         1739         1739         4346
01 40318162  17509  M  DIALPRON 250MG. JBE.120ML                   1     40014     40014       000     40014       000  000  000  000  000  000         1  7598252000440        4300251       22960543   547104220001  N  0                        240113 01/01/2027       USD          921          921         4346
01 40318162  13124  M  DICLOFENAC P. BM50MG.30TA                   6      1817      2795      5868     10902       000  000  000 3500  000  000         1  6972718560067        4299683       22960237   547104220001  N  0                        220663 01/06/2025       USD          042          251         4346
01 40318162  14918  M  LEVOSULPIRIDE LS25 X30TA                    2     18907     22243      6672     37814       000  000  000 1500  000  000         1  7592454889995        4300251       22960543   547104220001  N  0                       3507291 01/07/2026       USD          435          870         4346
01 40318162  11650  M  MESPEN 500MG. IV. X1                        2     22601     23790      2378     45202       000  000  000  500  000  000         1       75971205        4299890       22960356   547104220001  N  0                       3323095 01/10/2026       USD          520         1040         4346
02 40318162         27        342330           000           000        342330    0    0    0  000    0    0    0   06/11/2024 7:55:32 p. m.   PR           000           000             0            11           USD         4346         7877
