01 40356647  LT028  M  BIOTALOL 2,5MG. X30CO                       2     22611     22611       000     45222       000  000  000  000  000  000         1  7591585217172        4346108       22985277   547650230001  N  0                           092 01/07/2026       USD          494          988         4579
01 40356647  13893  M  DESAZONA 4MG. X100TA                        1     77843     81940      4097     77843       000  000  000  500  000  000         1  7750215026250        4346108       22985277   547650230001  N  0                       2031314 01/03/2027       USD         1700         1700         4579
01 40356647  12573  M  DIPIRONA KMP500MG. X10TA                    2      2967      3575      1216      5934       000  000  000 1700  000  000         1  6921875010861        4346108       22985277   547650230001  N  0                       2310428 01/10/2026       USD          065          130         4579
01 40356647  LT665  M  DOXIUM 500MG. X20CA                         1     53160     53160       000     53160       000  000  000  000  000  000         1  7591585110459        4346108       22985277   547650230001  N  0                           294 01/09/2029       USD         1161         1161         4579
01 40356647  11136  M  FLOMED SOL.TOP.BUCAL180ML                   1     13615     13615       000     13615       000  000  000  000  000  000         1  7591062901365        4346290       22985406   547650230001  N  0                        23054A 01/03/2026       USD          297          297         4579
01 40356647  20245  M  HIALURONATO VC0,4% OFT5ML                   1     28786     33866      5080     28786       000  000  000 1500  000  000         1  7599513000063        4346108       22985277   547650230001  N  0                          SE68 01/12/2025       USD          629          629         4579
01 40356647  11782  M  LETISAN 500MG. X10CA                        2     10347     10347       000     20694       000  000  000  000  000  000         1  7591585314864        4346108       22985277   547650230001  N  0                           472 01/06/2027       USD          226          452         4579
01 40356647  FF300  N  OXINORM CAPS.BLANDAS X30                    1     42452     42452       000     42452      6792  000  000  000  000  000         1  7591096000393        4346290       22985406   547650230001  N  0                       022D241 01/03/2027       USD          927          927         4579
01 40356647  LT434  M  PULMOLET SUSP. P.NEB.15CC                   1     40213     40213       000     40213       000  000  000  000  000  000         1  7591585117199        4346108       22985277   547650230001  N  0                           040 01/07/2026       USD          878          878         4579
01 40356647  LT065  M  SITAGLISMET 50-500 X30CO                    1     86782     86782       000     86782       000  000  000  000  000  000         1  7591585118066        4346108       22985277   547650230001  N  0                           097 01/08/2026       USD         1895         1895         4579
01 40356647  11264  C  BRUCEN CREMA Q10 80GR.                      1     33683     33683       000     33683      5389  000  000  000  000  000         2  7592090000037        4346108       22985277   547650230002  N  0                        240991 01/09/2027       USD          736          736         4579
02 40356647         14        414701         33683         12182        460566    0    0    0  000    0    0    0   18/11/2024 7:42:04 p. m.   PR           000           000             0            11           USD         4579         9792
