01 40369228  MK599  M  AC FOLICO +MK10MG. X20TA                   12      5573      5866      3516     66876       000  000  000  500  000  000         1  7591519004892        4361943       22993734   547830890001  N  0                         35847 01/07/2027       USD          121         1452         4606
01 40369228  MK309  M  ACETAMINOFEN +MK500 X10TA                  48      3376      3591     10320    162048       000  000  000  600  000  000         1  7591519004144        4361943       22993734   547830890001  N  0                         36248 01/09/2027       USD          073         3518         4606
01 40369228  MK669  M  ACETAMINOFEN +MK650 X10TA                  48      3837      4082     11760    184176       000  000  000  600  000  000         1  7591519005264        4361943       22993734   547830890001  N  0                         35739 01/07/2027       USD          083         3999         4606
01 40369228  MK635  M  ALBENDAZOL +MK200T.FRU.X2                  12      4949      5265      3792     59388       000  000  000  600  000  000         1  7591519007022        4361943       22993734   547830890001  N  0                         35874 01/07/2026       USD          107         1289         4606
01 40369228  11801  M  ANTAAR HCT 2,5-6,25 X30TA                   6     25668     26737      6414    154008       000  000  000  400  000  000         1  7591519317367        4361943       22993734   547830890001  N  0                         36066 01/07/2027       USD          557         3344         4606
01 40369228  10583  M  ATAMEL PLUS 500/32 X10TA                    6     12956     14395      8634     77736       000  000  000 1000  000  000         1  7591519000993        4361943       22993734   547830890001  N  0                         34878 01/11/2025       USD          281         1688         4606
01 40369228  18403  M  AZITROMICINA +MK500 X5TA                   24     12123     12897     18576    290952       000  000  000  600  000  000         1  7591519000979        4361943       22993734   547830890001  N  0                         35965 01/09/2027       USD          263         6317         4606
01 40369228  10299  M  DICLOFENAC P.+MK50 X10TA                   24      3105      3303      4752     74520       000  000  000  600  000  000         1  7591519051964        4361943       22993734   547830890001  N  0                         36428 01/09/2027       USD          067         1618         4606
01 40369228  17860  M  DUTASTAM 0,5MG/0,4MG.30CA                   1    109032    113575      4543    109032       000  000  000  400  000  000         1  7591519000641        4361943       22993734   547830890001  N  0                      LF36759D 01/05/2026       USD         2367         2367         4606
01 40369228  12397  M  FESTAL 210MG X10GRAG                       10     16338     20422     40840    163380       000  000  000 2000  000  000         1  7591519317428        4361943       22993734   547830890001  N  0                         35910 01/07/2026       USD          355         3547         4606
01 40369228  MK024  M  KETOPROFENO +MK50 X12CA                    12     11425     12154      8748    137100       000  000  000  600  000  000         1  7591519050905        4361943       22993734   547830890001  N  0                         35674 01/06/2026       USD          248         2977         4606
01 40369228  MK163  M  PINAVERIUM BROM.+MK 50 X20                  2     22459     23893      2868     44918       000  000  000  600  000  000         1  7591519008623        4361943       22993734   547830890001  N  0                         36267 01/09/2027       USD          488          975         4606
01 40369228  10684  M  TORIVAS 50MG. X30TA                         1     34666     36110      1444     34666       000  000  000  400  000  000         1  7591519000221        4361943       22993734   547830890001  N  0                         36267 01/07/2027       USD          753          753         4606
02 40369228        206       1558800           000           000       1558800    0    0    0  000    0    0    0   21/11/2024 7:58:29 p. m.   PR           000           000             0            13           USD         4606        33844
