01 40425739  15428  M  ATORVASTATINA BUKA40 30TA                   6     14430     14430       000     86580       000  000  000  000  000  000         1   675696260146        4421822       23027383   548640370001  N  0                        AVA308 01/02/2027       USD          296         1775         4879
01 40425739  16707  M  CEFIXIMA DAC400MG. X10TA                    2     22523     22523       000     45046       000  000  000  000  000  000         1  7598578000445        4422930       23028017   548640370001  N  0                          V605 01/06/2027       USD          462          923         4879
01 40425739  ED004  M  CLOFEN 1,8MG. SUSP.60ML.                    1     23166     25740      2574     23166       000  000  000 1000  000  000         1  7592803001801        4421822       23027383   548640370001  N  0                       2405404 01/05/2026       USD          475          475         4879
01 40425739  14190  M  CLORACI PLUS1000/10 X30TA                   1     35770     39744      3974     35770       000  000  000 1000  000  000         1  7591818000182        4422930       23028017   548640370001  N  0                         40282 01/05/2027       USD          733          733         4879
01 40425739  17549  M  GYNO CLONEDAC CR.VAG.50GR                   1     21060     21060       000     21060       000  000  000  000  000  000         1  7598578000520        4422930       23028017   548640370001  N  0                          4082 01/01/2027       USD          432          432         4879
01 40425739  MY270  M  MULTIVIRAL CAPS. X30                        1     39339     46281      6942     39339       000  000  000 1500  000  000         1  7592601100492        4422930       23028017   548640370001  N  0                        402109 01/10/2026       USD          806          806         4879
01 40425739  19103  M  NIFEDIPINA LAT30 LP X30TA                   3     22022     22022       000     66066       000  000  000  000  000  000         1   756029628366        4421822       23027383   548640370001  N  0                     SIN24001T 01/07/2027       USD          451         1354         4879
01 40425739  12875  M  SULIXTRA DUO 0.4-0.5 30CA                   1     99996     99996       000     99996       000  000  000  000  000  000         1  7593090002410        4422930       23028017   548640370001  N  0                  TL210JC24004 01/06/2026       USD         2050         2050         4879
01 40425739  MY290  M  TILODRIN GOTAS 15ML.                        2     15950     19938      7976     31900       000  000  000 2000  000  000         1  7592601100539        4422930       23028017   548640370001  N  0                        402701 01/07/2027       USD          327          654         4879
01 40425739  ED195  M  VIZERUL 300MG. X10CO                        1     39000     39000       000     39000       000  000  000  000  000  000         1  7592803001023        4422930       23028017   548640370001  N  0                       2410615 01/10/2027       USD          799          799         4879
02 40425739         19        487923           000           000        487923    0    0    0  000    0    0    0   08/12/2024 9:56:59 a. m.   PR           000           000             0            10           USD         4879        10000
