01 40446997  16909  N  CALOSTRO BOV.ABE400 X60CB                   1     53945     53945       000     53945       000  000  000  000  000  000         1  7597134000936        4446656       23041457   548950230001  N  0                         LCB05 01/10/2026       USD         1072         1072         5033
01 40446997  16261  M  CO-TRIMOXAZOL QF80-400X20                   4      6318      7020      2808     25272       000  000  000 1000  000  000         1  7598484001093        4447226       23041777   548950230001  N  0                     TC1710006 01/02/2027       USD          126          502         5033
01 40446997  13592  M  DIPLOZ 1MG. X30TA                           1     45309     45309       000     45309       000  000  000  000  000  000         1  7591519317589        4446792       23041539   548950230001  N  0                         36268 01/09/2026       USD          900          900         5033
01 40446997  18331  N  DISTROVIT X30CA                            12     37440     37440       000    449280       000  000  000  000  000  000         1  7598252001331        4446656       23041457   548950230001  N  0                         48444 01/10/2027       USD          744         8926         5033
01 40446997  18234  M  DIZONIDE 100MG.PPSO 60ML.                   2     50388     50388       000    100776       000  000  000  000  000  000         1  7598252000174        4446792       23041539   548950230001  N  0                        240216 01/02/2027       USD         1001         2002         5033
01 40446997  GQ085  M  GENTAMICINA 1%LS CR.15GR.                   2     17179     18083      1808     34358       000  000  000  500  000  000         1  7592454146807        4446713       23041497   548950230001  N  0                       3508671 01/11/2026       USD          341          683         5033
01 40446997  LO006  M  LEVORAT 5MG. X10TA                          2     15800     15800       000     31600       000  000  000  000  000  000         1  7591196004758        4447374       23041856   548950230001  N  0                       I084790 01/09/2027       USD          314          628         5033
01 40446997  GQ061  M  LOSARTAN H.LS100/25 X30TA                   2     43691     45990      4598     87382       000  000  000  500  000  000         1  7592454889728        4446713       23041497   548950230001  N  0                       3508055 01/10/2026       USD          868         1736         5033
01 40446997  17778  M  MEDROXIPROGES VC150 1VIAL                   6     21605     25418     22878    129630       000  000  000 1500  000  000         1  8904187811423        4446802       23041546   548950230001  N  0                         HN018 01/08/2027       USD          429         2576         5033
01 40446997  16231  M  NIFEDIPINA NIO20 LP X30TA                   4     13729     13729       000     54916       000  000  000  000  000  000         1  7598869000567        4447226       23041777   548950230001  N  0                          4D37 01/06/2027       USD          273         1091         5033
01 40446997  15911  M  NITROFURANTOI CLEO100 X10                   2     16588     16588       000     33176       000  000  000  000  000  000         1  7598677000377        4447395       23041869   548950230001  N  0                       24T0124 01/12/2026       USD          330          659         5033
01 40446997  MK854  M  VALSARTAN H+MK 80/12,5X14                   2     21102     21102       000     42204       000  000  000  000  000  000         1  7591519006698        4446656       23041457   548950230001  N  0                        035994 01/09/2026       USD          419          839         5033
02 40446997         40       1087848           000           000       1087848    0    0    0  000    0    0    0   15/12/2024 9:29:39 a. m.   PR           000           000             0            12           USD         5033        21613
