01 40477057  19968  M  AMOXICILINA DAC250 PPSO60                   3     23920     23920       000     71760       000  000  000  000  000  000         1  7598578000759        4481885       23060249   549379010001  N  0                           017 01/03/2026       USD          463         1390         5164
01 40477057  18873  M  ANAPIRFLEX 600-4 X10TA                      3     17160     17160       000     51480       000  000  000  000  000  000         1  7593090002113        4481444       23060045   549379010001  N  0                    ABE0092401 01/06/2027       USD          332          997         5164
01 40477057  16168  M  ATORVASTATINA SP80 X20CO                    2     22959     27010      8102     45918       000  000  000 1500  000  000         1  7590027002567        4482145       23060390   549379010001  N  0                          2504 01/09/2026       USD          445          889         5164
01 40477057  16707  M  CEFIXIMA DAC400MG. X10TA                    3     39312     39312       000    117936       000  000  000  000  000  000         1  7598578000445        4482145       23060390   549379010001  N  0                          V605 01/06/2027       USD          761         2284         5164
01 40477057  14957  M  DIHIDROLIP 20MG. X10CO                      1     36579     36579       000     36579       000  000  000  000  000  000         1  7592349001037        4481444       23060045   549379010001  N  0                       2410010 01/10/2026       USD          708          708         5164
01 40477057  LO510  M  DOBET 2%-0,5% SO.OFT.5ML.                   2     53879     53879       000    107758       000  000  000  000  000  000         1  7591196000583        4481444       23060045   549379010001  N  0                        084946 01/10/2026       USD         1043         2087         5164
01 40477057  ED005  M  DROPIL 25MG. X40CO                          1     36400     36400       000     36400       000  000  000  000  000  000         1  7592803002525        4481444       23060045   549379010001  N  0                       2409584 01/09/2026       USD          705          705         5164
01 40477057  FA003  M  HIDROTEN 12,5MG. X30TA                      3     21488     23357      5607     64464       000  000  000  800  000  000         1  7591821903791        4479805       23059550   549379010001  N  0                       2408347 01/09/2026       USD          416         1248         5164
01 40477057  11502  M  LOPERAM 2MG. X10TA                          2     17662     17662       000     35324       000  000  000  000  000  000         1  7592349723571        4481885       23060249   549379010001  N  0                       2406451 01/06/2029       USD          342          684         5164
01 40477057  14235  M  LOSARTAN P. DAC50MG.X30TA                   3     13478     13478       000     40434       000  000  000  000  000  000         1  7598578000223        4481885       23060249   549379010001  N  0                          V465 01/12/2026       USD          261          783         5164
01 40477057  11351  M  MADECASSOL 1% UNG. 10GR.                    1     27886     27886       000     27886       000  000  000  000  000  000         1  7592348413824        4482145       23060390   549379010001  N  0                       2409038 01/09/2029       USD          540          540         5164
01 40477057  19103  M  NIFEDIPINA LAT30 LP X30TA                   6     22022     22022       000    132132       000  000  000  000  000  000         1   756029628366        4481444       23060045   549379010001  N  0                     SIN24002T 01/08/2027       USD          426         2559         5164
01 40477057  11343  M  RINARIS 5MG-60MG. X10TA                     2     19780     23270      6980     39560       000  000  000 1500  000  000         1  7591821802322        4481885       23060249   549379010001  N  0                       2410371 01/10/2026       USD          383          766         5164
01 40477057  TA004  M  STAMYL FORTE 300/100 20TA                   1     46930     46930       000     46930       000  000  000  000  000  000         1  7703454122993        4481444       23060045   549379010001  N  0                      24106650 01/10/2026       USD          909          909         5164
01 40477057  ED195  M  VIZERUL 300MG. X10CO                        1     42250     42250       000     42250       000  000  000  000  000  000         1  7592803001023        4481444       23060045   549379010001  N  0                       2410615 01/10/2027       USD          818          818         5164
01 40477057  PA226  M  YONAL 15MG. JBE. 120ML.                     2     18468     23985     11034     36936       000  000  000 2300  000  000         1  7591243856705        4482271       23060464   549379010001  N  0                       9470303 01/08/2027       USD          358          715         5164
02 40477057         36        933747           000           000        933747    0    0    0  000    0    0    0   26/12/2024 9:28:00 a. m.   PR           000           000             0            16           USD         5164        18082
