01 36749552  11795  M  AFLAMAX 50MG. X10TA                        12  22774538  22774538       000 273294456       000    0    0    0    0    0         1  7591196007186       20715436       20715436   509587640001  N  0                       I030869 01/04/2022
01 36749552  MK953  M  DOL PLUS 20BLIS. X4TAB.                     1 154440000 154440000       000 154440000       000    0    0    0    0    0         1  7591519006599       20715436       20715436   509587640001  N  0                         31231 01/03/2023
01 36749552  AY295  C  GASA ESTERIL KX 3X3 50-S X2                 1 143000000 143000000       000 143000000       000    0    0    0    0    0         1 10813333014159       20715436       20715436   509587640001  N  0                      20181111 01/12/2023
01 36749552  11423  M  HIDROCLOROTI GN12,5 X30CO                   6  39897000  39897000       000 239382000       000    0    0    0    0    0         1  7591585172686       20715436       20715436   509587640001  N  0                           008 01/02/2022
01 36749552  FA003  M  HIDROTEN 12,5MG. X30TA                      4  42859314  42859314       000 171437256       000    0    0    0    0    0         1  7591821903791       20715436       20715436   509587640001  N  0                       2001581 01/02/2022
01 36749552  FA003  M  HIDROTEN 12,5MG. X30TA                      2  42859314  42859314       000  85718628       000    0    0    0    0    0         1  7591821903791       20715436       20715436   509587640001  N  0                       2001581 01/02/2022
01 36749552  FA504  M  NEURIXA 150MG. X14CA                        6 109476250 109476250       000 656857500       000    0    0    0    0    0         1  7591821903609       20715436       20715436   509587640001  N  0                       2002755 01/03/2022
01 36749552  PG110  M  NINAZO GOTAS AD. 15ML.                     12  19395956  19395956       000 232751472       000    0    0    0    0    0         1  7591821802957       20715436       20715436   509587640001  N  0                       2001550 01/09/2021
01 36749552  GI720  C  GILLETTE D.BOL. C.W 60GR.                  12  10660813  10660813       000 127929756  20468761    0    0    0    0    0         2       75045555       20715436       20715436   509587640002  N  0                           112 01/01/2030
01 36749552  XS020  N  GLICERINA XS 30ML.                          6  14300000  14300000       000  85800000  13728000    0    0    0    0    0         3  7594001450696       20715436       20715436   509587640003  N  0                      16042019 01/06/2022
02 36749552         62    1899681312     270929756      34196761    2204807829    0    0    0  000    0    0    0   15/05/2020 12:07:57 p.m.   PR           000           000             0            10
