01 36747578  QO320  M  ANALPER NAX CAPS. 250 X10                   6  32175000  32175000       000 193050000       000    0    0    0    0    0         1  7592454000789       20712759       20712759   509567240001  N  0                       3243303 01/03/2022
01 36747578  11081  M  BRUDOL 200MG/65MG. X20CO                    6  16632330  16632330       000  99793980       000    0    0    0    0    0         1  7591062901105       20712759       20712759   509567240001  N  0                        19046B 01/11/2021
01 36747578  12309  M  FESTAL 210MG 25BLIST X4TA                   1 313170000 313170000       000 313170000       000    0    0    0    0    0         1  7591519317572       20712759       20712759   509567240001  N  0                         31039 01/02/2022
01 36747578  LO810  M  FISIOLIN GOTAS PED. 15ML.                   6  15230121  15230121       000  91380726       000    0    0    0    0    0         1  7591196002198       20712759       20712759   509567240001  N  0                       I020848 01/03/2023
01 36747578  VC003  M  GENCIVOL COMPUESTO SOL.15ML                 3  21856250  21856250       000  65568750       000    0    0    0    0    0         1  7592782000529       20712759       20712759   509567240001  N  0                       2030009 01/03/2022
01 36747578  QM340  M  LEPRIT 25MG. X30TA                          2  65247000  65247000       000 130494000       000    0    0    0    0    0         1  7703763363063       20712958       20712958   509567240001  N  0                       3242929 01/03/2022
01 36747578  GN101  M  LOSARTAN P. GN 50MG. X30                    3  71214000  71214000       000 213642000       000    0    0    0    0    0         1  7591585278951       20712958       20712958   509567240001  N  0                           341 01/02/2022
01 36747578  12157  M  METRONIDAZOL BM500 X100TA                   2 146250000 146250000       000 292500000       000    0    0    0    0    0         1  6930169708247       20712759       20712759   509567240001  N  0                        190554 01/04/2022
01 36747578  LO474  M  OMEPRAZOL LO 20MG. X7CA                     6  29261753  29261753       000 175570518       000    0    0    0    0    0         1  7591196003386       20712958       20712958   509567240001  N  0                       I119343 01/12/2021
01 36747578  VO190  M  OXIMETAZOLINA GENCER PED.15                 2  23516849  23516849       000  47033698       000    0    0    0    0    0         1  7591020007511       20712958       20712958   509567240001  N  0                           109 01/11/2021
01 36747578  11525  C  PA?AL BEBE MIMLOT XG X18                    1  92430000  92430000       000  92430000  14788800    0    0    0    0    0         1  1180201379293       20712958       20712958   509567240001  N  0                    CB5200112C 01/01/2023
01 36747578  12008  M  PERTEN 1%GEL TOPICO 20GR.                   1  36855000  36855000       000  36855000       000    0    0    0    0    0         1  7592601301820       20712759       20712759   509567240001  N  0                        936902 01/09/2021
01 36747578  CH789  C  SECUREZZA CLASSIC GDE. X6                   1  57346866  57346866       000  57346866   9175499    0    0    0    0    0         1  7591353515011       20712958       20712958   509567240001  N  0                      00407101 01/04/2022
01 36747578  FA444  M  TAPAZOL TAB. 5MG. X60                       2  51573815  51573815       000 103147630       000    0    0    0    0    0         1  7591821903234       20712759       20712759   509567240001  N  0                       1907659 01/09/2022
01 36747578  LM210  C  OLMAX CH. A.CASPA 140CC.                    1  48885200  48885200       000  48885200   7821632    0    0    0    0    0         2  7592025101211       20712958       20712958   509567240002  N  0                        190917 01/04/2023
01 36747578  10856  C  TOALLAS H MIMLOT ALOE 72U                   2  20800000  20800000       000  41600000   6656000    0    0    0    0    0         2   661799967129       20712759       20712759   509567240002  N  0                         07315 01/02/2023
01 36747578  10857  C  TOALLAS H MIMLOT CREM 72U                   2  20800000  20800000       000  41600000   6656000    0    0    0    0    0         2   661799967112       20712759       20712759   509567240002  N  0                          0722 01/01/2023
02 36747578         47    1762206302     281862066      45097931    2089166299    0    0    0  000    0    0    0   12/05/2020 02:56:01 p.m.   PR           000           000             0            17
