01 36740847  GQ739  M  ACETAMINOFEN ELTER 650 X10                 12   9750000   9750000       000 117000000       000    0    0    0    0    0         1  7592454001243       20702118       20702118   509498860001  N  0                       3241661 01/02/2022
01 36740847  11576  C  AFEIT. APEX  LEVEL 4H X2                    2   8892260   8892260       000  17784520   2845523    0    0    0    0    0         1  7595751002609       20702118       20702118   509498860001  N  0                           10X 01/12/2030
01 36740847  11575  C  AFEIT. APEX  REVO 3H X2                     2  12480000  12480000       000  24960000   3993600    0    0    0    0    0         1  7595751002586       20702118       20702118   509498860001  N  0                           10X 01/12/2030
01 36740847  10827  M  ANTAAR 5MG. X30TA                           1  97500000  97500000       000  97500000       000    0    0    0    0    0         1  7591519051896       20702118       20702118   509498860001  N  0                         31213 01/03/2023
01 36740847  11740  M  BRASARTAN 80MG. X30CA                       3  69319054  69319054       000 207957162       000    0    0    0    0    0         1  7591821210486       20702118       20702118   509498860001  N  0                       2001455 01/01/2022
01 36740847  GQ600  M  CAPTOPRIL ELTER 25 X20TA                    6  32175000  32175000       000 193050000       000    0    0    0    0    0         1  7703763100194       20702118       20702118   509498860001  N  0                       3228621 01/05/2022
01 36740847  12025  M  CEFADROXILO DAC500 X10TA                    2  62790000  62790000       000 125580000       000    0    0    0    0    0         1  8906121690033       20701916       20701916   509498860001  N  0                         T1206 01/11/2021
01 36740847  PA024  M  COLGESIC 400MG/4MG. X15CO                   6  44782046  44782046       000 268692276       000    0    0    0    0    0         1  7591243810028       20701916       20701916   509498860001  N  0                       9208701 01/03/2022
01 36740847  KL684  M  CORENTEL 5MG. X10CO                         6  26000000  26000000       000 156000000       000    0    0    0    0    0         1  7591619520285       20701916       20701916   509498860001  N  0                          0003 01/02/2023
01 36740847  PA874  M  DI EUDRIN 12,5MG. X24TA                     6  18214508  18214508       000 109287048       000    0    0    0    0    0         1  7591243812374       20702118       20702118   509498860001  N  0                         91740 01/03/2023
01 36740847  FA017  M  FITEX 20MG. X2TA                            6   7632404   7632404       000  45794424       000    0    0    0    0    0         1  7591821904309       20702118       20702118   509498860001  N  0                       1908512 01/09/2021
01 36740847  LT210  M  LONGACEF 100MG.PPSO 60ML.                   2 146367000 146367000       000 292734000       000    0    0    0    0    0         1  7591585116208       20701946       20701946   509498860001  N  0                           489 01/03/2022
01 36740847  11623  M  LOSARTAN P. AL50MG. X30TA                   4  44223574  44223574       000 176894296       000    0    0    0    0    0         1  7597758000138       20701946       20701946   509498860001  N  0                         DL021 01/06/2022
01 36740847  LX102  M  MIGREN 650-50-1 X20CO                       2  46150000  46150000       000  92300000       000    0    0    0    0    0         1  7591585415738       20701946       20701946   509498860001  N  0                           489 01/03/2022
01 36740847  12090  M  NORDETTE 0,15-0,03 21GRAG                   1  88920000  88920000       000  88920000       000    0    0    0    0    0         1  7702338362517       20702118       20702118   509498860001  N  0                        CJ8100 01/01/2021
01 36740847  EH410  M  VALSARTAN VP TAB. 80X14                     6  31980787  31980787       000 191884722       000    0    0    0    0    0         1  7703153016180       20701916       20701916   509498860001  N  0                       1261601 01/08/2022
01 36740847  SQ120  C  LUBRIX GEL 60CC.                            3  10969644  10969644       000  32908932   5265429    0    0    0    0    0         2  7592904000017       20702118       20702118   509498860002  N  0                           926 01/11/2022
01 36740847  10127  C  AGUA OXG AMER C VO20 60CC                   6  10972000  10972000       000  65832000  10533120    0    0    0    0    0         3  7592566000585       20702118       20702118   509498860003  N  0                       0101010 01/01/2022
01 36740847  DT490  C  ALCOHOL ABSOLUTO DT 120CC                  12  32834750  32834750       000 394017000       000    0    0    0    0    0         3  7591616000261       20702118       20702118   509498860003  N  0                        261116 01/04/2023
01 36740847  BQ320  M  BROMEXINA BQ 4MG.120ML.                     6  18427500  18427500       000 110565000       000    0    0    0    0    0         3  7594000850985       20702118       20702118   509498860003  N  0                        200213 01/02/2022
01 36740847  LN255  M  BROMEXINA LN 8MG.JBE120ML                   6  14501739  14501739       000  87010434       000    0    0    0    0    0         3  7592348204002       20702118       20702118   509498860003  N  0                         41452 01/02/2023
01 36740847  LC314  N  FLUVIRIN JBE. 120ML.                        2  44594550  44594550       000  89189100       000    0    0    0    0    0         3  7591585111166       20702118       20702118   509498860003  N  0                           216 01/01/2022
01 36740847  CO520  M  KATIVIL SOL.ORAL 120ML.                     2  49530000  49530000       000  99060000       000    0    0    0    0    0         3  7591818111147       20702118       20702118   509498860003  N  0                         00100 01/03/2023
02 36740847        104    2549418462     535502452      22637672    3107558586    0    0    0  000    0    0    0   28/04/2020 02:58:28 p.m.   PR           000           000             0            23
