01 36759780  CO006  M  AEROFLAT GOTAS 80MG.20ML.                   2  50193000  50193000       000 100386000       000    0    0    0    0    0         1  7591818210406       20729898       20729898   509686880001  N  0                         90209 01/09/2021
01 36759780  11795  M  AFLAMAX 50MG. X10TA                        12  22774538  22774538       000 273294456       000    0    0    0    0    0         1  7591196007186       20730558       20730558   509686880001  N  0                       I030871 01/04/2022
01 36759780  CO135  M  AIRFEN GOTAS NAS.PED.15ML                   3  36894000  36894000       000 110682000       000    0    0    0    0    0         1  7591818111024       20729898       20729898   509686880001  N  0                         00179 01/05/2023
01 36759780  GQ800  M  AMOXICILINA ELTER500 12CA                   2  70473000  70473000       000 140946000       000    0    0    0    0    0         1  7703763070282       20730558       20730558   509686880001  N  0                       3243366 01/03/2022
01 36759780  GQ360  M  AMOXICILINA ELTER500 6CA                    2  43804800  43804800       000  87609600       000    0    0    0    0    0         1  7703763070299       20730558       20730558   509686880001  N  0                       3240614 01/01/2022
01 36759780  VM780  M  AMOXIVAL 250MG.PPSO 90ML.                   2  44808453  44808453       000  89616906       000    0    0    0    0    0         1  7591020000758       20729898       20729898   509686880001  N  0                           399 01/02/2022
01 36759780  VM419  M  AMOXIVAL 750MG.PPSO 70ML.                   2  55527238  55527238       000 111054476       000    0    0    0    0    0         1  7591020008082       20729898       20729898   509686880001  N  0                           147 01/03/2022
01 36759780  DP105  M  BACITRACINA DP UNG. 15GR.                   6  38356587  38356587       000 230139522       000    0    0    0    0    0         1  7592616021010       20730558       20729898   509686880001  N  0                         00438 01/04/2023
01 36759780  DP105  M  BACITRACINA DP UNG. 15GR.                   6  38356587  38356587       000 230139522       000    0    0    0    0    0         1  7592616021010       20729898       20729898   509686880001  N  0                         00438 01/04/2023
01 36759780  11797  M  BETASOL 0,05% UNG. 20GR.                    2  60849365  60849365       000 121698730       000    0    0    0    0    0         1  7410091665782       20730392       20730392   509686880001  N  0                  19D09BSUVZLA 01/04/2021
01 36759780  VC310  M  BEVINDAZOL400 SUSP.10ML                    12  31281250  31281250       000 375375000       000    0    0    0    0    0         1  7592782000055       20729898       20729898   509686880001  N  0                       2020006 01/03/2022
01 36759780  EL009  M  BRUGESIC 200MG. X10CO                      12  23201248  23201248       000 278414976       000    0    0    0    0    0         1  7591062902379       20729898       20729898   509686880001  N  0                        200208 01/04/2022
01 36759780  11898  M  BUCOXOLGAR FRU.RO X10TM                     2  23400000  23400000       000  46800000       000    0    0    0    0    0         1  7592454891363       20730392       20730392   509686880001  N  0                       3244653 01/04/2022
01 36759780  MY103  M  CALMOX 7,5MG. X10TA                         2  36335000  36335000       000  72670000       000    0    0    0    0    0         1  7592601100744       20729898       20729898   509686880001  N  0                        928304 01/01/2022
01 36759780  GQ224  M  CETIRIZINA ELTER JBE. 60CC.                 6  30719000  30719000       000 184314000       000    0    0    0    0    0         1  7592454138239       20730392       20730392   509686880001  N  0                       3241664 01/02/2023
01 36759780  DP026  M  CLOTRIMAZOL DP10%CR.V.7GR                   6  54798384  54798384       000 328790304       000    0    0    0    0    0         1  7592616584157       20730558       20730558   509686880001  N  0                         00331 01/03/2023
01 36759780  10025  M  CLOTRIMAZOL GN CR.1% 50GR                   4  49935600  49935600       000 199742400       000    0    0    0    0    0         1  7591585377456       20730392       20730392   509686880001  N  0                           263 01/05/2023
01 36759780  12163  M  COMPLEJO MULTIVIT.BM X100                   1 162500000 162500000       000 162500000       000    0    0    0    0    0         1  6930169708032       20729898       20729898   509686880001  N  0                        190443 01/03/2022
01 36759780  12208  M  DAYFLU NOC 500-2  X5CBL                    12   6762139   6762139       000  81145668       000    0    0    0    0    0         1  7592432901404       20730558       20730558   509686880001  N  0                        200009 01/01/2022
01 36759780  KN101  M  DENUAL 150MG. X1CO                          2  64740000  64740000       000 129480000       000    0    0    0    0    0         1  7591619517605       20730392       20730392   509686880001  N  0                          0002 01/06/2021
01 36759780  QM490  M  DICIGEL SUSP. 240ML.                        2  62400000  62400000       000 124800000       000    0    0    0    0    0         1  7592454889216       20730392       20730392   509686880001  N  0                       3246927 01/05/2022
01 36759780  MK579  M  DOL PLUS TAB. X10                           2  41067000  41067000       000  82134000       000    0    0    0    0    0         1  7591519005134       20730392       20730392   509686880001  N  0                         31233 01/03/2023
01 36759780  11266  M  ENALAPRIL DP 20MG. X10TA                    6  18143553  18143553       000 108861318       000    0    0    0    0    0         1  7592616576879       20730392       20730392   509686880001  N  0                         00222 01/03/2022
01 36759780  ZA102  M  EVIGAX 125MG. X10CA.BLA                     1  59405398  59405398       000  59405398       000    0    0    0    0    0         1  7592432900032       20730392       20730392   509686880001  N  0                        200003 01/10/2022
01 36759780  KL814  M  FARBICIL 1% CR.TOP. 15GR.                   2  31200000  31200000       000  62400000       000    0    0    0    0    0         1  7591619520377       20729898       20729898   509686880001  N  0                          0001 01/02/2023
01 36759780  KL400  M  HELAL 200MG. X2CO                           4  38220000  38220000       000 152880000       000    0    0    0    0    0         1  7591619102016       20730392       20730392   509686880001  N  0                          0022 01/01/2022
01 36759780  GQ384  M  IBUPROFENO LS 200 X10TA                    12  28476500  28476500       000 341718000       000    0    0    0    0    0         1  7592454891196       20729898       20729898   509686880001  N  0                       3234344 01/10/2021
01 36759780  DP270  M  KETOCONAZOL DP CR. 2% 15GR.                 6  32435859  32435859       000 194615154       000    0    0    0    0    0         1  7592616584027       20730392       20730392   509686880001  N  0                         00328 01/03/2022
01 36759780  11442  M  KETOPROFENO PX 100 X10TA                    4  29638902  29638902       000 118555608       000    0    0    0    0    0         1  7594001101178       20730392       20730392   509686880001  N  0                          5499 01/03/2025
01 36759780  GN694  M  MELOXICAM GN 15MG. X10CO                    2  39910000  39910000       000  79820000       000    0    0    0    0    0         1  7591585178022       20729898       20729898   509686880001  N  0                           066 01/11/2021
01 36759780  LO474  M  OMEPRAZOL LO 20MG. X7CA                    12  29261753  29261753       000 351141036       000    0    0    0    0    0         1  7591196003386       20729898       20729898   509686880001  N  0                       I119343 01/12/2021
01 36759780  12008  M  PERTEN 1%GEL TOPICO 20GR.                   2  36855000  36855000       000  73710000       000    0    0    0    0    0         1  7592601301820       20729898       20729898   509686880001  N  0                        936902 01/09/2021
01 36759780  XS024  N  VASELINA RECETTE 30GR.                      2  15746250  15746250       000  31492500   5038800    0    0    0    0    0         1  7594001451891       20730458       20730458   509686880001  N  0                      29042042 01/11/2022
01 36759780  XS025  N  VASELINA RECETTE 60GR.                      2  30387500  30387500       000  60775000   9724000    0    0    0    0    0         1  7594001451907       20730458       20730458   509686880001  N  0                      27032099 01/11/2022
01 36759780  VP400  M  VIT E VP 400MG. X30CA.BLA                   2 104000000 104000000       000 208000000       000    0    0    0    0    0         1  7592432005478       20730392       20730392   509686880001  N  0                        200071 01/03/2023
01 36759780  GQ739  M  ACETAMINOFEN ELTER 650 X10                 12   9750000   9750000       000 117000000       000    0    0    0    0    0         2  7592454001243       20730558       20730558   509686880002  N  0                       3244626 01/03/2022
01 36759780  VM375  M  ACEVAL 650MG. X10TA                         6  13465739  13465739       000  80794434       000    0    0    0    0    0         2  7591020000611       20729898       20729898   509686880002  N  0                           169 01/01/2025
01 36759780  VP729  M  ALIVAX FORTE 650 X10C.BLA                  12  13349899  13349899       000 160198788       000    0    0    0    0    0         2  7592432010335       20729898       20729898   509686880002  N  0                        200032 01/02/2023
01 36759780  11800  M  DICLOFENAC P.LO50MG.X10TA                  24  22697806  22697806       000 544747344       000    0    0    0    0    0         2  7591196007230       20730392       20730392   509686880002  N  0                       I010587 01/02/2022
01 36759780  MK675  M  DOL 450-40-1 X10TA                          2  36796500  36796500       000  73593000       000    0    0    0    0    0         2  7591519000474       20730392       20730392   509686880002  N  0                         31033 01/01/2023
01 36759780  LX102  M  MIGREN 650-50-1 X20CO                       2  58687200  58687200       000 117374400       000    0    0    0    0    0         2  7591585415738       20730392       20730392   509686880002  N  0                           485 01/01/2022
01 36759780  LT043  M  PEGYT 75MG. X20CA                           2  78520000  78520000       000 157040000       000    0    0    0    0    0         2  7591585317018       20730392       20730392   509686880002  N  0                           040 01/03/2023
01 36759780  KA384  C  DERMOX LOC.CORP. REAF.350                   2  38241004  38241004       000  76482008  12237121    0    0    0    0    0         3  7590005183141       20730392       20730392   509686880003  N  0                     2005032F1 01/05/2022
01 36759780  KA276  C  DRENE CH.LISO HYDRA 350CC                   2  39591196  39591196       000  79182392  12669183    0    0    0    0    0         3  7590005007041       20730392       20730392   509686880003  N  0                     2005137C1 01/05/2022
01 36759780  11840  C  EVERY N.CP.NI?O PROTEI240                   3  20862218  20862218       000  62586654  10013865    0    0    0    0    0         3  7590005250072       20730392       20730392   509686880003  N  0                     PS2005057 01/05/2022
01 36759780  KA990  C  EVERY N.CR.HID. VIT E 350                   2  28828391  28828391       000  57656782   9225085    0    0    0    0    0         3  7590005166328       20730392       20730392   509686880003  N  0                     2005096A1 01/05/2022
01 36759780  QO480  M  ANALPER JBE.PED.150MG.120ML                 4  39091000  39091000       000 156364000       000    0    0    0    0    0         4  7592454003117       20730461       20730461   509686880004  N  0                       3242720 01/03/2023
01 36759780  11743  N  CITRATO POTASIO BF10%1LT.                   3  92498120  92498120       000 277494360       000    0    0    0    0    0         4  7591616000704       20729898       20729898   509686880004  N  0                        704093 01/05/2023
01 36759780  CH117  C  COLONIA CHICCO 200CC                        2  34579302  34579302       000  69158604  11065377    0    0    0    0    0         4  7591061647424       20730392       20730392   509686880004  N  0                      20201132 01/02/2022
01 36759780  NP039  M  VALPRON 250MG. JBE.180ML.                   2 150859266 150859266       000 301718532       000    0    0    0    0    0         4  7591821901964       20730458       20730458   509686880004  N  0                       1909082 01/11/2021
02 36759780        239    7391432432     345066440      69973430    7806472302    0    0    0  000    0    0    0   04/06/2020 01:55:59 p.m.   PR           000           000             0            49
