01 36751591  VM375  M  ACEVAL 650MG. X10TA                         6  13130000  13130000       000  78780000       000    0    0    0    0    0         1  7591020000611       20718762       20718762   509609220001  N  0                           170 01/01/2025
01 36751591  MK879  M  ACICLOVIR +MK200MG. X25TA                   2  81880500  81880500       000 163761000       000    0    0    0    0    0         1  7591519005639       20718762       20718762   509609220001  N  0                         30788 01/08/2022
01 36751591  KN420  M  ANASMOL 2,5MG. X30CO                        3  49400000  49400000       000 148200000       000    0    0    0    0    0         1  7591955003084       20718762       20718762   509609220001  N  0                          0026 01/10/2021
01 36751591  KV004  M  ANTILAX 2MG. X10TA                          6  18403938  18403938       000 110423628       000    0    0    0    0    0         1  7591821102095       20718762       20718762   509609220001  N  0                       2001554 01/02/2022
01 36751591  PF204  M  ATAMEL FORTE 650MG. X10TA                  12  11726839  11726839       000 140722068       000    0    0    0    0    0         1  7591257000552       20718762       20718762   509609220001  N  0                     926132021 01/03/2022
01 36751591  FA022  M  BONAMES 150MG. X1TA                         1  34452634  34452634       000  34452634       000    0    0    0    0    0         1  7591821903326       20718762       20718762   509609220001  N  0                       1911265 01/11/2023
01 36751591  EL009  M  BRUGESIC 200MG. X10CO                      12  19979183  19979183       000 239750196       000    0    0    0    0    0         1  7591062902379       20718762       20718762   509609220001  N  0                        20018B 01/02/2022
01 36751591  10927  M  CARBAMAZE ALFA200MG.X50TA                   1 253110000 253110000       000 253110000       000    0    0    0    0    0         1  7468999185208       20718762       20718762   509609220001  N  0                         18947 01/09/2023
01 36751591  MK930  M  CEFADROXILO +MK250 PPSO60                   2  85800000  85800000       000 171600000       000    0    0    0    0    0         1  7591519003208       20718762       20718762   509609220001  N  0                       2061019 01/10/2021
01 36751591  GN604  M  CEFADROXILO GN 500 X 20                     2 117202800 117202800       000 234405600       000    0    0    0    0    0         1  7591585370228       20718762       20718762   509609220001  N  0                           556 01/01/2023
01 36751591  11288  M  COLYPAN 200MG. X10TA                        6  37196641  37196641       000 223179846       000    0    0    0    0    0         1  7591821210264       20718762       20718762   509609220001  N  0                       2001498 01/03/2023
01 36751591  11800  M  DICLOFENAC P.LO50MG.X10TA                  12  22697806  22697806       000 272373672       000    0    0    0    0    0         1  7591196007230       20718762       20718762   509609220001  N  0                       I010587 01/02/2022
01 36751591  10928  M  ENALAPRIL ALFA 10MG.X50TA                   1 373659000 373659000       000 373659000       000    0    0    0    0    0         1  7468999180333       20718762       20718762   509609220001  N  0                         19916 01/09/2024
01 36751591  EL369  M  FLATORIL GOTAS 20CC.                        2  41829190  41829190       000  83658380       000    0    0    0    0    0         1  7591062166191       20718762       20718762   509609220001  N  0                        20040A 01/04/2022
01 36751591  10829  M  FLUCON 200MG. X4CA                          2  50700000  50700000       000 101400000       000    0    0    0    0    0         1  7591955558331       20718762       20718762   509609220001  N  0                          0007 01/01/2022
01 36751591  MK052  M  FLUCONAZOL +MK150MG. X2CA                   6  29250000  29250000       000 175500000       000    0    0    0    0    0         1  7591519001594       20718762       20718762   509609220001  N  0                         31133 01/02/2022
01 36751591  MG604  M  FULGRAM SUSP. 600/42,9 60CC                 2 114543000 114543000       000 229086000       000    0    0    0    0    0         1  7591585113139       20718762       20718762   509609220001  N  0                           314 01/04/2022
01 36751591  KL170  M  FURFURIL APOS.SOL. 30GR.                    2  31200000  31200000       000  62400000       000    0    0    0    0    0         1  7591619122014       20718762       20718762   509609220001  N  0                          0104 01/11/2021
01 36751591  AH235  M  HEXOMEDINE COLUT.AER.30GR                   2  70200000  70200000       000 140400000       000    0    0    0    0    0         1  7591044401463       20718762       20718762   509609220001  N  0                         30782 01/07/2021
01 36751591  11442  M  KETOPROFENO PX 100 X10TA                    6  29638902  29638902       000 177833412       000    0    0    0    0    0         1  7594001101178       20718762       20718762   509609220001  N  0                          5499 01/03/2025
01 36751591  AH295  M  LASIX 20MG. X24CO                           3  36504000  36504000       000 109512000       000    0    0    0    0    0         1  7592205000037       20718762       20718762   509609220001  N  0                       8VE0090 01/08/2021
01 36751591  GN101  M  LOSARTAN P. GN 50MG. X30                    6  78260000  78260000       000 469560000       000    0    0    0    0    0         1  7591585278951       20718762       20718762   509609220001  N  0                           341 01/02/2022
01 36751591  KL419  M  MIGRADORIXINA 125-1 X10CO                   6  37700000  37700000       000 226200000       000    0    0    0    0    0         1  7591619518688       20718762       20718762   509609220001  N  0                          0007 01/08/2022
01 36751591  CE120  M  NIOSILIN UNG. 20GR.TUBO                     3  20800000  20800000       000  62400000       000    0    0    0    0    0         1  7594003280048       20718762       20718762   509609220001  N  0                        190016 01/02/2021
01 36751591  EL027  M  OFAFLAN SUSP.PED. 120ML.                    3  19710657  19710657       000  59131971       000    0    0    0    0    0         1  7591062016472       20718762       20718762   509609220001  N  0                        19113A 01/11/2021
01 36751591  PA051  M  PROPRANOLOL PA 10MG.X20TA                  12   4298698   4298698       000  51584376       000    0    0    0    0    0         1  7591243843064       20718762       20718762   509609220001  N  0                       9182902 01/08/2022
01 36751591  LT065  M  SITAGLISMET 50-500 X30CO                    1 149292000 149292000       000 149292000       000    0    0    0    0    0         1  7591585118066       20718762       20718762   509609220001  N  0                           062 01/01/2022
01 36751591  EL394  M  TACHIFORTE 650MG. X10TA                    12  13829591  13829591       000 165955092       000    0    0    0    0    0         1  7591062017295       20718762       20718762   509609220001  N  0                        20021A 01/02/2025
01 36751591  SQ120  C  LUBRIX GEL 60CC.                            3  28187819  28187819       000  84563457  13530153    0    0    0    0    0         2  7592904000017       20718762       20718762   509609220002  N  0                           926 01/11/2022
01 36751591  11143  N  BEUSAN CEB.MORADA JBE.240                   3  14917852  14917852       000  44753556       000    0    0    0    0    0         3  7592710001260       20718762       20718762   509609220003  N  0                       1362503 01/03/2022
01 36751591  QO540  M  BROXOL ALERG S.ORAL 100ML                   2  45500000  45500000       000  91000000       000    0    0    0    0    0         3  7592454889513       20718762       20718762   509609220003  N  0                       3245365 01/04/2022
02 36751591        142    4844084431      84563457      13530153    4942178041    0    0    0  000    0    0    0   20/05/2020 10:17:30 a.m.   PR           000           000             0            31
