01 36752780  LO239  M  AIRON 4MG. X10TAB.MAST.                     2  35663909  35663909       000  71327818       000    0    0    0    0    0         1  7591196002952       20720188       20720188   509619650001  N  0                       I020831 01/02/2022
01 36752780  DT400  N  ALUMBRE POLVO DT20G X12                     1 147460560 147460560       000 147460560       000    0    0    0    0    0         1 17591616001487       20720188       20720188   509619650001  N  0                        480030 01/02/2023
01 36752780  KL489  M  ANASMOL 5MG. X30CO                          2  70200000  70200000       000 140400000       000    0    0    0    0    0         1  7591955003091       20720188       20720188   509619650001  N  0                          0039 01/01/2022
01 36752780  11081  M  BRUDOL 200MG/65MG. X20CO                    6  16632330  16632330       000  99793980       000    0    0    0    0    0         1  7591062901105       20720188       20720188   509619650001  N  0                        19046A 01/11/2021
01 36752780  EL930  M  BRUGESIC 600MG. X10CO                       3  48245115  48245115       000 144735345       000    0    0    0    0    0         1  7591062902539       20720188       20720188   509619650001  N  0                        20029A 01/03/2022
01 36752780  12058  M  BRUGESIC FORTE 800MG.X4CO                   1  36965500  36965500       000  36965500       000    0    0    0    0    0         1  7591062902553       20720188       20720188   509619650001  N  0                        20030A 01/03/2022
01 36752780  12027  M  CIPROFLOXA DAC250 PPSO60                    1  35506250  35506250       000  35506250       000    0    0    0    0    0         1  8906078131450       20720188       20720188   509619650001  N  0                          L501 01/04/2022
01 36752780  12151  M  CIPROFLOXACI BM200 100ML.                   1  30875000  30875000       000  30875000       000    0    0    0    0    0         1  6930169708179       20720188       20720188   509619650001  N  0                        190467 01/03/2022
01 36752780  PA024  M  COLGESIC 400MG/4MG. X15CO                   2  52922553  52922553       000 105845106       000    0    0    0    0    0         1  7591243810028       20720188       20720188   509619650001  N  0                       9208701 01/03/2022
01 36752780  KN101  M  DENUAL 150MG. X1CO                          1  48100000  48100000       000  48100000       000    0    0    0    0    0         1  7591619517605       20720188       20720188   509619650001  N  0                          0002 01/06/2021
01 36752780  MK076  M  ENALAPRIL +MK 20MG.X30TA                    2  49140000  49140000       000  98280000       000    0    0    0    0    0         1  7591519051643       20720188       20720188   509619650001  N  0                         31152 01/02/2022
01 36752780  GQ990  M  ENALAPRIL ELTER 20 X20TA                    6  33800000  33800000       000 202800000       000    0    0    0    0    0         1  7592454141000       20720188       20720188   509619650001  N  0                       3241667 01/03/2023
01 36752780  11434  M  ENALAPRIL PX 20MG. X30TA                    2  36362024  36362024       000  72724048       000    0    0    0    0    0         1  7594001101222       20720188       20720188   509619650001  N  0                          5517 01/10/2021
01 36752780  PD109  M  FERGANIC FOLIC TM X20                       1  49400000  49400000       000  49400000       000    0    0    0    0    0         1  7591955002797       20720188       20720188   509619650001  N  0                          0279 01/10/2021
01 36752780  KN280  M  FERGANIC FOLIC TM X30                       1  75400000  75400000       000  75400000       000    0    0    0    0    0         1  7591955003053       20720188       20720188   509619650001  N  0                          0274 01/09/2021
01 36752780  LT046  M  GENLET 200MG. X20CO                         1 106177500 106177500       000 106177500       000    0    0    0    0    0         1  7591585110183       20720188       20720188   509619650001  N  0                           037 01/02/2022
01 36752780  XS008  N  GOTAS VALERIANA XS 30ML.                    6  13442000  13442000       000  80652000       000    0    0    0    0    0         1  7594001450818       20720188       20720188   509619650001  N  0                      13042015 01/04/2023
01 36752780  LT210  M  LONGACEF 100MG.PPSO 60ML.                   1 161003700 161003700       000 161003700       000    0    0    0    0    0         1  7591585116208       20720188       20720188   509619650001  N  0                           489 01/03/2022
01 36752780  GN173  M  LOSARTAN P. GN 50/12,5X30                   6  77863500  77863500       000 467181000       000    0    0    0    0    0         1  7591585278739       20720188       20720188   509619650001  N  0                           094 01/08/2022
01 36752780  DP475  M  METRONIDAZOL DP125 120ML.                   2  27724256  27724256       000  55448512       000    0    0    0    0    0         1  7592616382012       20720188       20720188   509619650001  N  0                         00220 01/02/2022
01 36752780  VP430  M  METROVAX 500MG. X15CA                       2  34984885  34984885       000  69969770       000    0    0    0    0    0         1  7592432006123       20720188       20720188   509619650001  N  0                        190167 01/09/2022
01 36752780  PD900  M  NEFROTAL H 50/12,5 X14CO                    2  40300000  40300000       000  80600000       000    0    0    0    0    0         1  7591955558270       20720188       20720188   509619650001  N  0                          0012 01/09/2021
01 36752780  JV100  M  OXIDREN 150MG. X1CO                         1  72657000  72657000       000  72657000       000    0    0    0    0    0         1  7591585112552       20720188       20720188   509619650001  N  0                           028 01/08/2021
01 36752780  KX100  C  TEST DE EMBARAZO KX                         2  53300000  53300000       000 106600000       000    0    0    0    0    0         1   813333014589       20720188       20720188   509619650001  N  0                     W00190925 01/09/2021
02 36752780         55    2453303089     106600000           000    2559903089    0    0    0  000    0    0    0   21/05/2020 03:18:33 p.m.   PR           000           000             0            24
