01 36754492  PA325  M  BETAGEN 4MG. 1ML. X1AMP.                    6  27813408  27813408       000 166880448       000    0    0    0    0    0         1  7591243804287       20722091       20722091   509632700001  N  0                       9163302 01/02/2022
01 36754492  GT230  M  BLOKIUM COMPR. 100MG. X30                   2  50793600  50793600       000 101587200       000    0    0    0    0    0         1  7591585260055       20722117       20722117   509632700001  N  0                           214 01/10/2024
01 36754492  GT251  M  BLOKIURET 50MG/12.5MGX30                    2  48391200  48391200       000  96782400       000    0    0    0    0    0         1  7591585363626       20722117       20722117   509632700001  N  0                          7092 01/10/2024
01 36754492  KN350  M  CURPINOL 12,5MG. X30CO                      2  80600000  80600000       000 161200000       000    0    0    0    0    0         1  7591955558232       20722091       20722091   509632700001  N  0                          0023 01/02/2023
01 36754492  PB120  M  DENCORUB POM. 40 GR.                        6  29577452  29577452       000 177464712       000    0    0    0    0    0         1  7591309010409       20722091       20722091   509632700001  N  0                       2003003 01/03/2022
01 36754492  10928  M  ENALAPRIL ALFA 10MG.X50TA                   1 373659000 373659000       000 373659000       000    0    0    0    0    0         1  7468999180333       20722091       20722091   509632700001  N  0                         19916 01/09/2024
01 36754492  11555  M  ESOZ 20MG. X7CAPS.MGE                       3  31768750  31768750       000  95306250       000    0    0    0    0    0         1  7592454891264       20722091       20722091   509632700001  N  0                       3236134 01/10/2021
01 36754492  KN280  M  FERGANIC FOLIC TM X30                       2  75400000  75400000       000 150800000       000    0    0    0    0    0         1  7591955003053       20722091       20722091   509632700001  N  0                          0274 01/09/2021
01 36754492  LT046  M  GENLET 200MG. X20CO                         2 106177500 106177500       000 212355000       000    0    0    0    0    0         1  7591585110183       20722091       20722091   509632700001  N  0                           039 01/03/2022
01 36754492  VP784  M  ILANA 600MG.VAG. X1CA.BL                    3  46486440  46486440       000 139459320       000    0    0    0    0    0         1  7592432011523       20721542       20721542   509632700001  N  0                        200042 01/03/2023
01 36754492  MY010  M  IMAZOL CAPS.BL.VAG. 100 X6                  2  64564500  64564500       000 129129000       000    0    0    0    0    0         1  7592601100485       20721542       20721542   509632700001  N  0                        027302 01/03/2023
01 36754492  12323  M  METFORMINA 500MG X100TA                     1 109200000 109200000       000 109200000       000    0    0    0    0    0         1  6921875009605       20721542       20721542   509632700001  N  0                       1908406 01/08/2022
01 36754492  11402  M  METFORMINA FARQ850MG.X100                   1 281853000 281853000       000 281853000       000    0    0    0    0    0         1  7467922680971       20721542       20721542   509632700001  N  0                        190517 01/05/2023
01 36754492  CO540  M  MIOVIT COMP.AMP.3ML. X3 KIT                 3  95238000  95238000       000 285714000       000    0    0    0    0    0         1  7591818026366       20722091       20722091   509632700001  N  0                         00018 01/02/2023
01 36754492  CO010  M  MIOVIT COMP.AMP.3ML. X6 KIT                 1 175461000 175461000       000 175461000       000    0    0    0    0    0         1  7591818715628       20722091       20722091   509632700001  N  0                         00015 01/02/2023
01 36754492  LO474  M  OMEPRAZOL LO 20MG. X7CA                     6  29261753  29261753       000 175570518       000    0    0    0    0    0         1  7591196003386       20722091       20722091   509632700001  N  0                       I119343 01/12/2021
01 36754492  11343  M  RINARIS 5MG-60MG. X10TA                     6  19093415  19093415       000 114560490       000    0    0    0    0    0         1  7591821802322       20722091       20722091   509632700001  N  0                       1908781 01/01/2022
01 36754492  10075  M  VIT C FC 500MG. X30CABL.                    3  69702461  69702461       000 209107383       000    0    0    0    0    0         1  7593090000669       20722091       20722091   509632700001  N  0                        200056 01/03/2022
01 36754492  VT135  C  CALAMINOL FRESH LOC. 180ML.                 2  55128177  55128177       000 110256354  17641017    0    0    0    0    0         2  7591808000031       20721542       20721542   509632700002  N  0                      1811103A 01/11/2021
01 36754492  10117  C  LOC CORP.DERMOX A/E200                      2  26316546  26316546       000  52633092   8421295    0    0    0    0    0         2  7590005183080       20721542       20721542   509632700002  N  0                     PS2004046 01/04/2022
01 36754492  12311  C  LOC J. CAMOMILA HD 180ML                    1  16153800  16153800       000  16153800   2584608    0    0    0    0    0         2  7593723001308       20721542       20721542   509632700002  N  0                       2005097 01/05/2023
01 36754492  12313  C  LOC J. PI?A COLA HD 180ML                   1  16153800  16153800       000  16153800   2584608    0    0    0    0    0         2  7593723001292       20721542       20721542   509632700002  N  0                       2005100 01/05/2023
01 36754492  PA964  M  GINACOL SOL.VAG. 135ML.                     2  29273566  29273566       000  58547132       000    0    0    0    0    0         3  7591242820356       20721542       20721542   509632700003  N  0                       9162502 01/02/2024
02 36754492         60    3214636853     195197046      31231527    3441065426    0    0    0  000    0    0    0   25/05/2020 03:08:03 p.m.   PR           000           000             0            23
