01 36756637  VP529  M  ALBISEC CAPS. X12                           1 120898552 120898552       000 120898552       000    0    0    0    0    0         1  7703153037512       20726027       20726027   509660970001  N  0                       1284829 01/02/2023
01 36756637  PO280  M  AMIKACINA PO500 2ML.1AMP.                   3  49400000  49400000       000 148200000       000    0    0    0    0    0         1  7592806112030       20725640       20725640   509660970001  N  0                        002014 01/02/2023
01 36756637  10827  M  ANTAAR 5MG. X30TA                           3  68250000  68250000       000 204750000       000    0    0    0    0    0         1  7591519051896       20726027       20726027   509660970001  N  0                         31214 01/03/2023
01 36756637  FS009  N  AZUL METILENO FSI 30ML.X6                   1  48489467  48489467       000  48489467       000    0    0    0    0    0         1  7592368000424       20726027       20726027   509660970001  N  0                       0420050 01/04/2022
01 36756637  AO180  M  CALOXPIRINA 81MG. X30TA                     2  54600000  54600000       000 109200000       000    0    0    0    0    0         1  7591519008487       20726027       20726027   509660970001  N  0                         30649 01/06/2021
01 36756637  VM026  M  CANDER HCT 8/12,5 X30TAB                    2  40040000  40040000       000  80080000       000    0    0    0    0    0         1  7591020080637       20726027       20726027   509660970001  N  0                            23 01/04/2022
01 36756637  10025  M  CLOTRIMAZOL GN CR.1% 50GR                   2  49935600  49935600       000  99871200       000    0    0    0    0    0         1  7591585377456       20726027       20726027   509660970001  N  0                           263 01/05/2023
01 36756637  GP220  M  DALTAZEN 60MG. X20CO                        1  45500000  45500000       000  45500000       000    0    0    0    0    0         1  7594000490303       20726027       20726027   509660970001  N  0                          0047 01/01/2022
01 36756637  PA874  M  DI EUDRIN 12,5MG. X24TA                     2  27816373  27816373       000  55632746       000    0    0    0    0    0         1  7591243812374       20726027       20726027   509660970001  N  0                         91740 01/03/2023
01 36756637  MK020  M  DICLOFENAC P. +MK50 X20TA                   3  39000000  39000000       000 117000000       000    0    0    0    0    0         1  7591519001501       20726027       20726027   509660970001  N  0                         31143 01/02/2023
01 36756637  CO009  M  EUSILEN 4MG. X15CO                          1 198198000 198198000       000 198198000       000    0    0    0    0    0         1  7591818222164       20725640       20725640   509660970001  N  0                         00026 01/02/2025
01 36756637  GQ085  M  GENTAMICINA ELTER CR.15GR                   2  46371000  46371000       000  92742000       000    0    0    0    0    0         1  7592454146807       20726027       20726027   509660970001  N  0                       3234713 01/10/2021
01 36756637  12328  M  GENTAPLUS 0.3% 10ML                         2  21840000  21840000       000  43680000       000    0    0    0    0    0         1  8904030802042       20726027       20726027   509660970001  N  0                        190710 01/07/2022
01 36756637  FS010  N  GLICERINA FSI 30ML. X6                      1  79983890  79983890       000  79983890       000    0    0    0    0    0         1  7592368000486       20726027       20726027   509660970001  N  0                       0520042 01/03/2022
01 36756637  GB850  M  GLICERINA GC SUPOS.AD. X6                   2  72185337  72185337       000 144370674       000    0    0    0    0    0         1  7591136923958       20726027       20726027   509660970001  N  0                       2004154 01/04/2022
01 36756637  GB840  M  GLICERINA GC SUPOS.PED. X6                  2  53470997  53470997       000 106941994       000    0    0    0    0    0         1  7591136923873       20726027       20726027   509660970001  N  0                       2003130 01/03/2022
01 36756637  VM474  M  IBUCOLVAL 400/4MG. X20TA                    2  94640000  94640000       000 189280000       000    0    0    0    0    0         1  7591020008051       20726027       20726027   509660970001  N  0                           283 01/03/2022
01 36756637  GQ989  M  IBUPROFENO ELTER 800X10                     6  31200000  31200000       000 187200000       000    0    0    0    0    0         1  7592454153928       20726027       20726027   509660970001  N  0                       3242253 01/04/2022
01 36756637  GQ964  M  IRBESARTAN ELTER150 X10TA                   4  36805600  36805600       000 147222400       000    0    0    0    0    0         1  7592454002547       20726371       20726371   509660970001  N  0                       3241341 01/02/2022
01 36756637  SA520  M  MESIGYNA INSTAYECT 1ML.                     2 102177417 102177417       000 204354834       000    0    0    0    0    0         1  7501303443318       20726027       20726027   509660970001  N  0                       XB30LAH 01/04/2022
01 36756637  DP475  M  METRONIDAZOL DP125 120ML.                   3  27724256  27724256       000  83172768       000    0    0    0    0    0         1  7592616382012       20725640       20725640   509660970001  N  0                         00220 01/02/2022
01 36756637  VM011  M  MIRTAZAVAL 30MG. X30TA                      1  55510000  55510000       000  55510000       000    0    0    0    0    0         1  7591020008747       20726027       20726027   509660970001  N  0                            34 01/04/2023
01 36756637  VP003  M  NYTAXIN 500MG. X6CA.BL.                     2  88271522  88271522       000 176543044       000    0    0    0    0    0         1  7592432018010       20726027       20726027   509660970001  N  0                        190156 01/08/2021
01 36756637  10461  C  VENDA ELAS HOSP 10CM X 1M                   1  65650000  65650000       000  65650000  10504000    0    0    0    0    0         1  7595127000055       20725640       20725640   509660970001  N  0                        311217 01/07/2021
01 36756637  11209  C  ARNICA FC LOC.AER. 64GR.                    2  20386080  20386080       000  40772160   6523546    0    0    0    0    0         2  7593090001079       20725640       20725640   509660970002  N  0                        180685 01/07/2021
01 36756637  10638  C  ARNICA FSI CREMA 90GR.                      2  25399953  25399953       000  50799906       000    0    0    0    0    0         2  7592368003401       20725640       20725640   509660970002  N  0                       0420017 01/09/2021
01 36756637  10001  C  CREM PEIN HD CACAO 240CM3                   1  19383650  19383650       000  19383650   3101384    0    0    0    0    0         2  7593723001049       20726027       20726027   509660970002  N  0                       2001028 01/01/2023
01 36756637  10003  C  CREM PEIN HD SABILA 240CC                   1  19383650  19383650       000  19383650   3101384    0    0    0    0    0         2  7593723001025       20726027       20726027   509660970002  N  0                       1911295 01/11/2022
01 36756637  KA274  C  DRENE CH.SECO HYDRA 350CC                   1  39591196  39591196       000  39591196   6334591    0    0    0    0    0         2  7590005007027       20726027       20726027   509660970002  N  0                       2003175 01/03/2022
01 36756637  KA274  C  DRENE CH.SECO HYDRA 350CC                   1  39591196  39591196       000  39591196   6334591    0    0    0    0    0         2  7590005007027       20726027       20726027   509660970002  N  0                       2003175 01/03/2022
01 36756637  11392  C  DRENE CH.SECO MALTRATA200                   3  26847621  26847621       000  80542863  12886858    0    0    0    0    0         2  7590005007010       20726027       20726027   509660970002  N  0                     PS2003120 01/03/2022
01 36756637  KA180  C  EVERY N.CH.FTA S.M 350                      2  32591113  32591113       000  65182226  10429156    0    0    0    0    0         2  7590005163075       20726027       20726027   509660970002  N  0                     2005026A1 01/05/2022
01 36756637  ED165  C  NOPUCID CH. 100 CC.                         1  57850000  57850000       000  57850000   9256000    0    0    0    0    0         2  7592803000811       20726027       20726027   509660970002  N  0                       2002329 01/02/2022
01 36756637  11144  N  BEUSAN PLUS JBE. 240ML.                     2  23546336  23546336       000  47092672       000    0    0    0    0    0         3  7592710001253       20726027       20726027   509660970003  N  0                       1352004 01/04/2022
01 36756637  LX103  M  CARNISIN 1G.S.ORAL S/A180                   2  85150000  85150000       000 170300000       000    0    0    0    0    0         3  7591585112323       20726027       20726027   509660970003  N  0                           043 01/04/2022
01 36756637  KL774  M  GIVOTAN 100MG.PPSO 60ML.                    3  76440000  76440000       000 229320000       000    0    0    0    0    0         3  7861148020434       20726027       20726027   509660970003  N  0                       191376K 01/11/2022
01 36756637  CO520  M  KATIVIL SOL.ORAL 120ML.                     3  54483000  54483000       000 163449000       000    0    0    0    0    0         3  7591818111147       20726027       20726027   509660970003  N  0                         00103 01/04/2023
01 36756637  KL061  M  PLIDAN SOL.GOTAS 20ML.                      6  54600000  54600000       000 327600000       000    0    0    0    0    0         3  7591619517940       20725640       20725640   509660970003  N  0                          0008 01/02/2023
01 36756637  KL235  M  VIT C KL 100MG. JBE.120ML                   3  54600000  54600000       000 163800000       000    0    0    0    0    0         3  7591619515021       20726027       20726027   509660970003  N  0                          0091 01/10/2021
02 36756637         84    3840383241     478746847      68471511    4387601599    0    0    0  000    0    0    0   29/05/2020 02:35:15 p.m.   PR           000           000             0            39
