01 36765639  GQ309  M  AMLODIPINA ELTER 10 X10TA                   6  26111150  26111150       000 156666900       000    0    0    0    0    0         1  7592454886994       20738681       20738681   509749630001  N  0                       3234494 01/09/2021
01 36765639  VM780  M  AMOXIVAL 250MG.PPSO 90ML.                   2  44808453  44808453       000  89616906       000    0    0    0    0    0         1  7591020000758       20738751       20738699   509749630001  N  0                           399 01/02/2022
01 36765639  VM780  M  AMOXIVAL 250MG.PPSO 90ML.                   3  44808453  44808453       000 134425359       000    0    0    0    0    0         1  7591020000758       20738699       20738699   509749630001  N  0                           399 01/02/2022
01 36765639  QO270  M  ANALPER FORTE TAB. 650X10                   6  18687500  18687500       000 112125000       000    0    0    0    0    0         1  7592454000802       20738699       20738699   509749630001  N  0                       3232673 01/08/2021
01 36765639  11615  M  AZITROMI DIHID.EMS 500 X3                   4  44200000  44200000       000 176800000       000    0    0    0    0    0         1  7896004715957       20738699       20738699   509749630001  N  0                          3775 01/09/2020
01 36765639  PO185  M  BACTRON TAB. X20                            6  68900000  68900000       000 413400000       000    0    0    0    0    0         1  7592806133073       20738699       20738699   509749630001  N  0                        003031 01/03/2025
01 36765639  PA275  M  BETAGEN SOLSPEN 1ML.1AMP.                   3  44345954  44345954       000 133037862       000    0    0    0    0    0         1  7591243804409       20738699       20738699   509749630001  N  0                         91875 01/03/2021
01 36765639  GQ224  M  CETIRIZINA ELTER JBE. 60CC.                 6  30719000  30719000       000 184314000       000    0    0    0    0    0         1  7592454138239       20738699       20738699   509749630001  N  0                       3245379 01/04/2023
01 36765639  12027  M  CIPROFLOXA DAC250 PPSO60                    6  35506250  35506250       000 213037500       000    0    0    0    0    0         1  8906078131450       20738699       20738699   509749630001  N  0                          L501 01/04/2022
01 36765639  LO120  M  CLARASOL SOL.OFT. 15ML.                    12  21433932  21433932       000 257207184       000    0    0    0    0    0         1  7591196000071       20738699       20738699   509749630001  N  0                       I010596 01/01/2023
01 36765639  LO001  M  CLARIX SOL.NASAL PED.15ML                   3  26196820  26196820       000  78590460       000    0    0    0    0    0         1  7591196000101       20738699       20738699   509749630001  N  0                        020682 01/02/2025
01 36765639  PA176  M  DECA LENTERMINA C. X2AMP.                   2  63546796  63546796       000 127093592       000    0    0    0    0    0         1  7591243811445       20738881       20738881   509749630001  N  0                       9165701 01/02/2022
01 36765639  PO195  M  DECOBEL VIAL 8MG. 2ML.                      2  50700000  50700000       000 101400000       000    0    0    0    0    0         1  7592806112047       20738881       20738881   509749630001  N  0                        910080 01/10/2022
01 36765639  KL264  M  DERMOSUPRIL CR. 0,05% 15GR.                 2  59150000  59150000       000 118300000       000    0    0    0    0    0         1  7703281003793       20738699       20738699   509749630001  N  0                        S00875 01/03/2021
01 36765639  MK953  M  DOL PLUS 20BLIS. X4TAB.                     1 154440000 154440000       000 154440000       000    0    0    0    0    0         1  7591519006599       20738881       20738881   509749630001  N  0                         31231 01/03/2023
01 36765639  11395  C  DRA FC CR.PA?ALITIS 50GR.                   1  31851362  31851362       000  31851362   5096218    0    0    0    0    0         1  7593090002267       20738881       20738881   509749630001  N  0                        020619 01/06/2022
01 36765639  GQ990  M  ENALAPRIL ELTER 20 X20TA                    6  33800000  33800000       000 202800000       000    0    0    0    0    0         1  7592454141000       20738881       20738881   509749630001  N  0                       3244929 01/05/2023
01 36765639  12309  M  FESTAL 210MG 25BLIST X4TA                   1 313170000 313170000       000 313170000       000    0    0    0    0    0         1  7591519317572       20738699       20738699   509749630001  N  0                         31041 01/03/2022
01 36765639  AY295  C  GASA ESTERIL KX 3X3 50-S X2                 1 162500000 162500000       000 162500000       000    0    0    0    0    0         1 10813333014159       20738699       20738699   509749630001  N  0                      20190509 01/12/2023
01 36765639  LT046  M  GENLET 200MG. X20CO                         2 114790000 114790000       000 229580000       000    0    0    0    0    0         1  7591585110183       20738699       20738699   509749630001  N  0                           039 01/03/2022
01 36765639  SP760  M  KETOPROFENO SP100MG.X10CO                   6  21531250  21531250       000 129187500       000    0    0    0    0    0         1  7590027001362       20738699       20738699   509749630001  N  0                           370 01/02/2023
01 36765639  12014  M  LEVOFLOXACINA DAC500 X10                    2  62790000  62790000       000 125580000       000    0    0    0    0    0         1  8906078131436       20738699       20738699   509749630001  N  0                          T505 01/04/2022
01 36765639  11802  M  LEVONORGES MC 0,75MG.X2TA                   6  46446400  46446400       000 278678400       000    0    0    0    0    0         1   614143659058       20738699       20738699   509749630001  N  0                        190320 01/03/2022
01 36765639  GQ164  M  MELOXICAM ELTE15MG. X10TA                   6  33059000  33059000       000 198354000       000    0    0    0    0    0         1  7592454162050       20738699       20738699   509749630001  N  0                       3234480 01/09/2022
01 36765639  12028  M  METFORMINA DAC500 X30TA                     3  48587500  48587500       000 145762500       000    0    0    0    0    0         1  8906121690088       20738699       20738699   509749630001  N  0                          9167 01/10/2022
01 36765639  CO125  M  PINVEX SOL.TOP.BUCAL 10ML                   3  28442700  28442700       000  85328100       000    0    0    0    0    0         1  7591818111055       20738699       20738699   509749630001  N  0                         90126 01/06/2024
01 36765639  EH210  M  SECNIDAZOL VP 1GR. X2TA                     3  32915847  32915847       000  98747541       000    0    0    0    0    0         1  7703153019914       20738881       20738881   509749630001  N  0                       1252302 01/06/2022
01 36765639  RZ350  M  SECNIDEX 500MG. X4TA                        3  26410085  26410085       000  79230255       000    0    0    0    0    0         1  7594001101475       20738881       20738881   509749630001  N  0                          5398 01/10/2021
01 36765639  GP430  M  SERLINE 100MG. X10CO                        2  91650000  91650000       000 183300000       000    0    0    0    0    0         1  7594000491027       20738699       20738699   509749630001  N  0                          0021 01/02/2022
01 36765639  GN814  M  SULTAMICILINA GN 250 75ML.                  1 145372500 145372500       000 145372500       000    0    0    0    0    0         1  7591585377944       20738699       20738699   509749630001  N  0                           520 01/03/2022
01 36765639  EL374  M  TACHIPIRIN FORTE SUSP.120                   6  45406140  45406140       000 272436840       000    0    0    0    0    0         1  7591062017301       20738699       20738699   509749630001  N  0                        20034A 01/05/2023
01 36765639  EL320  M  TACHIPIRIN SUPOS. 250X6                     4  43392960  43392960       000 173571840       000    0    0    0    0    0         1  7591062011378       20738752       20738752   509749630001  N  0                        20039A 01/05/2025
01 36765639  LP250  M  TOLNAFTAN SOL. 15 CC.                       2  80600000  80600000       000 161200000       000    0    0    0    0    0         1  7591955001622       20738752       20738752   509749630001  N  0                          0029 01/03/2022
01 36765639  11795  M  AFLAMAX 50MG. X10TA                        12  22774538  22774538       000 273294456       000    0    0    0    0    0         2  7591196007186       20738681       20738681   509749630002  N  0                       I030872 01/04/2022
01 36765639  MK635  M  ALBENDAZOL +MK T.FRU.200 X2                 6  13338000  13338000       000  80028000       000    0    0    0    0    0         2  7591519007022       20738699       20738699   509749630002  N  0                         31078 01/01/2022
01 36765639  MK106  M  AMLODIPINA +MK10MG. X30TA                   2  58500000  58500000       000 117000000       000    0    0    0    0    0         2  7591519001648       20738681       20738681   509749630002  N  0                         31049 01/11/2021
01 36765639  GQ749  M  AZITROMICINA ELTER 500X5                    3  43680000  43680000       000 131040000       000    0    0    0    0    0         2  7703763700219       20738751       20738751   509749630002  N  0                       3245278 01/03/2023
01 36765639  DP440  M  CAPTOPRIL DP 25MG. X20TA                    6  31606059  31606059       000 189636354       000    0    0    0    0    0         2  7592616576145       20738881       20738881   509749630002  N  0                         00218 01/02/2022
01 36765639  CO265  M  CLORACE 500MG/4MG X10TA                     6  24796200  24796200       000 148777200       000    0    0    0    0    0         2  7591818116043       20738681       20738681   509749630002  N  0                         00038 01/02/2022
01 36765639  GQ017  M  DICLOFENAC P. ELTER 50X10                   6  20652450  20652450       000 123914700       000    0    0    0    0    0         2  7592454002639       20738881       20738881   509749630002  N  0                       3246881 01/05/2022
01 36765639  ED840  M  DOLAK 10MG. X 20CO                          2  76050000  76050000       000 152100000       000    0    0    0    0    0         2  7592803001368       20738881       20738881   509749630002  N  0                       2003345 01/03/2022
01 36765639  GQ009  M  FLUCONAZOL ELTER150 X2CA                    6  25168000  25168000       000 151008000       000    0    0    0    0    0         2  7592454144964       20738699       20738699   509749630002  N  0                       3236827 01/11/2021
01 36765639  AH295  M  LASIX 20MG. X24CO                           6  42588000  42588000       000 255528000       000    0    0    0    0    0         2  7592205000037       20738699       20738699   509749630002  N  0                       8VE0093 01/09/2021
01 36765639  CO010  M  MIOVIT COMP.AMP.3ML. X6 KIT                 1 149141850 149141850       000 149141850       000    0    0    0    0    0         2  7591818715628       20738881       20738881   509749630002  N  0                         00144 01/04/2023
01 36765639  PG110  M  NINAZO GOTAS AD. 15ML.                     12  26898195  26898195       000 322778340       000    0    0    0    0    0         2  7591821802957       20738699       20738699   509749630002  N  0                      2004027C 01/10/2021
01 36765639  MK339  M  VIAJESAN 50MG. X10TA                        6  21450000  21450000       000 128700000       000    0    0    0    0    0         2   769229220612       20738881       20738881   509749630002  N  0                        371118 01/11/2021
01 36765639  VP970  M  VIT A VP 25.000UI X30CA                     3  36909330  36909330       000 110727990       000    0    0    0    0    0         2  7592432006192       20738699       20738699   509749630002  N  0                        180149 01/02/2021
01 36765639  12124  C  BOROCANFOR COOL.PVO.35GR                    2  21039408  21039408       000  42078816   6732611    0    0    0    0    0         3       75971434       20738752       20738752   509749630003  N  0                       2004301 01/04/2022
01 36765639  12123  C  BOROCANFOR ORIG.PVO.35GR                    2  21039408  21039408       000  42078816   6732611    0    0    0    0    0         3       75971427       20738752       20738752   509749630003  N  0                       2003302 01/03/2022
01 36765639  11927  C  BRUCEN CR.CORP.EMO250                       1 118368900 118368900       000 118368900  18939024    0    0    0    0    0         3  7592090001607       20738699       20738699   509749630003  N  0                        200219 01/03/2023
01 36765639  KA141  C  DERMOX LO.CORP. A.EDAD350                   2  38241004  38241004       000  76482008  12237121    0    0    0    0    0         3  7590005183196       20738699       20738699   509749630003  N  0                     2005129F1 01/05/2022
01 36765639  11835  C  EVERY N.CH FTA RIZ.OND350                   2  32591113  32591113       000  65182226  10429156    0    0    0    0    0         3  7590005163150       20738881       20738881   509749630003  N  0                   PS2005055S1 01/05/2022
01 36765639  CO011  M  MIOVIT JARABE 180ML.                        2  58635720  58635720       000 117271440       000    0    0    0    0    0         4  7591818251393       20738881       20738881   509749630004  N  0                         00221 01/05/2022
01 36765639  11584  M  REHIDROSOL UVA 600ML.                       3  39780000  39780000       000 119340000       000    0    0    0    0    0         4  7592637398443       20738881       20738881   509749630004  N  0                       1900414 01/09/2021
02 36765639        213    7843040569     538542128      60166740    8441749437    0    0    0  000    0    0    0   15/06/2020 03:24:13 p.m.   PR           000           000             0            53
