01 36778890  11081  M  BRUDOL 200MG/65MG. X20CO                    6  23177060  23177060       000 139062360       000    0    0    0    0    0         1  7591062901105       20757252       20757252   509882840001  N  0                        19046B 01/11/2021
01 36778890  GQ224  M  CETIRIZINA ELTER JBE. 60CC.                 8  32253000  32253000       000 258024000       000    0    0    0    0    0         1  7592454138239       20757237       20757237   509882840001  N  0                       3245379 01/04/2023
01 36778890  11800  M  DICLOFENAC P.LO50MG.X10TA                  12  22697806  22697806       000 272373672       000    0    0    0    0    0         1  7591196007230       20757300       20757300   509882840001  N  0                       I030874 01/04/2022
01 36778890  10110  M  DUGASEK COMPR. 50MG. X4                     2  73450000  73450000       000 146900000       000    0    0    0    0    0         1  7591585360014       20757239       20757239   509882840001  N  0                           020 01/10/2021
01 36778890  KN200  M  ESPARFLIN 5MG. X10CO                        2  49140000  49140000       000  98280000       000    0    0    0    0    0         1  7591955558300       20757274       20757274   509882840001  N  0                          0012 01/06/2021
01 36778890  FA018  M  FITEX 20MG. X1TA                            8  11245257  13075880  14644984  89962056       000    0    0   14    0    0         1  7591821904293       20757244       20757244   509882840001  N  0                       1908512 01/09/2021
01 36778890  FA017  M  FITEX 20MG. X2TA                            4  26293014  26293014       000 105172056       000    0    0    0    0    0         1  7591821904309       20757244       20757244   509882840001  N  0                       1908512 01/09/2021
01 36778890  LT023  M  LONGACEF 400MG. X5CA                        1 258258000 258258000       000 258258000       000    0    0    0    0    0         1  7591585112224       20757386       20757386   509882840001  N  0                           034 01/05/2022
01 36778890  GN101  M  LOSARTAN P. GN 50MG. X30                    2  78260000  78260000       000 156520000       000    0    0    0    0    0         1  7591585278951       20757386       20757386   509882840001  N  0                           337 01/10/2021
01 36778890  SA520  M  MESIGYNA INSTAYECT 1ML.                     1 123729060 123729060       000 123729060       000    0    0    0    0    0         1  7501303443318       20757260       20757260   509882840001  N  0                       XB30LAH 01/04/2022
01 36778890  CO540  M  MIOVIT COMP.AMP.3ML. X3 KIT                 3  95238000  95238000       000 285714000       000    0    0    0    0    0         1  7591818026366       20757367       20757367   509882840001  N  0                         00024 01/03/2023
01 36778890  PG110  M  NINAZO GOTAS AD. 15ML.                     12  29030509  29928360  10774212 348366108       000    0    3    0    0    0         1  7591821802957       20757386       20757386   509882840001  N  0                       2004028 01/11/2021
01 36778890  GQ370  M  PIROXICAM ELTER20MG.X10CA                   2  40079000  40079000       000  80158000       000    0    0    0    0    0         1  7592454172073       20757271       20757271   509882840001  N  0                       3233495 01/08/2024
01 36778890  VM304  M  PREDNISONA GENCER 5X10                      3  26481000  26481000       000  79443000       000    0    0    0    0    0         1  7591020003193       20757271       20757271   509882840001  N  0                            37 01/05/2022
01 36778890  LP220  M  PROTOSULFIL 1% CR. 30GR.                    2  77261600  83980000  13436800 154523200       000    0    0    8    0    0         1  7591955001486       20757271       20757271   509882840001  N  0                          0283 01/05/2022
01 36778890  DT360  N  SAL DE EPSOM DT X12 20GR.                   1 171600000 171600000       000 171600000       000    0    0    0    0    0         1 17591616001616       20757250       20757250   509882840001  N  0                        619047 01/05/2023
01 36778890  KN170  M  ESPARFLIN JBE. 50ML.                        3  49140000  49140000       000 147420000       000    0    0    0    0    0         2  7591955558294       20757274       20757274   509882840002  N  0                          0013 01/04/2021
02 36778890         72    2915505512           000           000    2915505512    0    0    0  000    0    0    0   07/07/2020 02:57:51 p.m.   PR           000           000             0            17
