01 36786182  GQ739  M  ACETAMINOFEN ELTER 650 X10                 12  20312500  20312500       000 243750000       000    0    0    0    0    0         1  7592454001243       20765288       20765288   509955600001  N  0                       3247240 01/05/2022
01 36786182  MK879  M  ACICLOVIR +MK200MG. X25TA                   2  67431000  67431000       000 134862000       000    0    0    0    0    0         1  7591519005639       20764935       20764935   509955600001  N  0                         31198 01/03/2023
01 36786182  LR140  M  AMOXICILINA LF SUSP. 250MG.                 2  72578903  72578903       000 145157806       000    0    0    0    0    0         1  7594000020043       20765249       20765249   509955600001  N  0                         L2006 01/03/2023
01 36786182  LT077  M  CANFIR LP 500MG. X30CO                      3  53300000  53300000       000 159900000       000    0    0    0    0    0         1  7591585112620       20765249       20765249   509955600001  N  0                           020 01/02/2022
01 36786182  GN604  M  CEFADROXILO GN 500 X 20                     2 154700000 154700000       000 309400000       000    0    0    0    0    0         1  7591585370228       20765846       20765846   509955600001  N  0                           556 01/01/2023
01 36786182  VM013  M  MOXVAL 400MG. X5TA                          2  67054599  67054599       000 134109198       000    0    0    0    0    0         1  7591020008709       20765249       20765249   509955600001  N  0                            09 01/10/2022
01 36786182  KV199  M  TERAGRIP FORTE NOC X6 SOB.                  6  63598526  63598526       000 381591156       000    0    0    0    0    0         1  7591821801882       20765288       20765288   509955600001  N  0                       2002730 01/02/2022
01 36786182  PT738  C  SECRET POWDER BOL.60GR.                     6  30739888  30739888       000 184439328  29510292    0    0    0    0    0         2       75045517       20765847       20765847   509955600002  N  0                           108 01/01/2030
01 36786182  LO444  M  APIRET 180SOL.ORAL 120ML.                   6  35945162  37442877   8986290 215670972       000    0    4    0    0    0         3  7591196002785       20765249       20765249   509955600003  N  0                       I030880 01/04/2022
01 36786182  11203  N  PASSIFLORA FC JBE. 120ML.                   3  60620628  60620628       000 181861884       000    0    0    0    0    0         3  7593090002205       20765288       20765288   509955600003  N  0                      18052068 01/05/2022
02 36786182         44    1906303016     184439328      29510292    2120252636    0    0    0  000    0    0    0   16/07/2020 03:23:12 p.m.   PR           000           000             0            10
