01 36805941  KV004  M  ANTILAX 2MG. X10TA                          2  41979600  41979600       000  83959200       000    0    0    0    0    0         1  7591821102095       20790855       20790855   510154680001  N  0                       2001554 01/02/2022
01 36805941  QM490  M  DICIGEL SUSP. 240ML.                        1 147472000 147472000       000 147472000       000    0    0    0    0    0         1  7592454889216       20790855       20790855   510154680001  N  0                       3246932 01/05/2022
01 36805941  KL344  M  DORIXINA FLEX 125-5 X10CO                   3  89700000  89700000       000 269100000       000    0    0    0    0    0         1  7591619518671       20790855       20790855   510154680001  N  0                          0011 01/06/2023
01 36805941  12723  M  LAGRICOF SOL. OF X15ML                      6  57420740  57420740       000 344524440       000    0    0    0    0    0         1  7591818716861       20790855       20790855   510154680001  N  0                        202290 01/02/2023
01 36805941  ET340  C  ADEMINA PLUS CR.CORP. 30GR.                 6  33962469  33962469       000 203774814  32603970    0    0    0    0    0         2  7591844000439       20790855       20790855   510154680002  N  0                    AP30200108 01/04/2023
01 36805941  SQ130  C  LUBRIX GEL 120CC.                           1  46862105  46862105       000  46862105   7497937    0    0    0    0    0         2  7592904000024       20790855       20790855   510154680002  N  0                           005 01/03/2023
01 36805941  SQ120  C  LUBRIX GEL 60CC.                            1  40777019  40777019       000  40777019   6524323    0    0    0    0    0         2  7592904000017       20790855       20790855   510154680002  N  0                           012 01/06/2023
01 36805941  SQ190  C  LUBRIX GEL MENTA 60CC.                      1  43040400  43040400       000  43040400   6886464    0    0    0    0    0         2  7592904000451       20790855       20790855   510154680002  N  0                           011 01/06/2023
01 36805941  CV210  C  SANALO JABON A.B. 85GR.                     6  24050000  24050000       000 144300000  23088000    0    0    0    0    0         2  7591138073552       20790855       20790855   510154680002  N  0                        200701 01/07/2023
01 36805941  LO444  M  APIRET 180SOL.ORAL 120ML.                  12  37737948  37737948       000 452855376       000    0    0    0    0    0         3  7591196002785       20790855       20790855   510154680003  N  0                       I030878 01/04/2022
01 36805941  GQ110  M  BROXOL JBE. PED. 120 CC.                    3  49556000  49556000       000 148668000       000    0    0    0    0    0         3  7592454536370       20790855       20790855   510154680003  N  0                       3245369 01/05/2022
01 36805941  EL245  M  TANTUM TOP. BUCAL 240 CC.                   6  15410923  15410923       000  92465538       000    0    0    0    0    0         3  7591062011538       20790855       20790855   510154680003  N  0                        20026A 01/03/2022
02 36805941         48    1539044554     478754338      76600694    2094399586    0    0    0  000    0    0    0   12/08/2020 03:54:32 p.m.   PR           000           000             0            12
