01 36823761  LT028  M  BIOTALOL 2,5MG. X30CO                       1  73840000  73840000       000  73840000       000    0    0    0    0    0         1  7591585217172       20815105       20815074   510330120001  N  0                           052 01/07/2022
01 36823761  OJ007  N  CASTA?O DE INDIAS HP 60 CAPS                3 131950000 131950000       000 395850000       000    0    0    0    0    0         1  7592710000454       20815105       20815105   510330120001  N  0                       0120608 01/08/2023
01 36823761  GQ224  M  CETIRIZINA ELTER JBE. 60CC.                 6  56758000  56758000       000 340548000       000    0    0    0    0    0         1  7592454138239       20815105       20815105   510330120001  N  0                       3245775 01/05/2023
01 36823761  10139  M  DIKLASON GEL TOPICO 50GR.                   2  68411200  68411200       000 136822400       000    0    0    0    0    0         1  7591585219299       20815365       20815365   510330120001  N  0                           043 01/04/2022
01 36823761  VC215  M  FUGOLIN CR. 20 GR.                          2  60937500  60937500       000 121875000       000    0    0    0    0    0         1  7592782000130       20815074       20815074   510330120001  N  0                       2070008 01/07/2022
01 36823761  XS018  N  GOTAS VALERIANA XS 60ML.                    6  25740000  25740000       000 154440000       000    0    0    0    0    0         1  7594001450825       20815342       20815342   510330120001  N  0                      10082087 01/08/2023
01 36823761  FS190  N  MANZANILLA FLORES FSI X25                   1 416985485 416985485       000 416985485       000    0    0    0    0    0         1  7592368001728       20815131       20815131   510330120001  N  0                       0720049 01/05/2022
01 36823761  11989  C  OBTURADOR TAPA AMARI X100                   1 334100000 334100000       000 334100000       000    0    0    0    0    0         1  7597423170500       20815131       20815131   510330120001  N  0                      20180101 01/01/2023
01 36823761  ZP002  M  ORALZINC MNDARINA.PVO.1S                    6  74008887  74008887       000 444053322       000    0    0    0    0    0         1  7591651722302       20815105       20815105   510330120001  N  0                       2004028 01/04/2022
01 36823761  CO125  M  PINVEX SOL.TOP.BUCAL 10ML                   3  48586850  48586850       000 145760550       000    0    0    0    0    0         1  7591818111055       20815105       20815105   510330120001  N  0                         90126 01/06/2024
01 36823761  LO459  M  QUINOMAX 0,50% S.OFT. 5ML                   3  69099261  69099261       000 207297783       000    0    0    0    0    0         1  7591196003416       20815131       20815131   510330120001  N  0                        070788 01/07/2022
01 36823761  LO690  M  RINOMAX SOL. NASAL 15ML.                    3  69502533  69502533       000 208507599       000    0    0    0    0    0         1  7591196000682       20815131       20815131   510330120001  N  0                       I020836 01/02/2022
01 36823761  11197  C  SIEMPRESECO PA?AL AD.G X6                   2  94865980  94865980       000 189731960  30357114    0    0    0    0    0         1  7591353699018       20815131       20815131   510330120001  N  0                      00714102 01/07/2022
01 36823761  12550  M  SUEROLITO SAB COCO 400ML                    3  58500000  58500000       000 175500000       000    0    0    0    0    0         1  7597767000013       20815105       20815105   510330120001  N  0                          16C1 01/03/2022
01 36823761  12551  M  SUEROLITO SAB FRESA 400ML                   3  58500000  58500000       000 175500000       000    0    0    0    0    0         1  7597767000020       20815105       20815105   510330120001  N  0                         195F1 01/05/2022
01 36823761  12432  C  TAPA BOCA IMP TIRANTES X5                   1  88400000  88400000       000  88400000  14144000    0    0    0    0    0         1  0684753033678       20815131       20815131   510330120001  N  0                           10X 01/12/2030
01 36823761  10736  M  ACETAMINOFEN PX 650 X10TA                   6  36536886  36536886       000 219221316       000    0    0    0    0    0         2  7594001101604       20815105       20815105   510330120002  N  0                          5610 01/08/2022
01 36823761  LT028  M  BIOTALOL 2,5MG. X30CO                       2  73840000  73840000       000 147680000       000    0    0    0    0    0         2  7591585217172       20815105       20815074   510330120002  N  0                           052 01/07/2022
01 36823761  LT028  M  BIOTALOL 2,5MG. X30CO                       4  73840000  73840000       000 295360000       000    0    0    0    0    0         2  7591585217172       20815074       20815074   510330120002  N  0                           052 01/07/2022
01 36823761  QM490  M  DICIGEL SUSP. 240ML.                        2 170716000 170716000       000 341432000       000    0    0    0    0    0         2  7592454889216       20815365       20815365   510330120002  N  0                       3246934 01/05/2022
01 36823761  10474  C  GORRO MEDIA EVOK PROF                       4  22270079  22270079       000  89080316  14252851    0    0    0    0    0         2  7453038465007       20815342       20815342   510330120002  N  0                           10X 01/12/2030
01 36823761  LO003  M  IPORET SUSP.PED. 60ML.                      2  67288957  67288957       000 134577914       000    0    0    0    0    0         2  7591196004253       20815085       20815085   510330120002  N  0                       I020838 01/05/2022
01 36823761  12682  M  LEVOFLOXACINA 500IV 100ML                   2  43875000  43875000       000  87750000       000    0    0    0    0    0         2  8907010001091       20815105       20815105   510330120002  N  0                      8CL0103E 01/11/2021
01 36823761  12929  M  MICONAZOL N. 400MG X3OVU                    2 170051586 170051586       000 340103172       000    0    0    0    0    0         2  7597758000640       20815131       20815131   510330120002  N  0                      K1ANN004 01/05/2022
01 36823761  PB032  C  OVERSKIN 10% CR. 50GR.                      2  36556189  36556189       000  73112378  11697980    0    0    0    0    0         2  7591309900274       20815131       20815131   510330120002  N  0                      A2006207 01/06/2023
01 36823761  11165  M  OVIL-M X7 OV.VAG.                           2 222313000 222313000       000 444626000       000    0    0    0    0    0         2  7467922680414       20815131       20815131   510330120002  N  0                       2005021 01/05/2023
01 36823761  EL172  M  PEREBRON JBE.PED.FRANB120                   6  31576197  32552780   5859498 189457182       000    0    3    0    0    0         2  7591062011200       20815105       20815105   510330120002  N  0                        20028A 01/04/2022
01 36823761  LO449  M  PERIDONT T.BUCAL 350ML.                     2 105081428 105081428       000 210162856       000    0    0    0    0    0         2  7591196004215       20815105       20815105   510330120002  N  0                        060016 01/07/2022
01 36823761  LO009  M  SALBUTAMOL LO S.INH.15ML.                   3  75126893  75126893       000 225380679       000    0    0    0    0    0         2  7591196002303       20815131       20815131   510330120002  N  0                        030133 01/03/2023
01 36823761  EL114  M  SAVER SUSP. 37,5CC.                         1 191945025 191945025       000 191945025       000    0    0    0    0    0         2  7591062010227       20815105       20815105   510330120002  N  0                        20075A 01/07/2022
01 36823761  11538  C  SERVILLETAS VENPA X100                      2  42516552  42516552       000  85033104  13605297    0    0    0    0    0         2   661799967174       20815131       20815131   510330120002  N  0                           10X 01/12/2030
01 36823761  12811  M  SOL. FISIOL 0.9% BP 500ML                   6  33852000  33852000       000 203112000       000    0    0    0    0    0         2  7592253003066       20815131       20815131   510330120002  N  0                    1912261910 01/12/2022
01 36823761  12007  M  TIROXIN 100MCG. X50TA                       2 147520100 171535000  48029800 295040200       000    0    0   14    0    0         2  7707355054186       20815131       20815131   510330120002  N  0                      04450320 01/03/2022
01 36823761  LO539  M  AFLAMAX 50MG. X20TA                         6  65301643  65301643       000 391809858       000    0    0    0    0    0         3  7591196004451       20815292       20815292   510330120003  N  0                       I040895 01/06/2022
01 36823761  LC309  M  ALIVET 4DIAS 8COM.D-4COM.NO                 3  61594000  61594000       000 184782000       000    0    0    0    0    0         3  7591585116000       20815105       20815105   510330120003  N  0                           331 01/01/2022
01 36823761  PO280  M  AMIKACINA PO500 2ML.1AMP.                   3  74100000  74100000       000 222300000       000    0    0    0    0    0         3  7592806112030       20815105       20815105   510330120003  N  0                        002014 01/02/2023
01 36823761  12355  M  AMPIWELL-S 1.5MG POLVO SO                   3  60918000  60918000       000 182754000       000    0    0    0    0    0         3  8904307700743       20815105       20815105   510330120003  N  0                         39058 01/05/2021
01 36823761  PF204  M  ATAMEL FORTE 650MG. X10TA                   6  57894309  57894309       000 347365854       000    0    0    0    0    0         3  7591257000552       20815105       20815105   510330120003  N  0                     926132031 01/05/2022
01 36823761  KN290  M  AZIMAKROL COMPR. 1GR. X2                    2 184600000 184600000       000 369200000       000    0    0    0    0    0         3  7591619520643       20815294       20815294   510330120003  N  0                          0001 01/05/2023
01 36823761  12037  M  AZITROMICINA AL500 X5TA                     6 172039889 172039889       0001032239334       000    0    0    0    0    0         3  7597758000145       20815294       20815292   510330120003  N  0                         DL065 01/07/2021
01 36823761  12037  M  AZITROMICINA AL500 X5TA                     6 172039889 172039889       0001032239334       000    0    0    0    0    0         3  7597758000145       20815292       20815292   510330120003  N  0                         DL065 01/07/2021
01 36823761  LT031  M  BIOTALOL 5MG. X30CO                         4  99200725  99200725       000 396802900       000    0    0    0    0    0         3  7591585217165       20815074       20815074   510330120003  N  0                           107 01/07/2022
01 36823761  EH140  M  CLARITROMICINA VP500X10TA                   2 181446145 181446145       000 362892290       000    0    0    0    0    0         3  7703153019976       20815105       20815105   510330120003  N  0                       1251695 01/06/2022
01 36823761  PA024  M  COLGESIC 400MG/4MG. X15CO                   4 108560184 108560184       000 434240736       000    0    0    0    0    0         3  7591243810028       20815073       20815073   510330120003  N  0                       9208802 01/08/2022
01 36823761  KL125  M  CYPRODIN 4MG. X30CO                         2  91000000  91000000       000 182000000       000    0    0    0    0    0         3  7591619120010       20815105       20815105   510330120003  N  0                          0014 01/06/2022
01 36823761  11599  M  DESLER 5MG. X10TA                           3  70363800  75660000  15888600 211091400       000    0    0    7    0    0         3  7592454891325       20815105       20815105   510330120003  N  0                       3244638 01/03/2022
01 36823761  QM500  M  DESLER M T.MAST. 2.5/5 X30                  2 160373850 172445000  24142300 320747700       000    0    0    7    0    0         3  7592454889278       20815365       20815365   510330120003  N  0                       3241239 01/02/2022
01 36823761  QM470  M  DESLER M TAB. 5/10 X30                      2 192088000 192088000       000 384176000       000    0    0    0    0    0         3  7592454002769       20815365       20815365   510330120003  N  0                       3248079 01/06/2022
01 36823761  LO479  M  DESLORAT 5MG. X20TA                         6  73466202  73466202       000 440797212       000    0    0    0    0    0         3  7591196002976       20815105       20815105   510330120003  N  0                       I119349 01/01/2022
01 36823761  KN102  M  DIECAPS 120MG. X30CA                        1  68510000  80600000  12090000  68510000       000    0    0   15    0    0         3  7591955558188       20815365       20815365   510330120003  N  0                          0244 01/06/2021
01 36823761  FA019  M  FITEX  5MG. X30TA                           3 115766022 115766022       000 347298066       000    0    0    0    0    0         3  7591821904316       20815105       20815105   510330120003  N  0                       2003970 01/05/2022
01 36823761  MG154  M  GENESA COMPR. 3/30 X21                      2 191054500 191054500       000 382109000       000    0    0    0    0    0         3  7591585116598       20815105       20815105   510330120003  N  0                      LF20011B 01/03/2022
01 36823761  GN740  M  GENTAMICINA GN AMP. 80MG.                   4  51480000  51480000       000 205920000       000    0    0    0    0    0         3  7591585270757       20815342       20815342   510330120003  N  0                           080 01/11/2022
01 36823761  11423  M  HIDROCLOROTI GN12,5 X30CO                   3  56570800  56570800       000 169712400       000    0    0    0    0    0         3  7591585172686       20815105       20815105   510330120003  N  0                           012 01/07/2022
01 36823761  MK964  M  IRBESARTAN +MK150MG. X7TA                   2  93210000  93210000       000 186420000       000    0    0    0    0    0         3  7591519007145       20815085       20815085   510330120003  N  0                         31056 01/11/2022
01 36823761  11442  M  KETOPROFENO PX 100 X10TA                    6  53225766  53225766       000 319354596       000    0    0    0    0    0         3  7594001101178       20815105       20815105   510330120003  N  0                          5586 01/07/2025
01 36823761  GQ018  M  LEVOCETIRIZINA ELTER 5 X10                  2  40528800  45032000   9006400  81057600       000    0    0   10    0    0         3  7592454003025       20815105       20815105   510330120003  N  0                       3232421 01/07/2021
01 36823761  11623  M  LOSARTAN P. AL50MG. X30TA                   6 108358832 108358832       000 650152992       000    0    0    0    0    0         3  7597758000138       20815105       20815105   510330120003  N  0                         DL077 01/11/2022
01 36823761  DP414  M  LOSARTAN P. DP100MG.X10TA                   3  46620930  46620930       000 139862790       000    0    0    0    0    0         3  7592616576374       20815105       20815105   510330120003  N  0                         00664 01/07/2022
01 36823761  LN185  N  MADECASSOL 10MG. X30TA                      1 180437400 180437400       000 180437400       000    0    0    0    0    0         3  7592348413848       20815105       20815105   510330120003  N  0                       1910001 01/10/2024
01 36823761  GN694  M  MELOXICAM GN 15MG. X10CO                    6  52910000  52910000       000 317460000       000    0    0    0    0    0         3  7591585178022       20815105       20815105   510330120003  N  0                           067 01/11/2021
01 36823761  11628  M  METFORMINA AL500MG. X30TA                   2  88520026  88520026       000 177040052       000    0    0    0    0    0         3  7597758000084       20815105       20815105   510330120003  N  0                         DL086 01/11/2022
01 36823761  12156  M  METFORMINA BM500 X100TA                     1 156000000 156000000       000 156000000       000    0    0    0    0    0         3  6930169708209       20815105       20815105   510330120003  N  0                        190560 01/04/2022
01 36823761  LX102  M  MIGREN 650-50-1 X20CO                       3  91942500  91942500       000 275827500       000    0    0    0    0    0         3  7591585415738       20815131       20815131   510330120003  N  0                           494 01/08/2022
01 36823761  11688  M  MONTELUKAST LS 5MG. X10TM                   3  48893650  51467000   7720050 146680950       000    0    0    5    0    0         3  7592454891301       20815105       20815105   510330120003  N  0                       3234482 01/09/2022
01 36823761  EH620  M  MONTELUKAST VP 5MG.X30TM                    2  88577791  88577791       000 177155582       000    0    0    0    0    0         3  7703153022655       20815105       20815105   510330120003  N  0                       1281651 01/01/2022
01 36823761  PG110  M  NINAZO GOTAS AD. 15ML.                     12  39203650  39203650       000 470443800       000    0    0    0    0    0         3  7591821802957       20815131       20815131   510330120003  N  0                      2004029D 01/11/2021
01 36823761  GP160  M  SERLINE 50MG. X10CO                         2  55900000  55900000       000 111800000       000    0    0    0    0    0         3  7594000490655       20815105       20815105   510330120003  N  0                          0039 01/02/2023
01 36823761  EL001  M  TALZIC 10MG. X10CO                          3  44827010  44827010       000 134481030       000    0    0    0    0    0         3  7591062016700       20815105       20815105   510330120003  N  0                        20086A 01/08/2022
01 36823761  KV204  M  TERAGRIP FORTE GRAN.X6SOB.                  6 136500000 136500000       000 819000000       000    0    0    0    0    0         3  7591821802490       20815105       20815105   510330120003  N  0                       2007028 01/08/2022
01 36823761  12917  M  THYRIN 50MCG X90TA                          1 172640000 172640000       000 172640000       000    0    0    0    0    0         3  8940001255653       20815131       20815131   510330120003  N  0                       9M01467 01/11/2021
01 36823761  GQ355  M  TRIPUR 80MG-400MG. X20CO                    3  70785000  70785000       000 212355000       000    0    0    0    0    0         3  7592454381079       20815131       20815131   510330120003  N  0                       3235141 01/10/2024
01 36823761  11845  C  EVERY N.GEL FIJ.FRESH250                    2  32569661  32569661       000  65139322  10422292    0    0    0    0    0         4  7590005168223       20815349       20815349   510330120004  N  0                       2008155 01/07/2022
01 36823761  11849  C  EVERY N.GEL FIJ.POWER250                    2  32569661  32569661       000  65139322  10422292    0    0    0    0    0         4  7590005168247       20815349       20815349   510330120004  N  0                       2008165 01/08/2022
01 36823761  11843  C  EVERY N.GEL FIJ.WINNER250                   2  32569661  32569661       000  65139322  10422292    0    0    0    0    0         4  7590005168216       20815349       20815349   510330120004  N  0                       2008004 01/08/2022
01 36823761  10117  C  LOC CORP.DERMOX A/E200                      6  38811868  38811868       000 232871208  37259393    0    0    0    0    0         4  7590005183080       20815105       20815105   510330120004  N  0                       2007248 01/07/2022
01 36823761  11363  C  TINT AMCOL8.0 RU.CLA C/A                    2  92920100  92920100       000 185840200  29734432    0    0    0    0    0         4  7592566000097       20815131       20815131   510330120004  N  0                       1161060 01/07/2028
01 36823761  BQ001  M  AMBROXOL BQ. 15MG.120ML.                    6  58500000  58500000       000 351000000       000    0    0    0    0    0         5  7594000850909       20815105       20815105   510330120005  N  0                        200501 01/05/2022
01 36823761  GQ730  M  AMBROXOL ELTER30MG.AD120                    4  75491000  75491000       000 301964000       000    0    0    0    0    0         5  7592454120302       20815105       20815105   510330120005  N  0                       3246628 01/05/2022
01 36823761  GQ730  M  AMBROXOL ELTER30MG.AD120                    2  75491000  75491000       000 150982000       000    0    0    0    0    0         5  7592454120302       20815105       20815105   510330120005  N  0                       3246628 01/05/2022
01 36823761  LC314  N  FLUVIRIN JBE. 120ML.                        3  65000000  65000000       000 195000000       000    0    0    0    0    0         5  7591585111166       20815131       20815131   510330120005  N  0                           217 01/08/2022
01 36823761  RN110  C  GERDEX SOL. SPRAY 240CC.                    3  61152000  61152000       000 183456000  29352960    0    0    0    0    0         5  7591838000117       20815131       20815131   510330120005  N  0                       A228069 01/08/2023
01 36823761  TQ175  M  GRAUSIN JBE. 120ML.                         2  78000000  78000000       000 156000000       000    0    0    0    0    0         5  7591955002452       20815342       20815342   510330120005  N  0                          0027 01/09/2021
01 36823761  VA054  M  MODERAN SOL.ORAL 120ML.                     1 223396222 223396222       000 223396222       000    0    0    0    0    0         5  7592349527124       20815105       20815105   510330120005  N  0                         P3501 01/02/2022
01 36823761  VM264  M  OXOLAMINA GENCER PED.120CC.                 6  39021018  39021018       000 234126108       000    0    0    0    0    0         5  7591020001526       20815105       20815105   510330120005  N  0                           101 01/06/2023
01 36823761  EL167  M  PEREBRON JBE.AD.FRANB120                    3  78715785  78715785       000 236147355       000    0    0    0    0    0         5  7591062011217       20815105       20815105   510330120005  N  0                        20065A 01/06/2022
01 36823761  11944  M  REHIDROSOL MANZANA 600ML.                   1  58045000  58045000       000  58045000       000    0    0    0    0    0         5  7592637398528       20815105       20815105   510330120005  N  0                       2000071 01/06/2022
01 36823761  11584  M  REHIDROSOL UVA 600ML.                       3  54990000  54990000       000 164970000       000    0    0    0    0    0         5  7592637398443       20815105       20815105   510330120005  N  0                       2000049 01/04/2022
02 36823761        281   20791616544    1657043132     211670901   22660330577    0    0    0  000    0    0    0   09/09/2020 04:24:13 p.m.   PR           000           000             0            86
