01 36835719  RZ150  M  AC FOLICO PX 10MG. X30TA                    6  66477021  66477021       000 398862126       000    0    0    0    0    0         1  7594001101345       20834306       20834306   510449490001  N  0                          5612 01/08/2023
01 36835719  12826  M  ALBENDAZOL PX 400MG X10ML                   6  55902149  55902149       000 335412894       000    0    0    0    0    0         1  7594001100294       20834306       20834306   510449490001  N  0                          5607 01/08/2022
01 36835719  AL120  C  ALGODON ALVE 10 GR.                        24  14164020  14164020       000 339936480  54389837    0    0    0    0    0         1  7591442000046       20834306       20834306   510449490001  N  0                        032020 01/03/2025
01 36835719  LR140  M  AMOXICILINA LF SUSP. 250MG.                 2  90423724  90423724       000 180847448       000    0    0    0    0    0         1  7594000020043       20834395       20834395   510449490001  N  0                         L2007 01/03/2023
01 36835719  VM780  M  AMOXIVAL 250MG.PPSO 90ML.                   2 113034633 113034633       000 226069266       000    0    0    0    0    0         1  7591020000758       20834395       20834395   510449490001  N  0                           403 01/06/2022
01 36835719  VA012  M  ANTIFOM 40MG. X10CO                         1 112939089 112939089       000 112939089       000    0    0    0    0    0         1  7592349722925       20834395       20834395   510449490001  N  0                       2008016 01/08/2022
01 36835719  12025  M  CEFADROXILO DAC500 X10TA                    3 150696000 150696000       000 452088000       000    0    0    0    0    0         1  8906121690033       20834317       20834317   510449490001  N  0                          V116 01/06/2022
01 36835719  GQ224  M  CETIRIZINA ELTER JBE. 60CC.                12  65546000  65546000       000 786552000       000    0    0    0    0    0         1  7592454138239       20834317       20834317   510449490001  N  0                       3249560 01/08/2023
01 36835719  LT055  M  DIKLASON AP 100MG. X20CO                    3  89189100  89189100       000 267567300       000    0    0    0    0    0         1  7591585217523       20834317       20834317   510449490001  N  0                           024 01/04/2022
01 36835719  PB560  C  DIOXOGEN C.BICAR. BOL.90                    3  45561287  45561287       000 136683861  21869418    0    0    0    0    0         1  7591309000219       20834317       20834317   510449490001  N  0                      A2007214 01/07/2023
01 36835719  LT046  M  GENLET 200MG. X20CO                         1 244335000 244335000       000 244335000       000    0    0    0    0    0         1  7591585110183       20832896       20832896   510449490001  N  0                           042 01/06/2022
01 36835719  MY250  M  IMAZOL 1% CR.TOPICA 20GR.                   3  77634375  77634375       000 232903125       000    0    0    0    0    0         1  7592601100454       20834395       20834395   510449490001  N  0                        008701 01/07/2024
01 36835719  MY010  M  IMAZOL CAPS.BL.VAG. 100 X6                  2 125542084 145979167  40874166 251084168       000    0    0   14    0    0         1  7592601100485       20834395       20834395   510449490001  N  0                        027305 01/03/2023
01 36835719  PA814  M  IVAGAN FORTE TAB. X10                       2  64188051  64188051       000 128376102       000    0    0    0    0    0         1  7591243826777       20834395       20834395   510449490001  N  0                       9191701 01/05/2022
01 36835719  EL080  M  MYCOFENTIN 2% CR.VAG.40GR                   2 228638800 228638800       000 457277600       000    0    0    0    0    0         1  7591062010012       20834395       20834395   510449490001  N  0                        20094A 01/08/2023
01 36835719  PT755  C  PAMPERS JUEG.SUE?OS X20 GDE                 2 186150660 186150660       000 372301320  59568211    0    0    0    0    0         1  7501006745078       20834317       20834317   510449490001  N  0                          9177 01/06/2021
01 36835719  12578  M  PENICILINA KMP 1.200.000U                   4  41112500  41112500       000 164450000       000    0    0    0    0    0         1  6921875010762       20832896       20832896   510449490001  N  0                       2004423 01/04/2023
01 36835719  12579  M  PENICILINA KMP 2.400.00UI                   4  52325000  52325000       000 209300000       000    0    0    0    0    0         1  6921875010779       20832896       20832896   510449490001  N  0                       2004424 01/04/2023
01 36835719  VM715  M  SALBUROL SOL. P/INH.20ML.                   3  59462286  59462286       000 178386858       000    0    0    0    0    0         1  7591020001625       20832896       20832896   510449490001  N  0                           107 01/06/2022
01 36835719  11279  N  SENOKOT C.DOCUSATO X10TA                    3 130000000 130000000       000 390000000       000    0    0    0    0    0         1  7591821210295       20832896       20832896   510449490001  N  0                       2007084 01/08/2022
01 36835719  VC004  M  SOLUNOVAR COMP.SOL. 30ML.                   4  49562500  49562500       000 198250000       000    0    0    0    0    0         1  7592782000598       20832896       20832896   510449490001  N  0                       2070018 01/07/2022
01 36835719  11271  M  STAMYL FORTE X10TA                          1 144000000 144000000       000 144000000       000    0    0    0    0    0         1  7591821802827       20832896       20832896   510449490001  N  0                       2007142 01/08/2022
01 36835719  12378  M  TAMSULOSINA 0.4MG X30TA                     2 194782125 194782125       000 389564250       000    0    0    0    0    0         1  7598176000069       20834317       20834317   510449490001  N  0                       TEMG173 01/06/2022
01 36835719  KL639  M  ZUDENINA 0,1%GEL TOP.30GR                   1 156000000 156000000       000 156000000       000    0    0    0    0    0         1  7591619517810       20834317       20834317   510449490001  N  0                          0001 01/02/2023
01 36835719  13417  M  ACIDO FOLICO 10 MG X10TA                   12  25173958  25173958       000 302087496       000    0    0    0    0    0         2  7592601303206       20834306       20834306   510449490002  N  0                        053009 01/05/2022
01 36835719  12439  M  ACIDO FOLICO KL 5MG X30CO                   5  50050000  50050000       000 250250000       000    0    0    0    0    0         2  7591619000213       20834306       20834306   510449490002  N  0                          0223 01/09/2024
01 36835719  12243  M  ANTIFON 125MG X10 TA.MAST                   1 128000770 128000770       000 128000770       000    0    0    0    0    0         2  7592349723724       20834395       20834395   510449490002  N  0                       2003097 01/03/2022
01 36835719  GQ954  M  BETAHISTINA ELTER 16MG. X20                 2 178269000 178269000       000 356538000       000    0    0    0    0    0         2  7592454002400       20834317       20834317   510449490002  N  0                       3247998 01/06/2022
01 36835719  FA022  M  BONAMES 150MG. X1TA                         2  92208838  92208838       000 184417676       000    0    0    0    0    0         2  7591821903326       20834439       20834439   510449490002  N  0                       1911265 01/11/2023
01 36835719  MK133  M  CAPTOPRIL +MK 50MG. X30TA                   2 151749000 168610000  33722000 303498000       000    0    0   10    0    0         2  7591519051292       20834439       20834439   510449490002  N  0                         31206 01/03/2023
01 36835719  GN091  M  CAPTOPRIL GN 25MG.X30CO                     4  72800000  72800000       000 291200000       000    0    0    0    0    0         2  7591585370167       20834439       20834364   510449490002  N  0                           115 01/05/2024
01 36835719  GN091  M  CAPTOPRIL GN 25MG.X30CO                     6  72800000  72800000       000 436800000       000    0    0    0    0    0         2  7591585370167       20834364       20834364   510449490002  N  0                           115 01/05/2024
01 36835719  KN280  M  FERGANIC FOLIC TM X30                       3 156000000 156000000       000 468000000       000    0    0    0    0    0         2  7591955003053       20834317       20834317   510449490002  N  0                          0276 01/09/2021
01 36835719  MK039  M  IRBESARTAN +MK300MG. X7TA                   2 145704000 145704000       000 291408000       000    0    0    0    0    0         2  7591519007336       20834395       20834395   510449490002  N  0                         31355 01/08/2023
01 36835719  11442  M  KETOPROFENO PX 100 X10TA                    6  64816156  67516829  16204038 388896936       000    0    0    4    0    0         2  7594001101178       20834317       20834317   510449490002  N  0                          5586 01/07/2025
01 36835719  GQ769  M  LOSARTAN H ETR 50/12,5X15                   2  82550000  82550000       000 165100000       000    0    0    0    0    0         2  7703763190270       20834317       20834317   510449490002  N  0                       3252116 01/08/2022
01 36835719  PG110  M  NINAZO GOTAS AD. 15ML.                     12  48547121  48547121       000 582565452       000    0    0    0    0    0         2  7591821802957       20834317       20834317   510449490002  N  0                      2006022B 01/12/2021
01 36835719  NP024  M  NOTOLAC 20MG. X10TA                         2  94942383  94942383       000 189884766       000    0    0    0    0    0         2  7591821902022       20834317       20834317   510449490002  N  0                       2005187 01/06/2023
01 36835719  AH440  M  NOVALCINA 500MG. X10CO                      4  28437500  28437500       000 113750000       000    0    0    0    0    0         2  7592205000099       20834395       20834395   510449490002  N  0                       8VE0052 01/04/2021
01 36835719  12008  M  PERTEN 1%GEL TOPICO 20GR.                   2  62562500  62562500       000 125125000       000    0    0    0    0    0         2  7592601301820       20832896       20832896   510449490002  N  0                        936902 01/09/2021
01 36835719  PD104  M  POLI-OTICO GOTAS 5 CC.                      2  59800000  59800000       000 119600000       000    0    0    0    0    0         2  7591955002278       20834317       20834317   510449490002  N  0                          0091 01/07/2022
01 36835719  LT041  M  RIFAMIX 200MG. X12CO                        2 266623500 266623500       000 533247000       000    0    0    0    0    0         2  7591585119049       20834317       20834317   510449490002  N  0                           035 01/08/2023
01 36835719  MY104  N  SEDIVAL TAB. X30                            2 124954375 124954375       000 249908750       000    0    0    0    0    0         2  7592601100836       20832896       20832896   510449490002  N  0                        060501 01/03/2022
01 36835719  QM360  M  TIOCOLFEN 600-4 X15TA                       2 277511000 277511000       000 555022000       000    0    0    0    0    0         2  7592454001779       20834317       20834317   510449490002  N  0                       3250908 01/08/2022
01 36835719  KF150  M  ZUDENINA FORTE GEL 0,3%30GR                 1 102765000 120900000  18135000 102765000       000    0    0   15    0    0         2  7703281001003       20834317       20834317   510449490002  N  0                        S00666 01/02/2021
02 36835719        172   12042330072     848921661     135827466   13027079199    0    0    0  000    0    0    0   28/09/2020 04:50:08 p.m.   PR           000           000             0            44
