01 36833844  BQ003  M  ACETAMINOFEN BQ 500 X24TA                   6  56875000  56875000       000 341250000       000    0    0    0    0    0         1  7594000850633       20831974       20831974   510436490001  N  0                        200712 01/07/2023
01 36833844  VP729  M  ALIVAX FORTE 650 X10C.BLA                   6  37798613  37798613       000 226791678       000    0    0    0    0    0         1  7592432010335       20831974       20831974   510436490001  N  0                        200126 01/06/2023
01 36833844  13283  M  ANLEPTIC SUSP 100/5ML 100                   2 111150000 111150000       000 222300000       000    0    0    0    0    0         1  8940001255738       20831974       20831974   510436490001  N  0                       0801497 01/01/2023
01 36833844  10651  M  ATODIP 5MG-20MG. X30TA                      6  76079563  76079563       000 456477378       000    0    0    0    0    0         1  7591020080774       20831974       20831974   510436490001  N  0                            12 01/04/2021
01 36833844  DP105  M  BACITRACINA DP UNG. 15GR.                   6  52288206  52288206       000 313729236       000    0    0    0    0    0         1  7592616021010       20831974       20831220   510436490001  N  0                         00553 01/07/2023
01 36833844  DP105  M  BACITRACINA DP UNG. 15GR.                   6  52288206  52288206       000 313729236       000    0    0    0    0    0         1  7592616021010       20831220       20831220   510436490001  N  0                         00553 01/07/2023
01 36833844  FA210  M  CORAZEN TAB. 60 MG. X 20                    3  65445661  65445661       000 196336983       000    0    0    0    0    0         1  7591821900257       20831220       20831220   510436490001  N  0                       2006258 01/07/2023
01 36833844  KL689  M  CORENTEL 5MG. X30CO                         1 169000000 169000000       000 169000000       000    0    0    0    0    0         1  7591619520292       20831974       20831974   510436490001  N  0                          0004 01/06/2023
01 36833844  KL033  M  COROPRES H 8/12,5 X30CO                     2 169000000 169000000       000 338000000       000    0    0    0    0    0         1  7591619520353       20831974       20831974   510436490001  N  0                          0002 01/07/2023
01 36833844  10089  C  CREMA PEINAR MANDY 120                      2  18765890  18765890       000  37531780   6005085    0    0    0    0    0         1  7592512002205       20831974       20831974   510436490001  N  0                        190909 01/10/2022
01 36833844  GQ794  M  DESLORATADINA ELTER JBE.60                  6  63843000  63843000       000 383058000       000    0    0    0    0    0         1  7703763393053       20831220       20831220   510436490001  N  0                       3247247 01/06/2022
01 36833844  12508  C  MUM DERMIS D BOL 60GR                       3  34498684  34498684       000 103496052  16559368    0    0    0    0    0         1       75070335       20831220       20831220   510436490001  N  0                           112 01/01/2030
01 36833844  NW700  N  OMEGA 3 NOW 1000MG.X45CA                    2 234000000 234000000       000 468000000       000    0    0    0    0    0         1   733739110411       20831220       20831220   510436490001  N  0                       3165018 01/06/2023
01 36833844  LO690  M  RINOMAX SOL. NASAL 15ML.                    4  71909013  71909013       000 287636052       000    0    0    0    0    0         1  7591196000682       20831220       20831220   510436490001  N  0                       I109328 01/11/2021
01 36833844  MY104  N  SEDIVAL TAB. X30                            2 124954375 124954375       000 249908750       000    0    0    0    0    0         1  7592601100836       20831220       20831220   510436490001  N  0                        060501 01/03/2022
01 36833844  11279  N  SENOKOT C.DOCUSATO X10TA                    3 130000000 130000000       000 390000000       000    0    0    0    0    0         1  7591821210295       20831220       20831220   510436490001  N  0                       2007084 01/08/2022
01 36833844  12550  M  SUEROLITO SAB COCO 400ML                    3  66300000  66300000       000 198900000       000    0    0    0    0    0         1  7597767000013       20831220       20831220   510436490001  N  0                          16C1 01/03/2022
01 36833844  12551  M  SUEROLITO SAB FRESA 400ML                   3  66300000  66300000       000 198900000       000    0    0    0    0    0         1  7597767000020       20831220       20831220   510436490001  N  0                         195F1 01/05/2022
01 36833844  EL775  M  TALZIC SOL.GOTAS 20ML.                      6  16666910  16666910       000 100001460       000    0    0    0    0    0         1  7591062016670       20831220       20831220   510436490001  N  0                        19077A 01/08/2021
01 36833844  13286  M  TENOREN 100MG X30TAB                        3  58500000  58500000       000 175500000       000    0    0    0    0    0         1  7598055000562       20831220       20831220   510436490001  N  0                         KK076 01/01/2025
01 36833844  LT930  M  VIASEK COMPR. 50MG. X2                      4  19151302  19743610   2369232  76605208       000    0    3    0    0    0         1  7591585111005       20831220       20831220   510436490001  N  0                           093 01/01/2023
01 36833844  LT930  M  VIASEK COMPR. 50MG. X2                      2  19743610  19743610       000  39487220       000    0    0    0    0    0         1  7591585111005       20831220       20831220   510436490001  N  0                           093 01/01/2023
01 36833844  SQ140  C  LUBRIX GEL ESPERMATI 120                    2  68172000  68172000       000 136344000  21815040    0    0    0    0    0         2  7592904000031       20831220       20831220   510436490002  N  0                           006 01/05/2023
02 36833844         83    5145611201     277371832      44379493    5467362526    0    0    0  000    0    0    0   24/09/2020 05:04:15 p.m.   PR           000           000             0            22
