01 36838017  VM780  M  AMOXIVAL 250MG.PPSO 90ML.                   3 113034633 113034633       000 339103899       000    0    0    0    0    0         1  7591020000758       20836485       20836485   510475190001  N  0                           403 01/06/2022
01 36838017  PO180  M  BACTRON SUSP. 100ML.                        6 121030000 127400000  38220000 726180000       000    0    5    0    0    0         1  7592806122015       20836485       20836485   510475190001  N  0                        006060 01/06/2025
01 36838017  12084  M  BREXIN FORTE 650MG. X10TA                   3  39243204  39243204       000 117729612       000    0    0    0    0    0         1  7591818716755       20836485       20836485   510475190001  N  0                         00348 01/09/2023
01 36838017  VC430  M  BUTROPINA SOL.GOTAS 20ML.                   6  80843750  80843750       000 485062500       000    0    0    0    0    0         1  7592782000338       20836485       20836485   510475190001  N  0                       2080009 01/08/2022
01 36838017  DP440  M  CAPTOPRIL DP 25MG. X20TA                    6  51307897  51307897       000 307847382       000    0    0    0    0    0         1  7592616576145       20836485       20836485   510475190001  N  0                         00218 01/02/2022
01 36838017  12078  M  CLAUSY SUSP.ORAL X10 5ML.                   1 547560000 547560000       000 547560000       000    0    0    0    0    0         1  8936187370020       20836485       20836485   510475190001  N  0                         10320 01/03/2022
01 36838017  PA874  M  DI EUDRIN 12,5MG. X24TA                     6  71626558  71626558       000 429759348       000    0    0    0    0    0         1  7591243812374       20836485       20836485   510475190001  N  0                       9198603 01/05/2023
01 36838017  VM384  M  DUROVAL 100MG. X1TA                         6  21871346  21871346       000 131228076       000    0    0    0    0    0         1  7591020006330       20836485       20836485   510475190001  N  0                            19 01/05/2025
01 36838017  10829  M  FLUCON 200MG. X4CA                          2 117000000 117000000       000 234000000       000    0    0    0    0    0         1  7591955558331       20836485       20836485   510475190001  N  0                          0008 01/05/2022
01 36838017  CO185  M  MIOVIT GRAGEAS X10                          6  94018954  94018954       000 564113724       000    0    0    0    0    0         1  7591818118030       20836485       20836485   510475190001  N  0                         00227 01/06/2023
01 36838017  FA514  M  NEURIXA 75MG. X14CA                         6 127285804 127285804       000 763714824       000    0    0    0    0    0         1  7591821903616       20836485       20836485   510475190001  N  0                       2002749 01/03/2022
01 36838017  LT043  M  PEGYT 75MG. X20CA                           3 162025500 162025500       000 486076500       000    0    0    0    0    0         1  7591585317018       20836485       20836485   510475190001  N  0                           041 01/07/2023
01 36838017  MK735  M  PREDNISONA +MK50MG. X10TA                   3 105417000 124020000  55809000 316251000       000    0    0   15    0    0         1  7591519001044       20836485       20836485   510475190001  N  0                         31406 01/08/2025
01 36838017  MK409  M  SECNIDAZOL +MK 1GR. X 2                     1  68250000  68250000       000  68250000       000    0    0    0    0    0         1  7591519003918       20836485       20836485   510475190001  N  0                         30564 01/03/2022
01 36838017  MK409  M  SECNIDAZOL +MK 1GR. X 2                     2  80112500  80112500       000 160225000       000    0    0    0    0    0         1  7591519003918       20836485       20836485   510475190001  N  0                         31417 01/08/2023
01 36838017  GP160  M  SERLINE 50MG. X10CO                         2  68900000  68900000       000 137800000       000    0    0    0    0    0         1  7594000490655       20836485       20836485   510475190001  N  0                          0039 01/02/2023
01 36838017  EH460  M  SERTRALINA VP 50MG. X10TA                   2  38793300  38793300       000  77586600       000    0    0    0    0    0         1  7703153018757       20836485       20836485   510475190001  N  0                       1240793 01/03/2021
01 36838017  12811  M  SOL. FISIOL 0.9% BP 500ML                   6  44590000  44590000       000 267540000       000    0    0    0    0    0         1  7592253003066       20836485       20836485   510475190001  N  0                    1912261909 01/12/2025
01 36838017  GQ844  M  VALSARTAN ELTER80MG.X14TA                   4 114660000 114660000       000 458640000       000    0    0    0    0    0         1  7703763341078       20836485       20836485   510475190001  N  0                       3250052 01/07/2022
01 36838017  XS024  N  VASELINA RECETTE 30GR.                      6  25935000  25935000       000 155610000  24897600    0    0    0    0    0         1  7594001451891       20836485       20836485   510475190001  N  0                      24082008 01/11/2022
01 36838017  12618  C  EVERY N.MEN GEL DE.AFX200                   1  30580397  30580397       000  30580397   4892864    0    0    0    0    0         2  7590005168957       20836485       20836485   510475190002  N  0                       2006204 01/06/2022
01 36838017  PT738  C  SECRET POWDER BOL.60GR.                     3  33559127  33559127       000 100677381  16108381    0    0    0    0    0         2       75045517       20836485       20836485   510475190002  N  0                           107 01/01/2030
01 36838017  PD710  M  CLENBUXOL JBE. AD. 120CC.                   2 107900000 107900000       000 215800000       000    0    0    0    0    0         3  7591955000151       20836485       20836485   510475190003  N  0                          0062 01/02/2023
02 36838017         86    6990078465     131257778      45898844    7167235087    0    0    0  000    0    0    0   30/09/2020 05:35:20 p.m.   PR           000           000             0            23
