01 36845837  GQ739  M  ACETAMINOFEN ELTER 650 X10                 12  34320000  34320000       000 411840000       000    0    0    0    0    0         1  7592454001243       20848954       20848954   510559170001  N  0                       3249442 01/07/2022
01 36845837  VM419  M  AMOXIVAL 750MG.PPSO 70ML.                   2 103643950 103643950       000 207287900       000    0    0    0    0    0         1  7591020008082       20848954       20848954   510559170001  N  0                           150 01/03/2022
01 36845837  QO320  M  ANALPER NAX CAPS. 250 X10                   6  78247000  78247000       000 469482000       000    0    0    0    0    0         1  7592454000789       20848954       20848954   510559170001  N  0                       3249990 01/07/2022
01 36845837  QO290  M  ANALPER PLUS TAB. X10                       6 104338000 104338000       000 626028000       000    0    0    0    0    0         1  7592454000796       20848954       20848954   510559170001  N  0                       3251811 01/08/2022
01 36845837  VA012  M  ANTIFOM 40MG. X10CO                         2 133900584 133900584       000 267801168       000    0    0    0    0    0         1  7592349722925       20848958       20848958   510559170001  N  0                       2008016 01/08/2022
01 36845837  KH026  C  APLICADOR ALGODON X100 KX                   4  54600000  54600000       000 218400000       000    0    0    0    0    0         1   813333012400       20848954       20848954   510559170001  N  0                      20181111 01/12/2023
01 36845837  13426  M  AZITROMICI DAC 200MGX15ML                  12  89700000  89700000       0001076400000       000    0    0    0    0    0         1  8906121690248       20848954       20848954   510559170001  N  0                          0039 01/01/2022
01 36845837  10797  M  DERMAZOL 0,05% L.CAP.25ML                   1 163800000 163800000       000 163800000       000    0    0    0    0    0         1  7591619519098       20848954       20848954   510559170001  N  0                          0013 01/09/2022
01 36845837  KL459  M  DERMOSUPRIL EMUL. 0,05%120                  1  86814000  96460000   9646000  86814000       000    0    0   10    0    0         1  7703332003147       20848954       20848954   510559170001  N  0                        S00589 01/01/2021
01 36845837  GQ794  M  DESLORATADINA ELTER JBE.60                  6  73736000  73736000       000 442416000       000    0    0    0    0    0         1  7703763393053       20848954       20848954   510559170001  N  0                       3247593 01/06/2022
01 36845837  13204  M  DEXTROSA N/1 5% 500ML                       2  78418080  78418080       000 156836160       000    0    0    0    0    0         1  7596347796742       20848954       20848954   510559170001  N  0                       1907123 01/07/2021
01 36845837  SA500  M  DUVADILAN 10MG. X30CO                       2 281337147 281337147       000 562674294       000    0    0    0    0    0         1  7591651001162       20848954       20848954   510559170001  N  0                       2008126 01/08/2025
01 36845837  AP010  M  GLYMAR 2MG. X20TA                           2  91590909  91590909       000 183181818       000    0    0    0    0    0         1  7592601101079       20848954       20848954   510559170001  N  0                        032702 01/05/2022
01 36845837  XS008  N  GOTAS VALERIANA XS 30ML.                    6  24440000  24440000       000 146640000       000    0    0    0    0    0         1  7594001450818       20848954       20848954   510559170001  N  0                      07092027 01/09/2023
01 36845837  11419  M  LETISAN SOL.ORAL 90ML.                      3  86060000  86060000       000 258180000       000    0    0    0    0    0         1  7591585614889       20848954       20848954   510559170001  N  0                           492 01/09/2023
01 36845837  12354  C  MASCARILLAS FACIAL 4TI X5                   1 153696212 153696212       000 153696212  24591394    0    0    0    0    0         1  7709475743537       20848954       20848954   510559170001  N  0                         M1920 01/05/2025
01 36845837  LC170  M  MONOSULPA GOTAS 15 CC.                      4  76570000  76570000       000 306280000       000    0    0    0    0    0         1  7591585110923       20848958       20848958   510559170001  N  0                           192 01/05/2022
01 36845837  KL789  M  PLIDAN COMP.AMP. 1DOSIS                     3  94640000  94640000       000 283920000       000    0    0    0    0    0         1  7591619518367       20848954       20848954   510559170001  N  0                          0001 01/05/2021
01 36845837  OJ029  N  PROSTAPLANT HP CAPS. X60                    2 257400000 257400000       000 514800000       000    0    0    0    0    0         1  7592710000805       20848954       20848954   510559170001  N  0                       0472508 01/08/2023
01 36845837  LT434  M  PULMOLET SUSP. P.NEB. 15CC.                 8 104422500 104422500       000 835380000       000    0    0    0    0    0         1  7591585117199       20848954       20848954   510559170001  N  0                           025 01/09/2022
01 36845837  CO440  M  REDUBEN 100MG. X10TA                        3 140247816 140247816       000 420743448       000    0    0    0    0    0         1  7591818116067       20848954       20848954   510559170001  N  0                         00086 01/03/2022
01 36845837  13111  M  SALBUTAMOL INH 100X200DO                    2 334854000 334854000       000 669708000       000    0    0    0    0    0         1  7753820000264       20848954       20848954   510559170001  N  0                        190603 01/06/2022
01 36845837  GP160  M  SERLINE 50MG. X10CO                         2  78260000  78260000       000 156520000       000    0    0    0    0    0         1  7594000490655       20848954       20848954   510559170001  N  0                          0041 01/07/2023
01 36845837  KV204  M  TERAGRIP FORTE GRAN.X6SOB.                  6 240500000 240500000       0001443000000       000    0    0    0    0    0         1  7591821802490       20848954       20848954   510559170001  N  0                       2009080 01/09/2022
01 36845837  11321  M  ULCON 1GR. X20TA                            2 390000000 390000000       000 780000000       000    0    0    0    0    0         1  7591821210288       20848954       20848954   510559170001  N  0                       2009070 01/09/2022
01 36845837  12640  M  AMOXICILINA DAC 500X10TA                    6  89700000  89700000       000 538200000       000    0    0    0    0    0         2  8906121690002       20848954       20848954   510559170002  N  0                          V114 01/06/2022
01 36845837  VM730  M  AMOXIVAL 500MG. X12CA                       2 138239748 138239748       000 276479496       000    0    0    0    0    0         2  7591020000710       20848954       20848954   510559170002  N  0                            99 01/03/2023
01 36845837  11352  M  ANAPIR 400MG. X10CA,BLAN                    3 106034877 111615660  16742349 318104631       000    0    0    5    0    0         2  7593090001024       20848954       20848954   510559170002  N  0                        200173 01/08/2023
01 36845837  12243  M  ANTIFON 125MG X10 TA.MAST                   2 153216922 153216922       000 306433844       000    0    0    0    0    0         2  7592349723724       20848958       20848958   510559170002  N  0                       2003097 01/03/2022
01 36845837  PF204  M  ATAMEL FORTE 650MG. X10TA                   6  81052033  81052033       000 486312198       000    0    0    0    0    0         2  7591257000552       20848954       20848954   510559170002  N  0                     926132051 01/10/2022
01 36845837  PA054  M  BETADERM PLUS CREMA 15GR.                  12 112496124 112496124       0001349953488       000    0    0    0    0    0         2  7591243804164       20848954       20848954   510559170002  N  0                       9220302 01/08/2022
01 36845837  LT031  M  BIOTALOL 5MG. X30CO                         6 166803000 166803000       0001000818000       000    0    0    0    0    0         2  7591585217165       20848954       20848954   510559170002  N  0                           110 01/08/2022
01 36845837  11898  M  BUCOXOLGAR FRU.RO X10TM                     2  44707000  44707000       000  89414000       000    0    0    0    0    0         2  7592454891363       20848954       20848954   510559170002  N  0                       3244653 01/04/2022
01 36845837  GQ019  M  CETIRIZINA ELTER10MG.10TA                   6  49517000  49517000       000 297102000       000    0    0    0    0    0         2  7592454138185       20848954       20848954   510559170002  N  0                       3245773 01/05/2022
01 36845837  CO265  M  CLORACE 500MG/4MG X10TA                     4  62545434  62545434       000 250181736       000    0    0    0    0    0         2  7591818116043       20848954       20848954   510559170002  N  0                         00171 01/04/2022
01 36845837  KF200  M  DERMAZOL 0,05% UNG.30GR.                    1 200200000 200200000       000 200200000       000    0    0    0    0    0         2  7591619519043       20848954       20848954   510559170002  N  0                          0043 01/07/2022
01 36845837  LO409  M  DESLORAT 5MG. X10TA                         4  54262802  54262802       000 217051208       000    0    0    0    0    0         2  7591196002969       20848954       20848954   510559170002  N  0                       I090994 01/09/2022
01 36845837  LO479  M  DESLORAT 5MG. X20TA                         4  92709754  92709754       000 370839016       000    0    0    0    0    0         2  7591196002976       20848954       20848954   510559170002  N  0                       I060926 01/06/2022
01 36845837  11800  M  DICLOFENAC P.LO50MG.X10TA                  12  57037500  57037500       000 684450000       000    0    0    0    0    0         2  7591196007230       20848954       20848954   510559170002  N  0                       I070958 01/07/2022
01 36845837  QM510  M  ESOZ 40MG. X14CAPS.MGE                      2 132613000 132613000       000 265226000       000    0    0    0    0    0         2  7592454889292       20848954       20848954   510559170002  N  0                       3244841 01/05/2022
01 36845837  LO810  M  FISIOLIN GOTAS PED. 15ML.                   4  62482394  62482394       000 249929576       000    0    0    0    0    0         2  7591196002198       20848954       20848954   510559170002  N  0                       I020849 01/03/2023
01 36845837  GQ364  M  GLIMEPIRIDE ELTER 2MG. X16                  4  78260000  78260000       000 313040000       000    0    0    0    0    0         2  7703763165056       20848954       20848954   510559170002  N  0                       3250625 01/06/2022
01 36845837  11715  M  LEVOTIROXINA VP100MCG30TA                   2 144486403 144486403       000 288972806       000    0    0    0    0    0         2  7703153021696       20848954       20848954   510559170002  N  0                       1289939 01/03/2022
01 36845837  LT037  M  LISILET 10MG. X30CO                         2 158210000 158210000       000 316420000       000    0    0    0    0    0         2  7591585314369       20848958       20848958   510559170002  N  0                           127 01/04/2023
01 36845837  MG399  M  LISILETIC 20/12,5 X30CO                     2 246382500 246382500       000 492765000       000    0    0    0    0    0         2  7591585114389       20848958       20848958   510559170002  N  0                           101 01/06/2022
01 36845837  11441  M  LOSARTAN P.100MG.X10ELTER                  12  79768000  79768000       000 957216000       000    0    0    0    0    0         2  7592454891165       20848954       20848954   510559170002  N  0                       3252115 01/08/2022
01 36845837  NP640  M  MACRODANTINA 50MG. X30CA                    3 269451000 269451000       000 808353000       000    0    0    0    0    0         2  7591821901858       20848954       20848954   510559170002  N  0                       2007125 01/09/2023
01 36845837  11602  M  METFORMINA SW 850MG.X30TA                   6 107250000 107250000       000 643500000       000    0    0    0    0    0         2  7705959880019       20848954       20848954   510559170002  N  0                       8CL3686 01/09/2021
01 36845837  PA045  M  PROPRANOLOL 40MG. X20TA                     2 114550038 114550038       000 229100076       000    0    0    0    0    0         2  7591243843101       20848954       20848954   510559170002  N  0                       9201202 01/02/2023
01 36845837  EH460  M  SERTRALINA VP 50MG. X10TA                   1  38793300  38793300       000  38793300       000    0    0    0    0    0         2  7703153018757       20848954       20848954   510559170002  N  0                       1240793 01/03/2021
01 36845837  EH460  M  SERTRALINA VP 50MG. X10TA                   3  34913970  38793300  11637990 104741910       000    0   10    0    0    0         2  7703153018757       20848954       20848954   510559170002  N  0                       1240793 01/03/2021
01 36845837  KV339  M  TERAGRIP FORTE 24H TAB. X14                 2 185617913 185617913       000 371235826       000    0    0    0    0    0         2  7591821802414       20848954       20848954   510559170002  N  0                20060202003087 01/08/2022
01 36845837  LO320  M  TODEX 0,3%-0,1%SU.OF.5ML                    6  93046278  93046278       000 558277668       000    0    0    0    0    0         2  7591196000514       20848954       20848954   510559170002  N  0                        060905 01/08/2022
01 36845837  LT056  M  ULGARIN 20MG. X28CA                         1 235560000 235560000       000 235560000       000    0    0    0    0    0         2  7591585319609       20848954       20848954   510559170002  N  0                           037 01/07/2022
01 36845837  10931  M  VIANCA35 X21TA                              2 274911000 274911000       000 549822000       000    0    0    0    0    0         2  7468999193647       20848954       20848954   510559170002  N  0                         19005 01/10/2024
01 36845837  11589  C  BARR DER.CLINE HERBAL80                     3  25861406  25861406       000  77584218  12413475    0    0    0    0    0         3  7595481001262       20848954       20848954   510559170003  N  0                        181002 01/10/2022
01 36845837  BM050  C  MUM COL. DESO.BOL. 90GR.                    6  76222491  76222491       000 457334946  73173591    0    0    0    0    0         3       75900243       20848954       20848954   510559170003  N  0                  02662033L110 01/12/2030
01 36845837  BQ001  M  AMBROXOL BQ. 15MG.120ML.                    3  73125000  73125000       000 219375000       000    0    0    0    0    0         4  7594000850909       20848954       20848954   510559170004  N  0                        200501 01/05/2022
01 36845837  LO444  M  APIRET 180SOL.ORAL 120ML.                   6  67195187  67195187       000 403171122       000    0    0    0    0    0         4  7591196002785       20848954       20848954   510559170004  N  0                        090996 01/09/2022
01 36845837  LC314  N  FLUVIRIN JBE. 120ML.                        2 114400000 114400000       000 228800000       000    0    0    0    0    0         4  7591585111166       20848954       20848954   510559170004  N  0                           218 01/09/2022
01 36845837  AQ140  N  JENGIBRE MIEL AI JBE.120CC.                 1 162500000 162500000       000 162500000       000    0    0    0    0    0         4  7592946056003       20848954       20848954   510559170004  N  0                      02206003 01/02/2022
01 36845837  AQ140  N  JENGIBRE MIEL AI JBE.120CC.                 1 162500000 162500000       000 162500000       000    0    0    0    0    0         4  7592946056003       20848954       20848954   510559170004  N  0                      02206003 01/02/2022
02 36845837        246   24454571689     907015376     110178460   25471765525    0    0    0  000    0    0    0   15/10/2020 04:31:08 p.m.   PR           000           000             0            62
