01 36854924  CO006  M  AEROFLAT GOTAS 80MG.20ML.                   3 143379348 143379348       000 430138044       000    0    0    0    0    0         1  7591818210406       20862586       20862586   510648630001  N  0                         00250 01/06/2022
01 36854924  EL685  M  ALBICAR 200MG X2TA                          6  35452430  35452430       000 212714580       000    0    0    0    0    0         1  7591062010036       20862586       20862586   510648630001  N  0                        20080B 01/07/2023
01 36854924  LC309  M  ALIVET 4DIAS 8COM.D-4COM.NO                 3  94380000  94380000       000 283140000       000    0    0    0    0    0         1  7591585116000       20862670       20862670   510648630001  N  0                           334 01/08/2022
01 36854924  PF204  M  ATAMEL FORTE 650MG. X10TA                   4  90778277  90778277       000 363113108       000    0    0    0    0    0         1  7591257000552       20862670       20862670   510648630001  N  0                     926132051 01/10/2022
01 36854924  10728  M  BIOCOR 20MG. X30TA                          2 265720000 265720000       000 531440000       000    0    0    0    0    0         1  7591519000146       20862586       20862586   510648630001  N  0                         31296 01/05/2022
01 36854924  GT230  M  BLOKIUM COMPR. 100MG. X30                   3 118560000 118560000       000 355680000       000    0    0    0    0    0         1  7591585260055       20862586       20862586   510648630001  N  0                           220 01/06/2025
01 36854924  12503  M  BRAL 500MG X100TA                           1 459555555 459555555       000 459555555       000    0    0    0    0    0         1  7591243807127       20862586       20862586   510648630001  N  0                       9172002 01/10/2021
01 36854924  12025  M  CEFADROXILO DAC500 X10TA                    3 150696000 150696000       000 452088000       000    0    0    0    0    0         1  8906121690033       20862586       20862586   510648630001  N  0                          V116 01/06/2022
01 36854924  11288  M  COLYPAN 200MG. X10TA                       12 130435226 130435226       0001565222712       000    0    0    0    0    0         1  7591821210264       20862586       20862586   510648630001  N  0                       2009127 01/09/2023
01 36854924  11114  C  CREM ENCIA NI?A 100GR.                      2  33873840  33873840       000  67747680  10839629    0    0    0    0    0         1  7595751001381       20862670       20862670   510648630001  N  0                      20030022 01/03/2023
01 36854924  11113  C  CREM ENCIA NI?O 100GR.                      2  33873840  33873840       000  67747680  10839629    0    0    0    0    0         1  7595751001374       20862670       20862670   510648630001  N  0                       2003022 01/03/2023
01 36854924  KL264  M  DERMOSUPRIL CR. 0,05% 15GR.                 2  66248000  82810000  33124000 132496000       000    0    0   20    0    0         1  7703281003793       20862670       20862670   510648630001  N  0                        S00877 01/03/2021
01 36854924  KL459  M  DERMOSUPRIL EMUL. 0,05%120                  1  77168000  96460000  19292000  77168000       000    0    0   20    0    0         1  7703332003147       20862670       20862670   510648630001  N  0                        S00589 01/01/2021
01 36854924  12498  M  DESLER M 2,5MG-5MG X10TA                    4 108225000 108225000       000 432900000       000    0    0    0    0    0         1  7592454891240       20862670       20862670   510648630001  N  0                       3244931 01/04/2022
01 36854924  11904  M  DUOVENT SOL.P.INH. 15ML.                    5 126669097 126669097       000 633345485       000    0    0    0    0    0         1  7591196002204       20862670       20862670   510648630001  N  0                        070789 01/07/2022
01 36854924  GM169  M  ESPIRONOLACTONA MY 100X10                   2 226053504 226053504       000 452107008       000    0    0    0    0    0         1  7592601301127       20862670       20862670   510648630001  N  0                        058102 01/07/2022
01 36854924  ZW004  N  GINKGO BILOBA NP X60CA                      2 201500000 201500000       000 403000000       000    0    0    0    0    0         1  7592430000116       20862586       20862586   510648630001  N  0                      02170720 01/07/2022
01 36854924  11536  M  OLMECAR 20MG. X30CO                         2 201474000 201474000       000 402948000       000    0    0    0    0    0         1  7591585318794       20862586       20862586   510648630001  N  0                           035 01/02/2022
01 36854924  11554  M  PANTOPRAZOL VP 20MG.X10TA                   4  94329604  94329604       000 377318416       000    0    0    0    0    0         1  7703153034726       20862670       20862670   510648630001  N  0                       1296489 01/05/2022
01 36854924  PA045  M  PROPRANOLOL 40MG. X20TA                     2 114550038 114550038       000 229100076       000    0    0    0    0    0         1  7591243843101       20862670       20862670   510648630001  N  0                       9201202 01/02/2023
01 36854924  AQ250  N  CLORURO MAGNESIO AI 240ML                   2 204689160 204689160       000 409378320       000    0    0    0    0    0         2  7592946168553       20862586       20862586   510648630002  N  0                      19208553 01/09/2022
02 36854924         67    8202853304     135495360      21679258    8360027922    0    0    0  000    0    0    0   02/11/2020 09:27:10 a.m.   PR           000           000             0            21
