01 36852302  MY109  M  CETRAL 10MG. GOTAS 10ML.                    4  69419098  69419098       000 277676392       000    0    0    0    0    0         1  7592601100706       20858601       20858601   510619670001  N  0                        926104 01/10/2021
01 36852302  11640  M  CYTRIAX 1GR.IV-IM. X1                       6  67275086  67275086       000 403650516       000    0    0    0    0    0         1       75971342       20858601       20858601   510619670001  N  0                         D1915 01/06/2022
01 36852302  LO810  M  FISIOLIN GOTAS PED. 15ML.                   4  62482394  62482394       000 249929576       000    0    0    0    0    0         1  7591196002198       20858601       20858601   510619670001  N  0                       I020849 01/03/2023
01 36852302  FA239  M  NOTOLAC 30MG. X4TA.SUBL.                    3 118300000 118300000       000 354900000       000    0    0    0    0    0         1  7591821210134       20858601       20858601   510619670001  N  0                       2008742 01/09/2022
01 36852302  FA219  M  VALPRON 200 SOL.ORAL 30ML                   2 182741936 182741936       000 365483872       000    0    0    0    0    0         1  7591821901971       20858601       20858601   510619670001  N  0                       2006026 01/06/2023
01 36852302  LT930  M  VIASEK COMPR. 50MG. X2                      4  22012000  22692784   2723136  88048000       000    0    3    0    0    0         1  7591585111005       20858601       20858601   510619670001  N  0                           093 01/01/2023
01 36852302  LT930  M  VIASEK COMPR. 50MG. X2                      2  22692784  22692784       000  45385568       000    0    0    0    0    0         1  7591585111005       20858601       20858601   510619670001  N  0                           093 01/01/2023
01 36852302  13533  M  VICZIN 500MG-12MG X10TA                     6  69001920  71136000  12804480 414011520       000    0    0    3    0    0         1  7593090001345       20858601       20858601   510619670001  N  0                        ZT8971 01/08/2022
01 36852302  BA109  M  XARELTO 10MG. X10CO                         1 983002410 983002410       000 983002410       000    0    0    0    0    0         1  7591165840158       20858601       20858601   510619670001  N  0                       BXJ8L41 01/01/2022
01 36852302  12250  C  DECOLORANTE POL AZUL 30GR                   3  46800000  46800000       000 140400000  22464000    0    0    0    0    0         2  7593723001216       20858601       20858601   510619670002  N  0                       2008241 01/08/2023
02 36852302         35    3182087854     140400000      22464000    3344951854    0    0    0  000    0    0    0   28/10/2020 11:04:50 a.m.   PR           000           000             0            10
