01 36854640  MY250  M  IMAZOL 1% CR.TOPICA 20GR.                   4  93766193  93766193       000 375064772       000    0    0    0    0    0         1  7592601100454       20862231       20862231   510645790001  N  0                        008701 01/07/2024
01 36854640  MK809  M  IVERMECTINA +MK 6MG. X4TA                   3 128420360 128420360       000 385261080       000    0    0    0    0    0         1  7591519007121       20862231       20862231   510645790001  N  0                         31440 01/08/2022
01 36854640  ZP002  M  ORALZINC MNDARINA.PVO.1S                    4  94764531  94764531       000 379058124       000    0    0    0    0    0         1  7591651722302       20862249       20862249   510645790001  N  0                       2004028 01/04/2022
01 36854640  LT043  M  PEGYT 75MG. X20CA                           6 195650000 195650000       0001173900000       000    0    0    0    0    0         1  7591585317018       20862249       20862249   510645790001  N  0                           043 01/10/2023
01 36854640  12680  M  SOLUCION ISOTO 0,9% 500ML                   6  66950000  66950000       000 401700000       000    0    0    0    0    0         1  7597767000068       20862249       20862249   510645790001  N  0                      19082619 01/08/2022
01 36854640  10824  M  REHIDROSOL FRESA  600ML                     2 101270000 101270000       000 202540000       000    0    0    0    0    0         2  7592637397415       20862249       20862249   510645790002  N  0                       2000079 01/08/2022
01 36854640  11584  M  REHIDROSOL UVA 600ML.                       2 101270000 101270000       000 202540000       000    0    0    0    0    0         2  7592637398443       20862249       20862249   510645790002  N  0                       2000064 01/05/2022
01 36854640  12550  M  SUEROLITO SAB COCO 400ML                    2  91000000  91000000       000 182000000       000    0    0    0    0    0         2  7597767000013       20862249       20862249   510645790002  N  0                         219C2 01/09/2022
01 36854640  12551  M  SUEROLITO SAB FRESA 400ML                   2  91000000  91000000       000 182000000       000    0    0    0    0    0         2  7597767000020       20862249       20862249   510645790002  N  0                         810F3 01/10/2022
01 36854640  12552  M  SUEROLITO SAB UVA 400ML                     2  91000000  91000000       000 182000000       000    0    0    0    0    0         2  7597767000037       20862249       20862249   510645790002  N  0                         258U1 01/08/2022
02 36854640         33    3666063976           000           000    3666063976    0    0    0  000    0    0    0   31/10/2020 11:08:11 a.m.   PR           000           000             0            10
