01 36859380  VM375  M  ACEVAL 650MG. X10TA                         6  46800000  46800000       000 280800000       000    0    0    0    0    0         1  7591020000611       20866820       20866820   510687820001  N  0                           185 01/10/2025
01 36859380  12640  M  AMOXICILINA DAC 500X10TA                    6  89700000  89700000       000 538200000       000    0    0    0    0    0         1  8906121690002       20866820       20866820   510687820001  N  0                          V113 01/06/2022
01 36859380  PF204  M  ATAMEL FORTE 650MG. X10TA                   6  90778277  90778277       000 544669662       000    0    0    0    0    0         1  7591257000552       20866820       20866820   510687820001  N  0                     926132051 01/10/2022
01 36859380  DP105  M  BACITRACINA DP UNG. 15GR.                   6  64063038  64063038       000 384378228       000    0    0    0    0    0         1  7592616021010       20866820       20866820   510687820001  N  0                         00553 01/07/2023
01 36859380  11251  M  CICLOKAN 500MG. X21CO                       2 312000000 312000000       000 624000000       000    0    0    0    0    0         1  7591619519227       20866820       20866820   510687820001  N  0                          0017 01/09/2022
01 36859380  12374  M  CIPROFLOXACINA  500MG X10                   6 102302459 102302459       000 613814754       000    0    0    0    0    0         1  7598176000021       20866820       20866820   510687820001  N  0                       TEAH372 01/07/2021
01 36859380  CO265  M  CLORACE 500MG/4MG X10TA                     4  59105435  65672705  26269080 236421740       000    0    0   10    0    0         1  7591818116043       20866820       20866820   510687820001  N  0                         00376 01/09/2022
01 36859380  GQ719  M  CLOTRI-NEO-DEXA ELTER 20GR.                 6 170209000 170209000       0001021254000       000    0    0    0    0    0         1  7703763300051       20866820       20866820   510687820001  N  0                       3253216 01/09/2023
01 36859380  LT038  M  COVENTROL 6,25MG. X30CO                     3 149877000 149877000       000 449631000       000    0    0    0    0    0         1  7591585265630       20866820       20866820   510687820001  N  0                           121 01/07/2022
01 36859380  PA201  M  DECALONA 4MG X2CCAMP                        6 101958656 101958656       000 611751936       000    0    0    0    0    0         1       75919719       20866820       20866820   510687820001  N  0                       9226701 01/10/2022
01 36859380  MK951  M  DOL 20BLIS. X4TAB.                          1 668720000 668720000       000 668720000       000    0    0    0    0    0         1  7591519005974       20866820       20866820   510687820001  N  0                         31410 01/08/2023
01 36859380  MK675  M  DOL 450-40-1 X10TA                          3 101010000 101010000       000 303030000       000    0    0    0    0    0         1  7591519000474       20866820       20866820   510687820001  N  0                         31411 01/08/2023
01 36859380  12948  M  ENALAPRIL 10MG X100TA                       1 230084400 234780000   4695600 230084400       000    0    0    2    0    0         1 07469106377394       20866820       20866820   510687820001  N  0                           K36 01/04/2023
01 36859380  GN146  M  ENALAPRIL GN 20MG. X30CO                    6 106210000 106210000       000 637260000       000    0    0    0    0    0         1  7591585378538       20866820       20866820   510687820001  N  0                           415 01/09/2023
01 36859380  PA050  M  ERILON 0,05% CREMA 15GR.                    3 114720395 114720395       000 344161185       000    0    0    0    0    0         1  7591243815757       20866820       20866820   510687820001  N  0                       9227202 01/10/2022
01 36859380  GN740  M  GENTAMICINA GN AMP. 80MG.                   3  82680000  82680000       000 248040000       000    0    0    0    0    0         1  7591585270757       20866820       20866820   510687820001  N  0                           080 01/11/2022
01 36859380  12328  M  GENTAPLUS 0.3% 10ML                         3  68796000  68796000       000 206388000       000    0    0    0    0    0         1  8904030802042       20866820       20866820   510687820001  N  0                        190710 01/07/2022
01 36859380  GQ014  N  HEDRALIV JBE. 120ML.                        2 104429000 104429000       000 208858000       000    0    0    0    0    0         1  7592454002301       20866946       20866946   510687820001  N  0                       3253998 01/09/2022
01 36859380  VA619  M  HENOVIC SOL.ORAL GOTAS 30ML                 3 178469122 178469122       000 535407366       000    0    0    0    0    0         1  7592349722963       20866946       20866946   510687820001  N  0                       2010029 01/10/2022
01 36859380  CO018  M  KETOPROFENO CO100MG.X10TA                   6  86228282  95809202  57485520 517369692       000    0    0   10    0    0         1  7591818136058       20866820       20866820   510687820001  N  0                         00115 01/05/2024
01 36859380  GN694  M  MELOXICAM GN 15MG. X10CO                    6  74665500  74665500       000 447993000       000    0    0    0    0    0         1  7591585178022       20866820       20866820   510687820001  N  0                           069 01/12/2021
01 36859380  DP485  M  METRONIDAZOL DP 250 120CC.                  4 113258423 113258423       000 453033692       000    0    0    0    0    0         1  7592616383019       20866820       20866820   510687820001  N  0                         00975 01/09/2022
01 36859380  DP475  M  METRONIDAZOL DP125 120ML.                   4  92045491  92045491       000 368181964       000    0    0    0    0    0         1  7592616382012       20866820       20866820   510687820001  N  0                         00973 01/09/2022
01 36859380  LX102  M  MIGREN 650-50-1 X20CO                       3 148200000 148200000       000 444600000       000    0    0    0    0    0         1  7591585415738       20866820       20866820   510687820001  N  0                           499 01/08/2022
01 36859380  PG110  M  NINAZO GOTAS AD. 15ML.                     24  63241513  63241513       0001517796312       000    0    0    0    0    0         1  7591821802957       20866820       20866820   510687820001  N  0                      2006023C 01/01/2022
01 36859380  VP003  M  NYTAXIN 500MG. X6CA.BL.                     2 297318470 297318470       000 594636940       000    0    0    0    0    0         1  7592432018010       20866820       20866820   510687820001  N  0                        200240 01/09/2022
01 36859380  11297  C  PILA ALCALI MAXELL AA X2                    2  76645396  76645396       000 153290792  24526527    0    0    0    0    0         1   025215961731       20866820       20866820   510687820001  N  0                           10X 01/12/2030
01 36859380  CO440  M  REDUBEN 100MG. X10TA                        8 136320877 151467641 1211741121090567016       000    0    0   10    0    0         1  7591818116067       20866820       20866820   510687820001  N  0                         00086 01/03/2022
01 36859380  LO690  M  RINOMAX SOL. NASAL 15ML.                    6 126955722 126955722       000 761734332       000    0    0    0    0    0         1  7591196000682       20866820       20866820   510687820001  N  0                       I109328 01/11/2021
01 36859380  UH003  C  SABILADERM CR.A.PA?AL65GR                   2  30160000  30160000       000  60320000   9651200    0    0    0    0    0         1  7592512001925       20866820       20866820   510687820001  N  0                        200237 01/02/2023
01 36859380  GN154  M  SERTRALINA COMPR. 50 X 10                   3  82992000  82992000       000 248976000       000    0    0    0    0    0         1  7591585178275       20866820       20866820   510687820001  N  0                          7046 01/04/2023
01 36859380  LO124  M  AIRON 10MG. X10TA                           3 129683815 129683815       000 389051445       000    0    0    0    0    0         2  7591196002563       20866820       20866820   510687820002  N  0                       I060928 01/06/2022
01 36859380  LT031  M  BIOTALOL 5MG. X30CO                         6 222579500 222579500       0001335477000       000    0    0    0    0    0         2  7591585217165       20866820       20866820   510687820002  N  0                           110 01/08/2022
01 36859380  VP610  M  CETIRIVAX 10MG. X10CA.BL.                   4  63247532  63247532       000 252990128       000    0    0    0    0    0         2  7592432001654       20866820       20866820   510687820002  N  0                        200191 01/08/2023
01 36859380  NP024  M  NOTOLAC 20MG. X10TA                         2 118943734 118943734       000 237887468       000    0    0    0    0    0         2  7591821902022       20866820       20866820   510687820002  N  0                       2007527 01/08/2023
01 36859380  LM140  C  ALBEPIR CH. A.CASPA 140CC.                  2 147550000 147550000       000 295100000  47216000    0    0    0    0    0         3  7592025101204       20866820       20866820   510687820003  N  0                        200667 01/12/2023
01 36859380  VT240  C  BOROCANFOR COOL POLVO 120GR                 2 106942797 106942797       000 213885594  34221695    0    0    0    0    0         3       75930547       20866820       20866820   510687820003  N  0                       2007303 01/07/2022
01 36859380  12250  C  DECOLORANTE POL AZUL 30GR                   2  60450000  60450000       000 120900000  19344000    0    0    0    0    0         3  7593723001216       20866820       20866820   510687820003  N  0                       2008241 01/08/2023
01 36859380  ML100  C  MULTI PLUS SOL. 240 CC.                     2 236884496 254714512  35660032 473768992  75803039    0    0    7    0    0         3  7591929717009       20866820       20866820   510687820003  N  0                      MP220011 01/10/2023
01 36859380  QO480  M  ANALPER JBE.PED.150MG.120ML                 6  87529000  87529000       000 525174000       000    0    0    0    0    0         4  7592454003117       20866820       20866820   510687820004  N  0                       3253058 01/08/2023
01 36859380  LX103  M  CARNISIN 1G.S.ORAL S/A180                   2 237510000 237510000       000 475020000       000    0    0    0    0    0         4  7591585112323       20866820       20866820   510687820004  N  0                           048 01/10/2022
01 36859380  RN100  C  GERDEX SOL. 240 CC.                         3  58608446  58608446       000 175825338  28132054    0    0    0    0    0         4  7591838000025       20866820       20866820   510687820004  N  0                       A229072 01/08/2023
01 36859380  KL061  M  PLIDAN SOL.GOTAS 20ML.                      2 169000000 169000000       000 338000000       000    0    0    0    0    0         4  7591619517940       20866820       20866820   510687820004  N  0                          0007 01/02/2023
02 36859380        182   18685359260    1493090716     238894515   20417344491    0    0    0  000    0    0    0   06/11/2020 02:54:42 p.m.   PR           000           000             0            43
