01 36868417  11795  M  AFLAMAX 50MG. X10TA                        24  92799573  92799573       0002227189752       000    0    0    0    0    0         1  7591196007186       20878837       20878837   510783330001  N  0                       I100021 01/11/2022
01 36868417  PO280  M  AMIKACINA PO500 2ML.1AMP.                   3 165750000 165750000       000 497250000       000    0    0    0    0    0         1  7592806112030       20878837       20878837   510783330001  N  0                        002015 01/02/2023
01 36868417  LR100  M  AMOXICILINA LF500MG.X12CA                   6 141796922 141796922       000 850781532       000    0    0    0    0    0         1  7594000020036       20878837       20878837   510783330001  N  0                         L2002 01/02/2023
01 36868417  FA419  M  ARANDA  2,5/50 X30CA                        2 412703547 412703547       000 825407094       000    0    0    0    0    0         1  7591821904385       20878837       20878837   510783330001  N  0                       2005228 01/06/2022
01 36868417  11471  M  ARANDA 2,5MG-50MG. X12CA                    2 125444524 125444524       000 250889048       000    0    0    0    0    0         1  7591821210240       20878837       20878837   510783330001  N  0                       2005228 01/06/2022
01 36868417  12037  M  AZITROMICINA AL500 X5TA                     4 341754915 341754915       0001367019660       000    0    0    0    0    0         1  7597758000145       20878971       20878971   510783330001  N  0                         DL065 01/07/2021
01 36868417  12024  M  AZITROMICINA DAC500 X3TA                    4 251160000 251160000       0001004640000       000    0    0    0    0    0         1  8906121690019       20878971       20878971   510783330001  N  0                          0031 01/02/2023
01 36868417  12151  M  CIPROFLOXACI BM200 100ML.                   3  75075000  75075000       000 225225000       000    0    0    0    0    0         1  6930169708179       20878837       20878837   510783330001  N  0                        190467 01/03/2022
01 36868417  11248  M  CRISOMET 50-500 X10TA                       2 252642237 252642237       000 505284474       000    0    0    0    0    0         1  7591821210332       20878837       20878837   510783330001  N  0                       2009026 01/09/2022
01 36868417  GQ794  M  DESLORATADINA ELTER JBE.60                  6 143052000 143052000       000 858312000       000    0    0    0    0    0         1  7703763393053       20878929       20878929   510783330001  N  0                       3247247 01/06/2022
01 36868417  MK579  M  DOL PLUS TAB. X10                           3 184730000 184730000       000 554190000       000    0    0    0    0    0         1  7591519005134       20878837       20878837   510783330001  N  0                         31468 01/09/2023
01 36868417  AO140  M  DOL PLUS TAB. X20                           3 292760000 292760000       000 878280000       000    0    0    0    0    0         1  7591519005141       20878837       20878837   510783330001  N  0                         31442 01/09/2023
01 36868417  MY060  N  EQUALIV TAB. X30                            2 263363922 263363922       000 526727844       000    0    0    0    0    0         1  7592601100805       20878929       20878929   510783330001  N  0                        060103 01/09/2022
01 36868417  12309  M  FESTAL 210MG 25BLIST X4TA                   117225000001722500000       0001722500000       000    0    0    0    0    0         1  7591519317572       20878929       20878929   510783330001  N  0                         31039 01/02/2022
01 36868417  VC215  M  FUGOLIN CR. 20 GR.                          3 153562500 170625000  51187500 460687500       000    0    0   10    0    0         1  7592782000130       20878837       20878837   510783330001  N  0                        207008 01/07/2022
01 36868417  VC450  M  FUGOLIN CR.VAG. 50GR.                       5 178750000 178750000       000 893750000       000    0    0    0    0    0         1  7592782000307       20878971       20878971   510783330001  N  0                       20A0006 01/10/2022
01 36868417  11499  M  FULGRAM 875MG-125MG X16CO                   2 413400000 413400000       000 826800000       000    0    0    0    0    0         1  7591585213198       20878837       20878837   510783330001  N  0                           583 01/10/2022
01 36868417  11163  M  LEVOFERIN SOL.ORAL 90ML.                    2 142593750 158437500  31687500 285187500       000    0    0   10    0    0         1  7592782000741       20878929       20878929   510783330001  N  0                       2070010 01/07/2023
01 36868417  12289  M  METRONIDAZOL 500MGX100TA                    1 738716160 753792000  15075840 738716160       000    0    0    2    0    0         1  6937874105453       20878837       20878837   510783330001  N  0                       D190660 01/05/2022
01 36868417  LC170  M  MONOSULPA GOTAS 15 CC.                      6 106220400 106220400       000 637322400       000    0    0    0    0    0         1  7591585110923       20878971       20878971   510783330001  N  0                           192 01/05/2022
01 36868417  PA082  M  MONTRAX TAB. 10MG. X30                      4 278743249 284431887  227545521114972996       000    0    0    2    0    0         1  7591243834185       20878971       20878971   510783330001  N  0                       9235501 01/09/2022
01 36868417  KL789  M  PLIDAN COMP.AMP. 1DOSIS                     6 143000000 143000000       000 858000000       000    0    0    0    0    0         1  7591619518367       20878837       20878837   510783330001  N  0                          0001 01/05/2021
01 36868417  11279  N  SENOKOT C.DOCUSATO X10TA                    2 176969689 176969689       000 353939378       000    0    0    0    0    0         1  7591821210295       20878929       20878929   510783330001  N  0                       2008122 01/08/2022
01 36868417  12619  C  EVERY N. GEL FIJ WINN100G                   6  30812215  30812215       000 184873290  29579726    0    0    0    0    0         2  7590005168179       20878929       20878929   510783330002  N  0                    2008247KD1 01/08/2022
01 36868417  PO100  M  ACETOBEN JBE. 120ML.                        3 198900000 198900000       000 596700000       000    0    0    0    0    0         3  7592806121018       20878837       20878837   510783330003  N  0                        003032 01/03/2023
01 36868417  BQ290  M  AMBROXOL BQ. 30MG.120ML.                    4 125937500 125937500       000 503750000       000    0    0    0    0    0         3  7594000850923       20878837       20878837   510783330003  N  0                        200801 01/08/2022
02 36868417        109   19563522338     184873290      29579726   19777975354    0    0    0  000    0    0    0   23/11/2020 01:51:36 p.m.   PR           000           000             0            26
