01 36867615  AL200  C  ALGODON ALVE MB X50                         2  55326440  55326440       000 110652880  17704461    0    0    0    0    0         1  7591442000107       20877197       20877197   510774420001  N  0                    23MAR2001G 01/03/2025
01 36867615  GQ749  M  AZITROMICINA ELTER 500X5                    6 262093000 262093000       0001572558000       000    0    0    0    0    0         1  7703763700219       20877197       20877197   510774420001  N  0                       3253400 01/09/2023
01 36867615  LR220  M  AZITROMICINA LF500 X3CA                     6 133958761 133958761       000 803752566       000    0    0    0    0    0         1  7594000020074       20877197       20877131   510774420001  N  0                         L2011 01/09/2022
01 36867615  LR220  M  AZITROMICINA LF500 X3CA                     6 133958761 133958761       000 803752566       000    0    0    0    0    0         1  7594000020074       20877131       20877131   510774420001  N  0                         L2011 01/09/2022
01 36867615  LM200  C  BLOCKSOL PS T.MEDIO 60GR.                   1 294840000 294840000       000 294840000  47174400    0    0    0    0    0         1  7592025101068       20877197       20877197   510774420001  N  0                        200666 01/12/2023
01 36867615  11251  M  CICLOKAN 500MG. X21CO                       3 312000000 312000000       000 936000000       000    0    0    0    0    0         1  7591619519227       20877197       20877197   510774420001  N  0                          0017 01/09/2022
01 36867615  PM115  M  CLODOXIN 10MG. X20CO                        3 100492998 100492998       000 301478994       000    0    0    0    0    0         1  7594001100584       20877197       20877197   510774420001  N  0                          5646 01/09/2022
01 36867615  DP135  M  DICLOFENAC P. DP 50 X20TA                  12  92164979  92164979       0001105979748       000    0    0    0    0    0         1  7592616165028       20877197       20877197   510774420001  N  0                         01080 01/10/2023
01 36867615  11800  M  DICLOFENAC P.LO50MG.X10TA                  12  74595447  74595447       000 895145364       000    0    0    0    0    0         1  7591196007230       20877197       20877197   510774420001  N  0                       I070958 01/07/2022
01 36867615  GN120  M  DICLOFENAC S. GN 50MGX30                    4 122522400 122522400       000 490089600       000    0    0    0    0    0         1  7591585373960       20877197       20877197   510774420001  N  0                           671 01/11/2024
01 36867615  LO510  M  DOBET 2%-0,5% SO.OFT.5ML.                   2 250790989 250790989       000 501581978       000    0    0    0    0    0         1  7591196000583       20877197       20877197   510774420001  N  0                        070734 01/08/2022
01 36867615  GM139  M  ESPIRONOLACTONA MY 25X20                    4 192045455 192045455       000 768181820       000    0    0    0    0    0         1  7592601300984       20877197       20877197   510774420001  N  0                        056805 01/10/2022
01 36867615  13510  C  EVERY N.D.BOL.BIO BABY P.                   3  49029451  49029451       000 147088353  23534136    0    0    0    0    0         1  7590005162801       20877197       20877197   510774420001  N  0                     2009162K1 01/09/2022
01 36867615  13513  C  EVERY N.D.BOL.BIO POWDER9                   3  49029451  49029451       000 147088353  23534136    0    0    0    0    0         1  7590005162832       20877197       20877197   510774420001  N  0                     2009084K1 01/09/2022
01 36867615  13512  C  EVERY N.D.BOL.BIO SPRING9                   3  49029451  49029451       000 147088353  23534136    0    0    0    0    0         1  7590005162825       20877197       20877197   510774420001  N  0                     2009206K1 01/09/2022
01 36867615  LP640  M  FERGANIC 40MG. X24CA                        2 234000000 234000000       000 468000000       000    0    0    0    0    0         1  7591955001257       20877197       20877197   510774420001  N  0                          0138 01/07/2022
01 36867615  FA017  M  FITEX 20MG. X2TA                            6  49072314  49072314       000 294433884       000    0    0    0    0    0         1  7591821904309       20877197       20877197   510774420001  N  0                       1908512 01/09/2021
01 36867615  KL170  M  FURFURIL APOS.SOL. 30GR.                    3 128700000 128700000       000 386100000       000    0    0    0    0    0         1  7591619122014       20877197       20877197   510774420001  N  0                          0107 01/03/2022
01 36867615  XS018  N  GOTAS VALERIANA XS 60ML.                    8  54600000  54600000       000 436800000       000    0    0    0    0    0         1  7594001450825       20877197       20877197   510774420001  N  0                      10082087 01/08/2023
01 36867615  XS018  N  GOTAS VALERIANA XS 60ML.                    4  54600000  54600000       000 218400000       000    0    0    0    0    0         1  7594001450825       20877197       20877197   510774420001  N  0                      14092038 01/09/2023
01 36867615  AP550  M  IBUTAN 600MG. X10TA                         3 155236743 155236743       000 465710229       000    0    0    0    0    0         1  7592601200536       20877197       20877197   510774420001  N  0                        034403 01/10/2024
01 36867615  MY010  M  IMAZOL CAPS.BL.VAG. 100 X6                  3 284375000 284375000       000 853125000       000    0    0    0    0    0         1  7592601100485       20877197       20877197   510774420001  N  0                        027306 01/06/2023
01 36867615  NP640  M  MACRODANTINA 50MG. X30CA                    2 311038293 311038293       000 622076586       000    0    0    0    0    0         1  7591821901858       20877197       20877197   510774420001  N  0                       2008110 01/10/2023
01 36867615  DP485  M  METRONIDAZOL DP 250 120CC.                  3 113258423 113258423       000 339775269       000    0    0    0    0    0         1  7592616383019       20877197       20877197   510774420001  N  0                         00975 01/09/2022
01 36867615  VP003  M  NYTAXIN 500MG. X6CA.BL.                     1 332108431 332108431       000 332108431       000    0    0    0    0    0         1  7592432018010       20877197       20877197   510774420001  N  0                        200240 01/09/2022
01 36867615  KL789  M  PLIDAN COMP.AMP. 1DOSIS                     2 117000000 117000000       000 234000000       000    0    0    0    0    0         1  7591619518367       20877197       20877197   510774420001  N  0                          0001 01/05/2021
01 36867615  OJ029  N  PROSTAPLANT HP CAPS. X60                    1 257400000 257400000       000 257400000       000    0    0    0    0    0         1  7592710000805       20877197       20877197   510774420001  N  0                       0472508 01/08/2023
01 36867615  LO550  M  QUINOTIC 0,30%S.OTICA 5ML                   4 121209225 121209225       000 484836900       000    0    0    0    0    0         1  7591196000620       20877197       20877197   510774420001  N  0                        080136 01/09/2022
01 36867615  11570  M  RAMIPRES 2,5MG. X30CO                       2 169000000 169000000       000 338000000       000    0    0    0    0    0         1  7591619520520       20877197       20877197   510774420001  N  0                          0003 01/01/2023
01 36867615  11571  M  RAMIPRES 5MG. X30CO                         2 195000000 195000000       000 390000000       000    0    0    0    0    0         1  7591619520537       20877197       20877197   510774420001  N  0                          0006 01/06/2023
01 36867615  GP830  M  RIDAL 1MG. X20CO                            2 169000000 169000000       000 338000000       000    0    0    0    0    0         1  7594000491669       20877197       20877197   510774420001  N  0                          0035 01/05/2023
01 36867615  CV220  C  SANALO CR. FACIAL 30GR.                     3  73190000  73190000       000 219570000  35131200    0    0    0    0    0         1  7591138073323       20877197       20877197   510774420001  N  0                        200472 01/10/2025
01 36867615  MY104  N  SEDIVAL TAB. X30                            2 243417613 243417613       000 486835226       000    0    0    0    0    0         1  7592601100836       20877197       20877197   510774420001  N  0                        060501 01/03/2022
01 36867615  AP001  M  SIGTIPHIN 200MG. X10CO                      2 236600000 236600000       000 473200000       000    0    0    0    0    0         1  7592601301639       20877197       20877197   510774420001  N  0                        036501 01/02/2022
01 36867615  EL295  M  TACHIPIRIN SUPOS. 125X6                     3  34685170  34685170       000 104055510       000    0    0    0    0    0         1  7591062011361       20877197       20877197   510774420001  N  0                        20016A 01/04/2025
01 36867615  LM100  C  ULTRASKIN PS CR. 60GR.                      2 283400000 283400000       000 566800000  90688000    0    0    0    0    0         1  7592025101013       20877197       20877197   510774420001  N  0                        190876 01/03/2023
01 36867615  GQ844  M  VALSARTAN ELTER80MG.X14TA                   3 221904800 233584000  35037600 665714400       000    0    0    5    0    0         1  7703763341078       20877197       20877197   510774420001  N  0                       3250054 01/08/2022
01 36867615  CH073  C  AMY COLONIA 200CC.                          2  81011472  81011472       000 162022944  25923671    0    0    0    0    0         2  7591061399996       20877197       20877197   510774420002  N  0                         58D04 01/12/2021
01 36867615  KA276  C  DRENE CH.LISO HYDRA 350CC                   2 125730094 125730094       000 251460188  40233630    0    0    0    0    0         2  7590005007041       20877197       20877197   510774420002  N  0                     2008084A1 01/08/2022
01 36867615  KA242  C  DRENE CR/PEIN HYD LISO 240                  2  81842388  81842388       000 163684776  26189564    0    0    0    0    0         2  7590005007317       20877197       20877197   510774420002  N  0                     2008286C1 01/08/2022
01 36867615  12619  C  EVERY N. GEL FIJ WINN100G                   6  30812215  30812215       000 184873290  29579726    0    0    0    0    0         2  7590005168179       20877197       20877197   510774420002  N  0                    2008247KD1 01/08/2022
01 36867615  12614  C  EVERY N. MEN GEL FRES350                    2 118719493 118719493       000 237438986  37990238    0    0    0    0    0         2  7590005168773       20877197       20877197   510774420002  N  0                     2004036FI 01/04/2022
01 36867615  11835  C  EVERY N.CH FTA RIZ.OND350                   3 111719681 111719681       000 335159043  53625447    0    0    0    0    0         2  7590005163150       20877197       20877197   510774420002  N  0                     PS2007277 01/07/2022
01 36867615  KA990  C  EVERY N.CR.HID. VIT E 350                   2 101331039 101331039       000 202662078  32425932    0    0    0    0    0         2  7590005166328       20877197       20877197   510774420002  N  0                     2008189F1 01/08/2022
01 36867615  KA280  C  EVERY N.D.BOL.BABY PINK90                   3  27668338  27668338       000  83005014  13280802    0    0    0    0    0         2  7590005134037       20877197       20877197   510774420002  N  0                     2008225K1 01/08/2022
01 36867615  11847  C  EVERY N.GEL FIJ.STRONG250                   6  53901552  53901552       000 323409312  51745490    0    0    0    0    0         2  7590005168230       20877197       20877197   510774420002  N  0                     2009004K1 01/09/2022
01 36867615  LO444  M  APIRET 180SOL.ORAL 120ML.                   6  83781437  83781437       000 502688622       000    0    0    0    0    0         3  7591196002785       20877197       20877197   510774420003  N  0                       I070960 01/10/2022
01 36867615  VA296  M  NOVACODIN 50MG. JBE.120ML                   2 150850164 150850164       000 301700328       000    0    0    0    0    0         3  7592349723229       20877197       20877197   510774420003  N  0                       2004009 01/04/2022
01 36867615  EL245  M  TANTUM TOP. BUCAL 240 CC.                   2 131075620 131075620       000 262151240       000    0    0    0    0    0         3  7591062011538       20877197       20877197   510774420003  N  0                        20032A 01/03/2022
02 36867615        171   17433632261    3576843570     572294971   21582770802    0    0    0  000    0    0    0   20/11/2020 01:17:58 p.m.   PR           000           000             0            48
