01 36861984  PO180  M  BACTRON SUSP. 100ML.                        6 157300000 157300000       000 943800000       000    0    0    0    0    0         1  7592806122015       20870232       20870232   510714400001  N  0                        008092 01/08/2025
01 36861984  JV004  M  CARIBAN 10MG-10MG X30CO                     4  50050000  50050000       000 200200000       000    0    0    0    0    0         1  7591585111050       20869811       20869811   510714400001  N  0                           028 01/08/2022
01 36861984  RZ130  M  DICLODEX 50MG. X10TA                       12  58335997  58335997       000 700031964       000    0    0    0    0    0         1  7594001101406       20870232       20870232   510714400001  N  0                          5581 01/07/2022
01 36861984  11802  M  LEVONORGES MC 0,75MG.X2TA                  12 113797060 113797060       0001365564720       000    0    0    0    0    0         1   614143659058       20869816       20869816   510714400001  N  0                        190320 01/03/2022
01 36861984  12147  M  LEVONORGESTREL MF1,5 X1TA                  12 149500000 149500000       0001794000000       000    0    0    0    0    0         1  7502214985935       20869816       20869816   510714400001  N  0                       9FH132A 01/06/2021
01 36861984  PB032  C  OVERSKIN 10% CR. 50GR.                      2 137855795 137855795       000 275711590  44113854    0    0    0    0    0         1  7591309900274       20870232       20870232   510714400001  N  0                      A2008279 01/08/2023
01 36861984  KL084  M  PLIDAN COMP.10-125  X10CO                   4 195000000 195000000       000 780000000       000    0    0    0    0    0         1  7591619518695       20869811       20869811   510714400001  N  0                          0005 01/06/2023
01 36861984  LT434  M  PULMOLET SUSP. P.NEB. 15CC.                 4 120692000 120692000       000 482768000       000    0    0    0    0    0         1  7591585117199       20869811       20869811   510714400001  N  0                           026 01/10/2022
01 36861984  FS510  N  VASELINA FSI 30GR.                          2  51350000  51350000       000 102700000       000    0    0    0    0    0         1  7592368001049       20870232       20870232   510714400001  N  0                       0920051 01/02/2022
01 36861984  PB089  C  OVERSKIN 40% CR. 50GR.                      2 166130324 166130324       000 332260648  53161704    0    0    0    0    0         2  7591309000622       20870232       20870232   510714400002  N  0                      A2010355 01/10/2023
01 36861984  LN200  C  POLIFIX POLVO 22GR.                         2  90632978  90632978       000 181265956  29002553    0    0    0    0    0         2  7592348227506       20869811       20869811   510714400002  N  0                       1903497 01/03/2024
02 36861984         62    6369064684     789238194     126278111    7284580989    0    0    0  000    0    0    0   11/11/2020 01:50:04 p.m.   PR           000           000             0            11
