01 36860148  13426  M  AZITROMICI DAC 200MGX15ML                   6  89700000  89700000       000 538200000       000    0    0    0    0    0         1  8906121690248       20867715       20867715   510696810001  N  0                          0039 01/01/2022
01 36860148  VO310  M  AZITROMICINA GENCER 500 X5                  3 155350000 155350000       000 466050000       000    0    0    0    0    0         1  7591020007597       20868364       20867715   510696810001  N  0                            62 01/08/2025
01 36860148  VO310  M  AZITROMICINA GENCER 500 X5                  6 155350000 155350000       000 932100000       000    0    0    0    0    0         1  7591020007597       20867715       20867715   510696810001  N  0                            62 01/08/2025
01 36860148  DP105  M  BACITRACINA DP UNG. 15GR.                   6  64063038  64063038       000 384378228       000    0    0    0    0    0         1  7592616021010       20868364       20868364   510696810001  N  0                         00553 01/07/2023
01 36860148  AO180  M  CALOXPIRINA 81MG. X30TA                     6 176150000 176150000       0001056900000       000    0    0    0    0    0         1  7591519008487       20867715       20867715   510696810001  N  0                         31503 01/09/2023
01 36860148  GN176  M  CARBAMAZEPINA GN 200X30CO                   3 157300000 157300000       000 471900000       000    0    0    0    0    0         1  7591585278265       20867715       20867715   510696810001  N  0                           302 01/09/2025
01 36860148  XS030  N  CITRATO POTASIO XS JBE120                   2  84825000  84825000       000 169650000       000    0    0    0    0    0         1  7594001450894       20868364       20868364   510696810001  N  0                      05082082 01/08/2022
01 36860148  CO265  M  CLORACE 500MG/4MG X10TA                     3  59105435  65672705  19701810 177316305       000    0    0   10    0    0         1  7591818116043       20868364       20868364   510696810001  N  0                         00376 01/09/2022
01 36860148  KN340  M  CURPINOL 6,25MG. X30CO                      2 169000000 169000000       000 338000000       000    0    0    0    0    0         1  7591955558218       20868364       20868364   510696810001  N  0                          0026 01/04/2023
01 36860148  CO018  M  KETOPROFENO CO100MG.X10TA                   6  86228282  95809202  57485520 517369692       000    0    0   10    0    0         1  7591818136058       20868364       20868364   510696810001  N  0                         00115 01/05/2024
01 36860148  11802  M  LEVONORGES MC 0,75MG.X2TA                   3 113797060 113797060       000 341391180       000    0    0    0    0    0         1   614143659058       20868364       20868364   510696810001  N  0                        190320 01/03/2022
01 36860148  11566  M  OLMESARTAN LS 20MG.X10CO                    3  88129600  92768000  13915200 264388800       000    0    0    5    0    0         1  7592454891219       20868364       20868364   510696810001  N  0                       3234152 01/10/2021
01 36860148  LT274  M  PROXIME 750MG. X5CO                         3 197340000 197340000       000 592020000       000    0    0    0    0    0         1  7591585119773       20868364       20868364   510696810001  N  0                           058 01/07/2024
01 36860148  LO690  M  RINOMAX SOL. NASAL 15ML.                    6 126955722 126955722       000 761734332       000    0    0    0    0    0         1  7591196000682       20868364       20868364   510696810001  N  0                       I109328 01/11/2021
01 36860148  11565  M  TIOCOLFEN 600-4 X10TA                       2 225433000 225433000       000 450866000       000    0    0    0    0    0         1  7592454891288       20868364       20868364   510696810001  N  0                       3253871 01/09/2022
01 36860148  BQ131  M  ACETAMINOFEN BQ120MG100ML                   6  68250000  68250000       000 409500000       000    0    0    0    0    0         2  7594000850855       20867715       20867715   510696810002  N  0                        201010 01/10/2022
01 36860148  GQ474  M  CEFADROXILO ELTER250 60ML                   3 163267000 163267000       000 489801000       000    0    0    0    0    0         2  7703763180318       20868364       20868364   510696810002  N  0                       3231848 01/07/2021
01 36860148  10824  M  REHIDROSOL FRESA  600ML                     2 137648456 137648456       000 275296912       000    0    0    0    0    0         2  7592637397415       20868364       20868364   510696810002  N  0                       2000108 01/09/2022
01 36860148  11584  M  REHIDROSOL UVA 600ML.                       2 101270000 101270000       000 202540000       000    0    0    0    0    0         2  7592637398443       20868364       20868364   510696810002  N  0                       2000063 01/05/2022
02 36860148         73    8839402449           000           000    8839402449    0    0    0  000    0    0    0   09/11/2020 02:39:34 p.m.   PR           000           000             0            18
