01 36863653  LR140  M  AMOXICILINA LF SUSP. 250MG.                 2 125903053 125903053       000 251806106       000    0    0    0    0    0         1  7594000020043       20872767       20872767   510736750001  N  0                         L2008 01/03/2023
01 36863653  QO320  M  ANALPER NAX CAPS. 250 X10                   6 106392000 106392000       000 638352000       000    0    0    0    0    0         1  7592454000789       20872767       20872767   510736750001  N  0                       3249990 01/07/2022
01 36863653  12164  M  ANTICONCEPTI BM3-0,03 X21                   1 234000000 234000000       000 234000000       000    0    0    0    0    0         1  6930169708360       20872767       20872767   510736750001  N  0                        190439 01/03/2022
01 36863653  PD565  M  BARGONIL UNG. 10GR.                         2  93600000 117000000  46800000 187200000       000    0    0   20    0    0         1  7591955000045       20872767       20872767   510736750001  N  0                          0084 01/05/2021
01 36863653  12079  M  DICLOFENAC S.AL75MG. X2A                    6  68886272  68886272       000 413317632       000    0    0    0    0    0         1       75971366       20872767       20872767   510736750001  N  0                        DG1938 01/05/2022
01 36863653  GB840  M  GLICERINA GC SUPOS.PED. X6                  4 122004329 122004329       000 488017316       000    0    0    0    0    0         1  7591136923873       20872778       20872778   510736750001  N  0                       2006131 01/06/2022
01 36863653  KV007  N  TERATOSIL MIEL JBE.120ML.                   2 117449166 117449166       000 234898332       000    0    0    0    0    0         1  7591821802551       20872778       20872778   510736750001  N  0                      2007498B 01/08/2023
01 36863653  12080  M  TIOCOLCHICOSIDO AL4MG.X2A                   3 186471706 186471706       000 559415118       000    0    0    0    0    0         1       75971359       20872778       20872778   510736750001  N  0                        DG1936 01/05/2022
01 36863653  11565  M  TIOCOLFEN 600-4 X10TA                       2 281788000 281788000       000 563576000       000    0    0    0    0    0         1  7592454891288       20872778       20872778   510736750001  N  0                       3253871 01/09/2022
01 36863653  12007  M  TIROXIN 100MCG. X50TA                       2 276906500 276906500       000 553813000       000    0    0    0    0    0         1  7707355054186       20872778       20872778   510736750001  N  0                      04530320 01/03/2022
01 36863653  12006  M  TIROXIN 50MCG. X50TA                        2 171873000 171873000       000 343746000       000    0    0    0    0    0         1  7707355054230       20872778       20872778   510736750001  N  0                      05100320 01/04/2022
01 36863653  12550  M  SUEROLITO SAB COCO 400ML                   22  97500000  97500000       0002145000000       000    0    0    0    0    0         2  7597767000013       20872767       20872767   510736750002  N  0                         219C2 01/09/2022
01 36863653  12551  M  SUEROLITO SAB FRESA 400ML                   2  97500000  97500000       000 195000000       000    0    0    0    0    0         2  7597767000020       20872767       20872767   510736750002  N  0                         810F3 01/10/2022
01 36863653  12552  M  SUEROLITO SAB UVA 400ML                     2  97500000  97500000       000 195000000       000    0    0    0    0    0         2  7597767000037       20872767       20872767   510736750002  N  0                         258U1 01/08/2022
01 36863653  MY300  M  TILODRIN 30MG.JBE. 120ML.                   2 152812169 152812169       000 305624338       000    0    0    0    0    0         2  7592601100546       20872778       20872778   510736750002  N  0                        006902 01/08/2022
01 36863653  12642  M  SOL. ISOTONICA 0,9% 500ML                   8  51597000  51597000       000 412776000       000    0    0    0    0    0         3  6034387234820       20872767       20872767   510736750003  N  0                        191284 01/11/2022
02 36863653         68    7721541842           000           000    7721541842    0    0    0  000    0    0    0   13/11/2020 01:43:23 p.m.   PR           000           000             0            16
