01 36873398  GM850  M  AC FOLICO MY GOTAS 15ML.                    3 205598007 205598007       000 616794021       000    0    0    0    0    0         1  7592601300779       20885467       20885467   510832820001  N  0                        054206 01/10/2022       USD        1.9770        5.9311  1039923.6000
01 36873398  MY019  M  ALANTAMIDA CREMA 20GR.                      1 408436363 408436363       000 408436363       000    0    0    0    0    0         1  7592601100645       20885467       20885467   510832820001  N  0                        906602 01/11/2022       USD        3.9275        3.9275  1039923.6000
01 36873398  EL010  M  ALBICAR 200MG. X6TA                         3 157264120 157264120       000 471792360       000    0    0    0    0    0         1  7591062010173       20885467       20885467   510832820001  N  0                        20139B 01/11/2023       USD        1.5122        4.5367  1039923.6000
01 36873398  LC810  M  ALIVET GRAN.AD.LIMON 6S.                    3 278278000 278278000       000 834834000       000    0    0    0    0    0         1  7591585116710       20885467       20885467   510832820001  N  0                           231 01/10/2022       USD        2.6759        8.0278  1039923.6000
01 36873398  LC424  M  ALIVETNOC FORTE GRAN.6SOB                   3 277992000 277992000       000 833976000       000    0    0    0    0    0         1  7591585116673       20885467       20885467   510832820001  N  0                           026 01/10/2022       USD        2.6731        8.0195  1039923.6000
01 36873398  KV004  M  ANTILAX 2MG. X10TA                          4 103086386 103086386       000 412345544       000    0    0    0    0    0         1  7591821102095       20885467       20885467   510832820001  N  0                       2009018 01/09/2022       USD        0.9912        3.9651  1039923.6000
01 36873398  MY030  M  ASCAFYL PLUS500-30-2 10TA                   3 219700000 219700000       000 659100000       000    0    0    0    0    0         1  7592601100676       20885467       20885467   510832820001  N  0                        030004 01/08/2022       USD        2.1126        6.3379  1039923.6000
01 36873398  GQ669  M  ATENOLOL ELTER 50X30                        4 142207000 142207000       000 568828000       000    0    0    0    0    0         1  7703763090341       20885467       20885467   510832820001  N  0                       3257271 01/10/2022       USD        1.3674        5.4699  1039923.6000
01 36873398  12193  M  AZITROMICINA AL200 22,5ML                   3 253603830 266951400  40042710 760811490       000    0    5    0    0    0         1  7597758000152       20885467       20885467   510832820001  N  0                         DL073 01/08/2022       USD        2.4386        7.3160  1039923.6000
01 36873398  12193  M  AZITROMICINA AL200 22,5ML                   1 253603830 266951400  13347570 253603830       000    0    5    0    0    0         1  7597758000152       20885467       20885467   510832820001  N  0                         DL073 01/08/2022       USD        2.4386        2.4386  1039923.6000
01 36873398  LN245  M  BENFLUX 30MG. X20TA                         2 217750003 217750003       000 435500006       000    0    0    0    0    0         1  7592348203104       20885467       20885467   510832820001  N  0                         41439 01/05/2022       USD        2.0939        4.1878  1039923.6000
01 36873398  XS004  N  BERRO XS JBE.120CC.                         2  91000000  91000000       000 182000000       000    0    0    0    0    0         1  7594001452348       20885467       20885467   510832820001  N  0                      05062001 01/06/2022       USD        0.8750        1.7501  1039923.6000
01 36873398  PA275  M  BETAGEN SOLSPEN 1ML.1AMP.                   4 286675808 286675808       0001146703232       000    0    0    0    0    0         1  7591243804409       20885568       20885568   510832820001  N  0                         91884 01/03/2022       USD        2.7567       11.0268  1039923.6000
01 36873398  VP534  M  CARVIX CAPS.BLANDAS X30                     2 308990484 308990484       000 617980968       000    0    0    0    0    0         1  7592432009728       20885467       20885467   510832820001  N  0                        200253 01/09/2023       USD        2.9712        5.9425  1039923.6000
01 36873398  CO460  M  CELAY 10MG. X10TA                           6  91787379  91787379       000 550724274       000    0    0    0    0    0         1  7591818116104       20885467       20885467   510832820001  N  0                         00407 01/10/2022       USD        0.8826        5.2958  1039923.6000
01 36873398  13531  A  CENTAB-BETA X30TA                           2 460102500 460102500       000 920205000       000    0    0    0    0    0         1  7597189000080       20885467       20885467   510832820001  N  0                        008067 01/08/2022       USD        4.4243        8.8487  1039923.6000
01 36873398  GQ019  M  CETIRIZINA ELTER10MG.10TA                   6 115284000 115284000       000 691704000       000    0    0    0    0    0         1  7592454138185       20885467       20885467   510832820001  N  0                       3249443 01/06/2022       USD        1.1085        6.6514  1039923.6000
01 36873398  LO120  M  CLARASOL SOL.OFT. 15ML.                     3 100264388 100264388       000 300793164       000    0    0    0    0    0         1  7591196000071       20885467       20885467   510832820001  N  0                       I050922 01/06/2023       USD        0.9641        2.8924  1039923.6000
01 36873398  FA210  M  CORAZEN TAB. 60 MG. X 20                    2 421200000 421200000       000 842400000       000    0    0    0    0    0         1  7591821900257       20885467       20885467   510832820001  N  0                       2010083 01/11/2023       USD        4.0502        8.1005  1039923.6000
01 36873398  11640  M  CYTRIAX 1GR.IV-IM. X1                       4 188180457 188180457       000 752721828       000    0    0    0    0    0         1       75971342       20885467       20885467   510832820001  N  0                         D1915 01/06/2022       USD        1.8095        7.2382  1039923.6000
01 36873398  NP002  M  FARMA D 1000UI X30TA                        3 273000000 273000000       000 819000000       000    0    0    0    0    0         1  7591821102101       20885467       20885467   510832820001  N  0                       2010908 01/10/2023       USD        2.6251        7.8755  1039923.6000
01 36873398  AY298  C  GASA ESTERIL KX 4X4 50-S X2                 110400000001040000000       0001040000000       000    0    0    0    0    0         1 10813333014173       20885568       20885568   510832820001  N  0                      20191009 01/11/2024       USD       10.0007       10.0007  1039923.6000
01 36873398  12427  M  IBUPROFENO BP 400MG X20TA                   6 252655000 252655000       0001515930000       000    0    0    0    0    0         1  7597285000113       20885467       20885467   510832820001  N  0                       IB20051 01/04/2023       USD        2.4295       14.5773  1039923.6000
01 36873398  GQ989  M  IBUPROFENO ELTER 800X10                     4 282568000 282568000       0001130272000       000    0    0    0    0    0         1  7592454153928       20885467       20885467   510832820001  N  0                       3255623 01/09/2022       USD        2.7171       10.8687  1039923.6000
01 36873398  11433  M  IBUVAXFEM 200-30 X10CA.BL                   3  82206904  91341004  27402300 246620712       000    0   10    0    0    0         1  7592432900322       20885467       20885467   510832820001  N  0                        200161 01/08/2022       USD        0.7905        2.3715  1039923.6000
01 36873398  VP784  M  ILANA 600MG.VAG. X1CA.BL                    3 231259447 231259447       000 693778341       000    0    0    0    0    0         1  7592432011523       20885467       20885467   510832820001  N  0                        200137 01/07/2023       USD        2.2238        6.6714  1039923.6000
01 36873398  12723  M  LAGRICOF SOL. OF X15ML                      6 145293118 145293118       000 871758708       000    0    0    0    0    0         1  7591818716861       20885467       20885467   510832820001  N  0                        209080 01/09/2023       USD        1.3971        8.3829  1039923.6000
01 36873398  11715  M  LEVOTIROXINA VP100MCG30TA                   2 343945099 343945099       000 687890198       000    0    0    0    0    0         1  7703153021696       20885467       20885467   510832820001  N  0                       1289939 01/03/2022       USD        3.3074        6.6148  1039923.6000
01 36873398  GQ042  M  LOSARTAN P.ELTER50MG.X30                    4 304200000 304200000       0001216800000       000    0    0    0    0    0         1  7592454889841       20885467       20885467   510832820001  N  0                       3253883 01/10/2022       USD        2.9252       11.7008  1039923.6000
01 36873398  13584  M  METRONIDAZOL 250MG 100SUS                   2 346381313 346381313       000 692762626       000    0    0    0    0    0         1  7598252101291       20885467       20885467   510832820001  N  0                        200573 01/05/2023       USD        3.3308        6.6616  1039923.6000
01 36873398  CO540  M  MIOVIT COMP.AMP.3ML. X3 KIT                 4 382584006 382584006       0001530336024       000    0    0    0    0    0         1  7591818026366       20885568       20885568   510832820001  N  0                         00261 01/07/2023       USD        3.6789       14.7158  1039923.6000
01 36873398  ED470  M  NEMODINE 30MG. X20CO                        2 516750000 516750000       0001033500000       000    0    0    0    0    0         1  7592803000798       20885552       20885552   510832820001  N  0                       2010449 01/10/2023       USD        4.9691        9.9382  1039923.6000
01 36873398  PG110  M  NINAZO GOTAS AD. 15ML.                     12  90420280  93216783  335580361085043360       000    0    3    0    0    0         1  7591821802957       20885552       20885552   510832820001  N  0                      2006022C 01/12/2021       USD        0.8694       10.4338  1039923.6000
01 36873398  12158  M  RANITIDINA BM50MG X10AMP                    1 227500000 227500000       000 227500000       000    0    0    0    0    0         1  6930169708124       20885552       20885552   510832820001  N  0                        190476 01/03/2022       USD        2.1876        2.1876  1039923.6000
01 36873398  KL864  M  RISPERID 3MG. X30CO                         1 559000000 559000000       000 559000000       000    0    0    0    0    0         1  7591619518572       20885552       20885552   510832820001  N  0                          0003 01/10/2023       USD        5.3753        5.3753  1039923.6000
01 36873398  PA096  M  TIOCOLCHICOSIDO 4MGX12 BT                   2 301204623 301204623       000 602409246       000    0    0    0    0    0         1  7591243850758       20885552       20885552   510832820001  N  0                       9233901 01/10/2023       USD        2.8964        5.7928  1039923.6000
01 36873398  NP310  M  VALPRON 500MG. X30TA                        2 897000000 897000000       0001794000000       000    0    0    0    0    0         1  7591821210172       20885552       20885552   510832820001  N  0                       2009112 01/09/2023       USD        8.6256       17.2512  1039923.6000
02 36873398        119   26967855295    1040000000           000   28007855295    0    0    0  000    0    0    0   02/12/2020 10:25:53 a.m.   PR           000           000             0            37           USD  1039923.6000      269.3300
