01 36870491  MY019  M  ALANTAMIDA CREMA 20GR.                      2 255272727 255272727       000 510545454       000    0    0    0    0    0         1  7592601100645       20881720       20881720   510806350001  N  0                        906602 01/11/2022       USD        2.7581        5.5163   925505.8900
01 36870491  GP220  M  DALTAZEN 60MG. X20CO                        3 143000000 143000000       000 429000000       000    0    0    0    0    0         1  7594000490303       20881720       20881720   510806350001  N  0                          0050 01/09/2022       USD        1.5451        4.6353   925505.8900
01 36870491  10372  M  GYNOMET 15%-4%CR.VAG.40GR                   2 419047200 419047200       000 838094400       000    0    0    0    0    0         1  7591585119131       20881720       20881720   510806350001  N  0                           043 01/10/2022       USD        4.5277        9.0555   925505.8900
01 36870491  GN869  M  METFORMINA GN 500MG.X30CO                   4 216580000 216580000       000 866320000       000    0    0    0    0    0         1  7591585174680       20881720       20881720   510806350001  N  0                           116 01/09/2022       USD        2.3401        9.3605   925505.8900
01 36870491  KN190  M  NEFROTAL 100MG. X14CO                       2 164450000 164450000       000 328900000       000    0    0    0    0    0         1  7591955558256       20881720       20881720   510806350001  N  0                          0014 01/09/2023       USD        1.7768        3.5537   925505.8900
01 36870491  12353  M  NEFROTAL 50MG-5MG X30CO                     4 239200000 239200000       000 956800000       000    0    0    0    0    0         1  7591619520834       20881720       20881720   510806350001  N  0                          0001 01/10/2021       USD        2.5845       10.3381   925505.8900
01 36870491  KN105  M  NEFROTAL H 100/25 X30CO                     2 269100000 269100000       000 538200000       000    0    0    0    0    0         1  7591955558263       20881720       20881720   510806350001  N  0                          0017 01/07/2023       USD        2.9075        5.8151   925505.8900
01 36870491  PD124  M  TRIDETARMON CR. 15GR.                       2 169000000 169000000       000 338000000       000    0    0    0    0    0         1  7591955000762       20881720       20881720   510806350001  N  0                          0078 01/09/2022       USD        1.8260        3.6520   925505.8900
01 36870491  LP690  M  FERGANIC GOTAS 15ML.                        2 156000000 156000000       000 312000000       000    0    0    0    0    0         2  7591955001271       20881720       20881720   510806350002  N  0                          0069 01/09/2021       USD        1.6855        3.3711   925505.8900
02 36870491         23    5117859854           000           000    5117859854    0    0    0  000    0    0    0   26/11/2020 01:45:52 p.m.   PR           000           000             0             9           USD   925505.8900       55.3000
