01 36886638  FS130  N  ACIDO BORICO FSI 20GR.X25                   119305000001930500000       0001930500000       000    0    0    0    0    0         1  7592368001094       20900410       20900410   510964270001  N  0                       0920047 01/10/2022       USD       18.1714       18.1714  1062380.4800
01 36886638  12826  M  ALBENDAZOL PX 400MG X10ML                   4 138928270 138928270       000 555713080       000    0    0    0    0    0         1  7594001100294       20899788       20899788   510964270001  N  0                          5698 01/10/2022       USD        1.3077        5.2308  1062380.4800
01 36886638  AL120  C  ALGODON ALVE 10 GR.                        12  37693110  37693110       000 452317320  72370771    0    0    0    0    0         1  7591442000046       20901176       20901176   510964270001  N  0                       JUN2020 01/06/2025       USD        0.3547        4.2575  1062380.4800
01 36886638  AL200  C  ALGODON ALVE MB X50                         2  91046150  91046150       000 182092300  29134768    0    0    0    0    0         1  7591442000107       20901176       20901176   510964270001  N  0                    23MAR2001G 01/03/2025       USD        0.8570        1.7140  1062380.4800
01 36886638  LR140  M  AMOXICILINA LF SUSP. 250MG.                 2 214056037 214056037       000 428112074       000    0    0    0    0    0         1  7594000020043       20901176       20901176   510964270001  N  0                         L2009 01/03/2023       USD        2.0148        4.0297  1062380.4800
01 36886638  VM469  M  CANDER 8MG. X30TA                           2 390000000 390000000       000 780000000       000    0    0    0    0    0         1  7591020008297       20899788       20899788   510964270001  N  0                           137 01/09/2024       USD        3.6710        7.3420  1062380.4800
01 36886638  VM025  M  CANDER HCT 16/12,5 X30TAB                   2 702000000 702000000       0001404000000       000    0    0    0    0    0         1  7591020080620       20899788       20899788   510964270001  N  0                            33 01/09/2022       USD        6.6078       13.2156  1062380.4800
01 36886638  MY039  M  CETRAL SOL.ORAL 60ML.                      12 219206285 219206285       0002630475420       000    0    0    0    0    0         1  7592601100928       20901285       20901285   510964270001  N  0                        031202 01/07/2022       USD        2.0633       24.7602  1062380.4800
01 36886638  PD475  M  CLONIPRES 0,150MG. X20CO                    3 260000000 260000000       000 780000000       000    0    0    0    0    0         1  7591955000182       20900410       20900410   510964270001  N  0                          0014 01/10/2022       USD        2.4473        7.3420  1062380.4800
01 36886638  VM364  M  COLVAL AMP. 2 CC. X 2                       3 350551582 350551582       0001051654746       000    0    0    0    0    0         1  7591020007818       20901285       20901285   510964270001  N  0                           161 01/11/2025       USD        3.2996        9.8990  1062380.4800
01 36886638  MK953  M  DOL PLUS 20BLIS. X4TAB.                     115856100001585610000       0001585610000       000    0    0    0    0    0         1  7591519006599       20901285       20901285   510964270001  N  0                         31394 01/08/2023       USD       14.9250       14.9250  1062380.4800
01 36886638  ED244  M  DOMPESIN 10MG. X30CO                        1 463125000 463125000       000 463125000       000    0    0    0    0    0         1  7592803002112       20901176       20901176   510964270001  N  0                       2009427 01/11/2022       USD        4.3593        4.3593  1062380.4800
01 36886638  VC450  M  FUGOLIN CR.VAG. 50GR.                       4 476125000 476125000       0001904500000       000    0    0    0    0    0         1  7592782000307       20901176       20901176   510964270001  N  0                       20B0001 01/11/2022       USD        4.4816       17.9267  1062380.4800
01 36886638  12990  C  GEL ANT. CON ALOE V 130ML                   2  89258779  89258779       000 178517558  28562809    0    0    0    0    0         1  7593434000805       20901285       20901285   510964270001  N  0                     209320012 01/03/2023       USD        0.8401        1.6803  1062380.4800
01 36886638  12328  M  GENTAPLUS 0.3% 10ML                         3 117000000 117000000       000 351000000       000    0    0    0    0    0         1  8904030802042       20900410       20900410   510964270001  N  0                        190710 01/07/2022       USD        1.1013        3.3039  1062380.4800
01 36886638  11419  M  LETISAN SOL.ORAL 90ML.                      2 242665800 242665800       000 485331600       000    0    0    0    0    0         1  7591585614889       20900410       20900410   510964270001  N  0                           494 01/10/2023       USD        2.2841        4.5683  1062380.4800
01 36886638  11802  M  LEVONORGES MC 0,75MG.X2TA                   4 255129104 274332370  768130641020516416       000    0    0    7    0    0         1   614143659058       20901357       20901357   510964270001  N  0                        190320 01/03/2022       USD        2.4014        9.6059  1062380.4800
01 36886638  DP485  M  METRONIDAZOL DP 250 120CC.                  6 204248803 217285961  782229481225492818       000    0    0    6    0    0         1  7592616383019       20900410       20900410   510964270001  N  0                         00975 01/09/2022       USD        1.9225       11.5353  1062380.4800
01 36886638  LO414  M  NAS SOL.GOTAS AD. 15ML.                     3 121800567 121800567       000 365401701       000    0    0    0    0    0         1  7591196003140       20901357       20901357   510964270001  N  0                        090800 01/10/2022       USD        1.1464        3.4394  1062380.4800
01 36886638  12080  M  TIOCOLCHICOSIDO AL4MG.X2A                   3 255333042 255333042       000 765999126       000    0    0    0    0    0         1       75971359       20901285       20900410   510964270001  N  0                        DG1936 01/05/2022       USD        2.4034        7.2102  1062380.4800
01 36886638  12080  M  TIOCOLCHICOSIDO AL4MG.X2A                   4 255333042 255333042       0001021332168       000    0    0    0    0    0         1       75971359       20900410       20900410   510964270001  N  0                        DG1936 01/05/2022       USD        2.4034        9.6136  1062380.4800
02 36886638         76   18748764149     812927178     130068348   19691759675    0    0    0  000    0    0    0   21/12/2020 02:37:38 p.m.   PR           000           000             0            20           USD  1062380.4800      184.1300
