01 36886301  QO270  M  ANALPER FORTE TAB. 650X10                   6 106925000 106925000       000 641550000       000    0    0    0    0    0         1  7592454000802       20901285       20901285   510964290001  N  0                       3249978 01/09/2022       USD        1.0064        6.0387  1062380.4800
01 36886301  PD565  M  BARGONIL UNG. 10GR.                         2 239200000 299000000 119600000 478400000       000    0    0   20    0    0         1  7591955000045       20900410       20900410   510964290001  N  0                          0091 01/08/2021       USD        2.2515        4.5030  1062380.4800
01 36886301  MO180  M  BENZODIAZOL TM LIM.MIEL X16                 2 249659092 249659092       000 499318184       000    0    0    0    0    0         1  7592601301516       20900410       20900410   510964290001  N  0                        034902 01/11/2023       USD        2.3499        4.6999  1062380.4800
01 36886301  GQ954  M  BETAHISTINA ELTER 16MG. X20                 1 601445000 601445000       000 601445000       000    0    0    0    0    0         1  7592454002400       20899788       20899788   510964290001  N  0                       3247999 01/06/2022       USD        5.6612        5.6612  1062380.4800
01 36886301  12078  M  CLAUSY SUSP.ORAL X10 5ML.                   114040000001404000000       0001404000000       000    0    0    0    0    0         1  8936187370020       20901357       20900410   510964290001  N  0                         10320 01/03/2022       USD       13.2156       13.2156  1062380.4800
01 36886301  12078  M  CLAUSY SUSP.ORAL X10 5ML.                   114040000001404000000       0001404000000       000    0    0    0    0    0         1  8936187370020       20900410       20900410   510964290001  N  0                         10320 01/03/2022       USD       13.2156       13.2156  1062380.4800
01 36886301  VM209  M  DUROVAL 50MG. X3TA                         12 140400000 140400000       0001684800000       000    0    0    0    0    0         1  7591020005029       20901285       20901285   510964290001  N  0                           616 01/11/2025       USD        1.3215       15.8587  1062380.4800
01 36886301  MK694  M  FINASTERIDE +MK 5MG. X30                    2 998400000 998400000       0001996800000       000    0    0    0    0    0         1  7591519050820       20900410       20900410   510964290001  N  0                         31477 01/09/2023       USD        9.3977       18.7955  1062380.4800
01 36886301  VC215  M  FUGOLIN CR. 20 GR.                          3 238062500 238062500       000 714187500       000    0    0    0    0    0         1  7592782000130       20901176       20901176   510964290001  N  0                       2090021 01/10/2022       USD        2.2408        6.7225  1062380.4800
01 36886301  12823  M  LEVOFLOXACINA 500MGX100TA                   124960000002496000000       0002496000000       000    0    0    0    0    0         1  6921875009643       20901285       20901285   510964290001  N  0                       1908410 01/08/2022       USD       23.4944       23.4944  1062380.4800
01 36886301  12147  M  LEVONORGESTREL MF1,5 X1TA                   4 325000000 325000000       0001300000000       000    0    0    0    0    0         1  7502214985935       20901357       20901357   510964290001  N  0                       9FH132A 01/06/2021       USD        3.0591       12.2366  1062380.4800
01 36886301  11271  M  STAMYL FORTE X10TA                          1 585000000 585000000       000 585000000       000    0    0    0    0    0         1  7591821802827       20901285       20901285   510964290001  N  0                       2010108 01/10/2022       USD        5.5065        5.5065  1062380.4800
01 36886301  11601  C  BARR DER.BIOS P.SECA 90                     2 107640000 107640000       000 215280000  34444800    0    0    0    0    0         2  7595481000241       20899788       20899788   510964290002  N  0                        201001 01/10/2024       USD        1.0131        2.0263  1062380.4800
01 36886301  11591  C  BARR DER.CLINE LAVANDA80                    2  84302503  84302503       000 168605006  26976801    0    0    0    0    0         2  7595481001279       20899788       20899788   510964290002  N  0                        191201 01/12/2023       USD        0.7935        1.5870  1062380.4800
01 36886301  11590  C  BARR DER.CLINE NEUTRA80                     2 103155000 103155000       000 206310000  33009600    0    0    0    0    0         2  7595481001255       20899788       20899788   510964290002  N  0                        201001 01/10/2024       USD        0.9709        1.9419  1062380.4800
01 36886301  RQ013  C  GEL CHICHI ANTB 100G                        6  73551455  73551455       000 441308730  70609397    0    0    0    0    0         2  7596097003565       20900410       20900410   510964290002  N  0                   01020872409 01/05/2025       USD        0.6923        4.1539  1062380.4800
01 36886301  SQ130  C  LUBRIX GEL 120CC.                           2 219648000 219648000       000 439296000  70287360    0    0    0    0    0         2  7592904000024       20900410       20900410   510964290002  N  0                           023 01/10/2023       USD        2.0675        4.1350  1062380.4800
01 36886301  BQ131  M  ACETAMINOFEN BQ120MG100ML                   6 121875000 121875000       000 731250000       000    0    0    0    0    0         3  7594000850855       20901176       20901176   510964290003  N  0                        201012 01/10/2022       USD        1.1471        6.8831  1062380.4800
01 36886301  LO444  M  APIRET 180SOL.ORAL 120ML.                   6 256730295 256730295       0001540381770       000    0    0    0    0    0         3  7591196002785       20900410       20900410   510964290003  N  0                       I100019 01/10/2022       USD        2.4165       14.4993  1062380.4800
01 36886301  LN255  M  BROMEXINA LN 8MG.JBE120ML                   2 227145100 227145100       000 454290200       000    0    0    0    0    0         3  7592348204002       20899788       20899788   510964290003  N  0                         41462 01/11/2023       USD        2.1380        4.2761  1062380.4800
01 36886301  NQ110  N  GLUCOSAMINE+CHONDROX30VAL                   1 741000000 741000000       000 741000000       000    0    0    0    0    0         3   714439705503       20901357       20901357   510964290003  N  0                        321020 01/10/2024       USD        6.9749        6.9749  1062380.4800
02 36886301         65   17272422654    1470799736     235327958   18978550348    0    0    0  000    0    0    0   21/12/2020 11:10:41 a.m.   PR           000           000             0            20           USD  1062380.4800      176.4300
