01 36889324  PO180  M  BACTRON SUSP. 100ML.                        6 314600000 314600000       0001887600000       000    0    0    0    0    0         1  7592806122015       20903626       20903626   510995030001  N  0                        808092 01/08/2025       USD        2.9582       17.7495  1063464.9000
01 36889324  12125  M  CLINDAMICINA BES600 X10A                    115823600001582360000       0001582360000       000    0    0    0    0    0         1 17709315171534       20903626       20903626   510995030001  N  0                         19192 01/08/2021       USD       14.8792       14.8792  1063464.9000
01 36889324  PB120  M  DENCORUB CREM 40 GR                         2 193042980 193042980       000 386085960       000    0    0    0    0    0         1  7591309010409       20903626       20903626   510995030001  N  0                       2011018 01/11/2022       USD        1.8152        3.6304  1063464.9000
01 36889324  12621  C  EVERY N. GEL FIJ STRON100                   2  73460271  73460271       000 146920542  23507287    0    0    0    0    0         1  7590005168193       20903626       20903626   510995030001  N  0                     PS2011135 01/11/2022       USD        0.6907        1.3815  1063464.9000
01 36889324  13510  C  EVERY N.D.BOL.BIO BABY P.                   3 102452774 102452774       000 307358322  49177332    0    0    0    0    0         1  7590005162801       20903626       20903626   510995030001  N  0                     PS2012043 01/12/2022       USD        0.9633        2.8901  1063464.9000
01 36889324  13513  C  EVERY N.D.BOL.BIO POWDER9                   3 102452774 102452774       000 307358322  49177332    0    0    0    0    0         1  7590005162832       20903626       20903626   510995030001  N  0                     2009084K1 01/09/2022       USD        0.9633        2.8901  1063464.9000
01 36889324  13512  C  EVERY N.D.BOL.BIO SPRING9                   3 102452774 102452774       000 307358322  49177332    0    0    0    0    0         1  7590005162825       20903626       20903626   510995030001  N  0                       2011005 01/10/2022       USD        0.9633        2.8901  1063464.9000
01 36889324  GQ114  M  FLUDIL 10MG. X20TA                          3 380185000 380185000       0001140555000       000    0    0    0    0    0         1  7592454345057       20903626       20903626   510995030001  N  0                       3257296 01/11/2023       USD        3.5749       10.7248  1063464.9000
01 36889324  GQ964  M  IRBESARTAN ELTER150 X10TA                   4 358735000 358735000       0001434940000       000    0    0    0    0    0         1  7592454002547       20903689       20903689   510995030001  N  0                       3253459 01/11/2022       USD        3.3732       13.4930  1063464.9000
01 36889324  12508  C  MUM DERMIS D BOL 60GR                       4 180875691 180875691       000 723502764 115760442    0    0    0    0    0         1       75070335       20903689       20903689   510995030001  N  0                           108 01/01/2033       USD        1.7008        6.8032  1063464.9000
01 36889324  12752  M  NACUA 40MG X12CO                            2 141700000 141700000       000 283400000       000    0    0    0    0    0         1  7592806133295       20903689       20903689   510995030001  N  0                        907047 01/07/2024       USD        1.3324        2.6648  1063464.9000
01 36889324  12579  M  PENICILINA KMP 2.400.00UI                   4 101400000 101400000       000 405600000       000    0    0    0    0    0         1  6921875010779       20903689       20903689   510995030001  N  0                       2004424 01/04/2023       USD        0.9534        3.8139  1063464.9000
01 36889324  12619  C  EVERY N. GEL FIJ WINN100G                   2  73460271  73460271       000 146920542  23507287    0    0    0    0    0         2  7590005168179       20903626       20903626   510995030002  N  0                     PS2011131 01/11/2022       USD        0.6907        1.3815  1063464.9000
01 36889324  11390  C  EVERY N.CH DA?ADO200                        2 134674433 134674433       000 269348866  43095819    0    0    0    0    0         2  7590005226114       20903626       20903626   510995030002  N  0                       2011041 01/11/2022       USD        1.2663        2.5327  1063464.9000
01 36889324  11845  C  EVERY N.GEL FIJ.FRESH250                    2 127585792 127585792       000 255171584  40827453    0    0    0    0    0         2  7590005168223       20903626       20903626   510995030002  N  0                       2011104 01/11/2022       USD        1.1997        2.3994  1063464.9000
01 36889324  11843  C  EVERY N.GEL FIJ.WINNER250                   2 127585792 127585792       000 255171584  40827453    0    0    0    0    0         2  7590005168216       20903626       20903626   510995030002  N  0                       2011182 01/11/2022       USD        1.1997        2.3994  1063464.9000
01 36889324  DT530  C  PASTA AL AGUA DT 100GR                      3 144404923 144404923       000 433214769       000    0    0    0    0    0         3  7591616000988       20903689       20903689   510995030003  N  0                        988067 01/07/2023       USD        1.3578        4.0736  1063464.9000
02 36889324         48    7120540960    3152325617     435057736   10707924313    0    0    0  000    0    0    0   23/12/2020 04:56:41 p.m.   PR           000           000             0            17           USD  1063464.9000       96.6000
