01 36886267  GQ739  M  ACETAMINOFEN ELTER 650 X10                 12  73190000  73190000       000 878280000       000    0    0    0    0    0         1  7592454001243       20901285       20899788   510964280001  N  0                       3256656 01/10/2022       USD        0.6889        8.2670  1062380.4800
01 36886267  GQ739  M  ACETAMINOFEN ELTER 650 X10                 12  73190000  73190000       000 878280000       000    0    0    0    0    0         1  7592454001243       20899788       20899788   510964280001  N  0                       3256656 01/10/2022       USD        0.6889        8.2670  1062380.4800
01 36886267  LO104  M  AIRON 5MG. X10TAB.MAST.                     2 182480864 182480864       000 364961728       000    0    0    0    0    0         1  7591196002549       20901357       20901357   510964280001  N  0                       I030862 01/04/2022       USD        1.7176        3.4353  1062380.4800
01 36886267  LC309  M  ALIVET 4DIAS 8COM.D-4COM.NO                 3 277924400 286520000  25786800 833773200       000    0    3    0    0    0         1  7591585116000       20899788       20899788   510964280001  N  0                           335 01/08/2022       USD        2.6160        7.8481  1062380.4800
01 36886267  LC309  M  ALIVET 4DIAS 8COM.D-4COM.NO                 1 277924400 286520000   8595600 277924400       000    0    3    0    0    0         1  7591585116000       20899788       20899788   510964280001  N  0                           335 01/08/2022       USD        2.6160        2.6160  1062380.4800
01 36886267  GN629  M  AZITROMICINA GN 500 X 5                     6 332945613 343242900  617837221997673678       000    0    0    3    0    0         1  7591585279460       20900410       20900410   510964280001  N  0                           315 01/10/2022       USD        3.1339       18.8037  1062380.4800
01 36886267  PA054  M  BETADERM PLUS CREMA 15GR.                   6 303794570 303794570       0001822767420       000    0    0    0    0    0         1  7591243804164       20900410       20900410   510964280001  N  0                       9220402 01/09/2022       USD        2.8595       17.1573  1062380.4800
01 36886267  11624  M  BISOPROLOL AL2,5MG. X30TA                   2 449987091 449987091       000 899974182       000    0    0    0    0    0         1  7597758000114       20900410       20900410   510964280001  N  0                         DL083 01/11/2022       USD        4.2356        8.4712  1062380.4800
01 36886267  VP990  M  CEVAX 500MG. X30CA.BLA                      2 409790943 409790943       000 819581886       000    0    0    0    0    0         1  7592432007649       20901285       20901285   510964280001  N  0                        200259 01/09/2022       USD        3.8572        7.7145  1062380.4800
01 36886267  LO120  M  CLARASOL SOL.OFT. 15ML.                     6 121875000 121875000       000 731250000       000    0    0    0    0    0         1  7591196000071       20901357       20901357   510964280001  N  0                       I050922 01/06/2023       USD        1.1471        6.8831  1062380.4800
01 36886267  PB015  C  DENCORUB ICE GEL 40GR.                      3 113092850 113092850       000 339278550  54284568    0    0    0    0    0         1  7591309001049       20900410       20900410   510964280001  N  0                      A2010340 01/10/2023       USD        1.0645        3.1935  1062380.4800
01 36886267  LT055  M  DIKLASON AP 100MG. X20CO                    3 265720000 265720000       000 797160000       000    0    0    0    0    0         1  7591585217523       20901285       20901285   510964280001  N  0                          0271 01/09/2022       USD        2.5011        7.5035  1062380.4800
01 36886267  FA019  M  FITEX  5MG. X30TA                           2 456840911 456840911       000 913681822       000    0    0    0    0    0         1  7591821904316       20900410       20900410   510964280001  N  0                       2006361 01/07/2022       USD        4.3001        8.6003  1062380.4800
01 36886267  FA017  M  FITEX 20MG. X2TA                           12 114511558 114511558       0001374138696       000    0    0    0    0    0         1  7591821904309       20901285       20901285   510964280001  N  0                       1908512 01/09/2021       USD        1.0778       12.9345  1062380.4800
01 36886267  10829  M  FLUCON 200MG. X4CA                          3 325000000 325000000       000 975000000       000    0    0    0    0    0         1  7591955558331       20901285       20901285   510964280001  N  0                          0008 01/05/2022       USD        3.0591        9.1775  1062380.4800
01 36886267  10829  M  FLUCON 200MG. X4CA                          3 292500000 325000000  97500000 877500000       000    0    0   10    0    0         1  7591955558331       20900410       20900410   510964280001  N  0                          0008 01/05/2022       USD        2.7532        8.2597  1062380.4800
01 36886267  MG154  M  GENESA COMPR. 3/30 X21                      2 851052800 851052800       0001702105600       000    0    0    0    0    0         1  7591585116598       20900410       20900410   510964280001  N  0                      LF20011B 01/03/2022       USD        8.0108       16.0216  1062380.4800
01 36886267  13125  M  LEVOFLOXACINA BM 500X10TA                   4 300300000 300300000       0001201200000       000    0    0    0    0    0         1  6972718560050       20900410       20900410   510964280001  N  0                        191246 01/11/2022       USD        2.8266       11.3066  1062380.4800
01 36886267  LO419  M  NAS SOL.NASAL PED.15ML.                     3 121800567 121800567       000 365401701       000    0    0    0    0    0         1  7591196003027       20901357       20901357   510964280001  N  0                        090799 01/10/2022       USD        1.1464        3.4394  1062380.4800
01 36886267  PG110  M  NINAZO GOTAS AD. 15ML.                     24 145012591 149497516 1076382003480302184       000    0    0    3    0    0         1  7591821802957       20900410       20900410   510964280001  N  0                       2009009 01/03/2022       USD        1.3649       32.7594  1062380.4800
01 36886267  EL017  M  OFAFLAN GOTAS PED. 30ML.                    3 228176650 228176650       000 684529950       000    0    0    0    0    0         1  7591062900894       20900410       20900410   510964280001  N  0                        20052A 01/05/2022       USD        2.1477        6.4433  1062380.4800
01 36886267  11565  M  TIOCOLFEN 600-4 X10TA                       2 556075000 556075000       0001112150000       000    0    0    0    0    0         1  7592454891288       20900410       20900410   510964280001  N  0                       3253871 01/09/2022       USD        5.2342       10.4684  1062380.4800
02 36886267        116   22987636447     339278550      54284568   23381199565    0    0    0  000    0    0    0   21/12/2020 11:08:15 a.m.   PR           000           000             0            21           USD  1062380.4800      219.5700
