01 36889761  PF204  M  ATAMEL FORTE 650MG. X10TA                   6 154096125 158861985  28595160 924576750       000    0    0    3    0    0         1  7591257000552       20905240       20905240   511000790001  N  0                     926132051 01/10/2022       USD        1.4847        8.9085  1037851.2500
01 36889761  VO109  M  ATORVASTATINA GENCER 20 X20                 4 390000000 390000000       0001560000000       000    0    0    0    0    0         1  7591020080453       20904083       20904083   511000790001  N  0                            49 01/11/2022       USD        3.7577       15.0310  1037851.2500
01 36889761  13583  M  AZITROMICINA 200MG SUSP15                   4 352603732 352603732       0001410414928       000    0    0    0    0    0         1  7598252101109       20905240       20905240   511000790001  N  0                        200570 01/05/2023       USD        3.3974       13.5897  1037851.2500
01 36889761  CO460  M  CELAY 10MG. X10TA                           4 208179496 208179496       000 832717984       000    0    0    0    0    0         1  7591818116104       20904218       20904218   511000790001  N  0                         00407 01/10/2022       USD        2.0058        8.0234  1037851.2500
01 36889761  MY113  M  CETRAL 10MG. X10TA                          6 135591517 135591517       000 813549102       000    0    0    0    0    0         1  7592601100690       20905240       20905240   511000790001  N  0                        025805 01/05/2022       USD        1.3064        7.8387  1037851.2500
01 36889761  LO149  M  CORTYNASE SUSP.NASAL 140D.                  2 396211881 396211881       000 792423762       000    0    0    0    0    0         1  7591196004604       20904218       20904218   511000790001  N  0                        050587 01/05/2022       USD        3.8176        7.6352  1037851.2500
01 36889761  12208  M  DAYFLU NOC 500-2  X5CBL                     6  51380146  51380146       000 308280876       000    0    0    0    0    0         1  7592432901404       20905145       20905145   511000790001  N  0                        200185 01/08/2022       USD        0.4950        2.9703  1037851.2500
01 36889761  11191  M  DIGLET 1000UI X30CO.DISPE                   2 301644200 301644200       000 603288400       000    0    0    0    0    0         1  7591585119186       20904437       20904437   511000790001  N  0                           013 01/10/2022       USD        2.9064        5.8128  1037851.2500
01 36889761  BQ190  M  FERCOR COMP. CAPS. X30                      2 296562500 296562500       000 593125000       000    0    0    0    0    0         1  7594000850206       20904218       20904218   511000790001  N  0                        201108 01/11/2022       USD        2.8574        5.7149  1037851.2500
01 36889761  MK117  M  FLAVOXATO +MK 200MG.X10TA                   1 711360000 711360000       000 711360000       000    0    0    0    0    0         1  7591519009330       20905145       20905145   511000790001  N  0                         31251 01/04/2022       USD        6.8541        6.8541  1037851.2500
01 36889761  11499  M  FULGRAM 875MG-125MG X16CO                   2 731718000 731718000       0001463436000       000    0    0    0    0    0         1  7591585213198       20905240       20905240   511000790001  N  0                           588 01/10/2022       USD        7.0503       14.1006  1037851.2500
01 36889761  11442  M  KETOPROFENO PX 100 X10TA                    6 170720940 170720940       0001024325640       000    0    0    0    0    0         1  7594001101178       20905145       20905145   511000790001  N  0                          5701 01/10/2025       USD        1.6449        9.8696  1037851.2500
01 36889761  GQ769  M  LOSARTAN H ETR 50/12,5X15                   3 301730000 301730000       000 905190000       000    0    0    0    0    0         1  7703763190270       20905240       20905240   511000790001  N  0                       3253702 01/09/2022       USD        2.9072        8.7217  1037851.2500
01 36889761  12750  M  METSIGLIN 500/50 X10CO                      1 400400000 400400000       000 400400000       000    0    0    0    0    0         1  7592806134131       20904218       20904218   511000790001  N  0                        006068 01/06/2022       USD        3.8579        3.8579  1037851.2500
01 36889761  11622  M  OLMESARTAN AL40MG. X30TA                    1 796199420 796199420       000 796199420       000    0    0    0    0    0         1  7597758000329       20905145       20905145   511000790001  N  0                         DL080 01/11/2022       USD        7.6716        7.6716  1037851.2500
01 36889761  11568  M  OLMESARTAN LS 40MG.X10CO                    2 331890000 331890000       000 663780000       000    0    0    0    0    0         1  7592454891226       20905145       20905145   511000790001  N  0                       3248084 01/06/2022       USD        3.1978        6.3957  1037851.2500
01 36889761  PA051  M  PROPRANOLOL PA 10MG.X20TA                   3 241458320 241458320       000 724374960       000    0    0    0    0    0         1  7591243843064       20905240       20905240   511000790001  N  0                       9200701 01/09/2023       USD        2.3265        6.9795  1037851.2500
01 36889761  AP002  M  SIGTIPHIN 200MG. X20CO                      2 455455000 455455000       000 910910000       000    0    0    0    0    0         1  7592601301646       20905145       20905145   511000790001  N  0                        036502 01/02/2022       USD        4.3884        8.7768  1037851.2500
01 36889761  KV199  M  TERAGRIP FORTE NOC X6 SOB.                  6 271188643 279575921  503236681627131858       000    0    0    3    0    0         1  7591821801882       20905145       20905145   511000790001  N  0                       2007578 01/09/2022       USD        2.6129       15.6778  1037851.2500
01 36889761  LP255  M  TOLNAFTAN CR. 30 GR.                        2 208000000 208000000       000 416000000       000    0    0    0    0    0         1  7591955001639       20904218       20904218   511000790001  N  0                          0041 01/09/2024       USD        2.0041        4.0082  1037851.2500
02 36889761         65   17481484680           000           000   17481484680    0    0    0  000    0    0    0   28/12/2020 11:50:08 a.m.   PR           000           000             0            20           USD  1037851.2500      168.4400
