01 36884096  GQ954  M  BETAHISTINA ELTER 16MG. X20                 3 601445000 601445000       0001804335000       000    0    0    0    0    0         1  7592454002400       20897852       20897852   510944670001  N  0                       3247999 01/06/2022       USD        5.5925       16.7776  1075442.1600
01 36884096  ZA102  M  EVIGAX 125MG. X10CA.BLA                     4 187280407 208089341  83235736 749121628       000    0    0   10    0    0         1  7592432900032       20898057       20898057   510944670001  N  0                        200271 01/10/2023       USD        1.7414        6.9657  1075442.1600
01 36884096  MK859  M  IBUPROFENO +MK 600 X10TA                    3 320320000 320320000       000 960960000       000    0    0    0    0    0         1  7591519007107       20897852       20897852   510944670001  N  0                         31574 01/11/2023       USD        2.9784        8.9354  1075442.1600
01 36884096  QM340  M  LEPRIT 25MG. X30TA                          2 365625000 365625000       000 731250000       000    0    0    0    0    0         1  7703763363063       20897852       20897852   510944670001  N  0                       3257419 01/11/2022       USD        3.3997        6.7995  1075442.1600
01 36884096  LT023  M  LONGACEF 400MG. X5CA                        114248000001424800000       0001424800000       000    0    0    0    0    0         1  7591585112224       20897852       20897852   510944670001  N  0                           036 01/10/2022       USD       13.2485       13.2485  1075442.1600
01 36884096  LT434  M  PULMOLET SUSP. P.NEB. 15CC.                 3 230887800 230887800       000 692663400       000    0    0    0    0    0         1  7591585117199       20897852       20897852   510944670001  N  0                           026 01/10/2022       USD        2.1469        6.4407  1075442.1600
01 36884096  12087  M  SULTAMICILINA DAC750 10TA                   211661000001166100000       0002332200000       000    0    0    0    0    0         1  8906121690040       20897852       20897852   510944670001  N  0                          V120 01/06/2022       USD       10.8429       21.6859  1075442.1600
01 36884096  ED224  M  TALERC 10MG. GOTAS 15ML.                    3  95468750  95468750       000 286406250       000    0    0    0    0    0         1  7592803001825       20897852       20897852   510944670001  N  0                       2001309 01/01/2023       USD        0.8877        2.6631  1075442.1600
01 36884096  ED119  M  TALERC 10MG. X10CO                          6  70078125  93437500 140156250 420468750       000    0   25    0    0    0         1  7592803001832       20897852       20897852   510944670001  N  0                       2008421 01/09/2022       USD        0.6516        3.9097  1075442.1600
01 36884096  EL775  M  TALZIC SOL.GOTAS 20ML.                      3 162016790 162016790       000 486050370       000    0    0    0    0    0         1  7591062016670       20897852       20897852   510944670001  N  0                        20061A 01/06/2022       USD        1.5065        4.5195  1075442.1600
01 36884096  FS370  N  VIOLETA GENCIANA FSI 30 X6                  1 482625000 482625000       000 482625000       000    0    0    0    0    0         1  7592368000844       20897852       20897852   510944670001  N  0                       1120020 01/11/2022       USD        4.4876        4.4876  1075442.1600
01 36884096  12086  M  VIT E VP 400MG. X15CA.BLA                   3 129116412 133109703  11979873 387349236       000    0    0    3    0    0         1  7592432901428       20897852       20897852   510944670001  N  0                        200106 01/05/2023       USD        1.2005        3.6017  1075442.1600
01 36884096  ZP007  M  REFLUXYL SUSP.ORAL 120ML.                   1 732736104 732736104       000 732736104       000    0    0    0    0    0         2  7591651722937       20897852       20897852   510944670002  N  0                       2011087 01/11/2022       USD        6.8133        6.8133  1075442.1600
01 36884096  FS018  N  SOLUCION NEBULI 0,9%120ML                   6  96525000  96525000       000 579150000       000    0    0    0    0    0         2  7592368003319       20897852       20897852   510944670002  N  0                       0920063 01/03/2022       USD        0.8975        5.3852  1075442.1600
01 36884096  ED219  M  TALERC 1MG.SOL.ORAL 120ML                   6  51187500  68250000 102375000 307125000       000    0   25    0    0    0         2  7592803001818       20897852       20897852   510944670002  N  0                       1910280 01/10/2021       USD        0.4759        2.8558  1075442.1600
02 36884096         47   12377240738           000           000   12377240738    0    0    0  000    0    0    0   17/12/2020 10:33:31 a.m.   PR           000           000             0            15           USD  1075442.1600      115.0900
