01 36895312  12586  M  ACICLOVIR KMPLUS 200MGX10                   6 136500000 136500000       000 819000000       000    0    0    0    0    0         1  6921875010748       20911178       20911178   511053150001  N  0                       2004421 01/04/2023       USD        1.1617        6.9702  1174992.6100
01 36895312  LI240  N  ACUBISINA POLVO 15GR.                       2 193050000 193050000       000 386100000       000    0    0    0    0    0         1  7592306000011       20911178       20911178   511053150001  N  0                       20AP01A 01/09/2023       USD        1.6429        3.2859  1174992.6100
01 36895312  13426  M  AZITROMICI DAC 200MGX15ML                   4 224250000 224250000       000 897000000       000    0    0    0    0    0         1  8906121690248       20911275       20911275   511053150001  N  0                          0039 01/01/2022       USD        1.9085        7.6340  1174992.6100
01 36895312  14026  M  AZITROMICINA 500MGX3 TAB                    1 188760000 188760000       000 188760000       000    0    0    0    0    0         1  6921875011035       20910217       20910217   511053150001  N  0                       2006419 01/06/2023       USD        1.6064        1.6064  1174992.6100
01 36895312  GN629  M  AZITROMICINA GN 500 X 5                     6 343242900 343242900       0002059457400       000    0    0    0    0    0         1  7591585279460       20911275       20911275   511053150001  N  0                           315 01/10/2022       USD        2.9212       17.5274  1174992.6100
01 36895312  GN629  M  AZITROMICINA GN 500 X 5                     8 332945613 343242900  823782962663564904       000    0    0    3    0    0         1  7591585279460       20910217       20910217   511053150001  N  0                           315 01/10/2022       USD        2.8335       22.6687  1174992.6100
01 36895312  12144  M  CEFIXIMA BM100MG.PPSO60ML                   2 364000000 364000000       000 728000000       000    0    0    0    0    0         1  6930169708087       20911275       20911275   511053150001  N  0                        190448 01/03/2022       USD        3.0978        6.1957  1174992.6100
01 36895312  CO003  M  CELAY SOL.ORAL. 100ML.                      4 352185235 414335570 2486013401408740940       000    0    0   15    0    0         1  7591818215050       20910217       20910217   511053150001  N  0                         00225 01/05/2022       USD        2.9973       11.9893  1174992.6100
01 36895312  11599  M  DESLER 5MG. X10TA                           3 220155000 220155000       000 660465000       000    0    0    0    0    0         1  7592454891325       20911178       20911178   511053150001  N  0                       3244638 01/03/2022       USD        1.8736        5.6210  1174992.6100
01 36895312  ZA102  M  EVIGAX 125MG. X10CA.BLA                     3 356317741 356317741       0001068953223       000    0    0    0    0    0         1  7592432900032       20910217       20910217   511053150001  N  0                        200271 01/10/2023       USD        3.0325        9.0975  1174992.6100
01 36895312  MO008  M  LECART SOL.ORAL 60ML.                       3 185489195 185489195       000 556467585       000    0    0    0    0    0         1  7592601301523       20910217       20910217   511053150001  N  0                        035102 01/09/2022       USD        1.5786        4.7359  1174992.6100
01 36895312  LT210  M  LONGACEF 100MG.PPSO 60ML.                   211339900001133990000       0002267980000       000    0    0    0    0    0         1  7591585116208       20911275       20911275   511053150001  N  0                           494 01/06/2022       USD        9.6510       19.3020  1174992.6100
01 36895312  13584  M  METRONIDAZOL 250MG 100SUS                   4 346381313 346381313       0001385525252       000    0    0    0    0    0         1  7598252101291       20911178       20911178   511053150001  N  0                        200573 01/05/2023       USD        2.9479       11.7917  1174992.6100
01 36895312  LO414  M  NAS SOL.GOTAS AD. 15ML.                     6 121800567 121800567       000 730803402       000    0    0    0    0    0         1  7591196003140       20911178       20911178   511053150001  N  0                        090800 01/10/2022       USD        1.0366        6.2196  1174992.6100
01 36895312  LC180  M  NASIN 0,5MG.SO.NASAL 15ML                   4 180960000 180960000       000 723840000       000    0    0    0    0    0         1  7591585110930       20911178       20911178   511053150001  N  0                           172 01/11/2024       USD        1.5400        6.1603  1174992.6100
01 36895312  CV220  C  SANALO CR. FACIAL 30GR.                     4 172640000 172640000       000 690560000 110489600    0    0    0    0    0         1  7591138073323       20911178       20911178   511053150001  N  0                        200472 01/10/2025       USD        1.4692        5.8771  1174992.6100
01 36895312  13849  M  SECNIDAZOL  500 MG X6 TAB                   4 214500000 214500000       000 858000000       000    0    0    0    0    0         1  8906121690217       20911178       20911178   511053150001  N  0                          V112 01/12/2022       USD        1.8255        7.3021  1174992.6100
01 36895312  EH210  M  SECNIDAZOL VP 1GR. X2TA                     3 215280000 215280000       000 645840000       000    0    0    0    0    0         1  7703153019914       20910217       20910217   511053150001  N  0                       1302565 01/06/2023       USD        1.8321        5.4965  1174992.6100
01 36895312  EL230  M  TANTUM COMPR. 50MG. X20                     2 335728510 335728510       000 671457020       000    0    0    0    0    0         1  7591062011392       20911178       20911178   511053150001  N  0                        20120A 01/10/2024       USD        2.8572        5.7145  1174992.6100
01 36895312  KV760  M  TERAGRIP JBE.PED. 120ML.                    2 269123093 269123093       000 538246186       000    0    0    0    0    0         1  7591821101692       20911275       20911275   511053150001  N  0                       2003846 01/03/2022       USD        2.2904        4.5808  1174992.6100
02 36895312         73   19258200912     690560000     110489600   20059250512    0    0    0  000    0    0    0   06/01/2021 10:02:27 a.m.   PR           000           000             0            20           USD  1174992.6100      169.7800
