01 36890175  LR140  M  AMOXICILINA LF SUSP. 250MG.                 3 310045190 310045190       000 930135570       000    0    0    0    0    0         1  7594000020043       20904083       20904083   511000780001  N  0                         L2008 01/03/2023       USD        2.9873        8.9621  1037851.2500
01 36890175  11808  M  APIRET 180SOL.ORAL 60ML.                   12 152316044 152316044       0001827792528       000    0    0    0    0    0         1  7591196007155       20905240       20905240   511000780001  N  0                       I060925 01/07/2022       USD        1.4676       17.6113  1037851.2500
01 36890175  MO011  M  ASCAFYL SC GOTAS PED.15ML                   6 205598007 205598007       0001233588042       000    0    0    0    0    0         1  7592601301776       20905145       20905145   511000780001  N  0                        937902 01/11/2021       USD        1.9809       11.8859  1037851.2500
01 36890175  VO111  M  ATORVASTATINA GENCER 40 X20                 2 577200000 577200000       0001154400000       000    0    0    0    0    0         1  7591020008884       20904083       20904083   511000780001  N  0                            75 01/11/2025       USD        5.5614       11.1229  1037851.2500
01 36890175  VC310  M  BEVINDAZOL400 SUSP.10ML                     6 145437500 145437500       000 872625000       000    0    0    0    0    0         1  7592782000055       20904083       20904083   511000780001  N  0                      20A0004R 01/10/2022       USD        1.4013        8.4079  1037851.2500
01 36890175  12561  C  BRIUTCARE AD TRANS X12UND                   111481600001148160000       0001148160000 183705600    0    0    0    0    0         1   796029455289       20904437       20904437   511000780001  N  0                       SH19229 01/10/2024       USD       11.0628       11.0628  1037851.2500
01 36890175  GQ224  M  CETIRIZINA ELTER JBE. 60CC.                 6 239590000 239590000       0001437540000       000    0    0    0    0    0         1  7592454138239       20905240       20904218   511000780001  N  0                       3256025 01/10/2023       USD        2.3085       13.8511  1037851.2500
01 36890175  GQ224  M  CETIRIZINA ELTER JBE. 60CC.                 6 239590000 239590000       0001437540000       000    0    0    0    0    0         1  7592454138239       20904218       20904218   511000780001  N  0                       3256025 01/10/2023       USD        2.3085       13.8511  1037851.2500
01 36890175  12151  M  CIPROFLOXACI BM200 100ML.                   4 100100000 100100000       000 400400000       000    0    0    0    0    0         1  6930169708179       20905240       20905240   511000780001  N  0                        190467 01/03/2022       USD        0.9644        3.8579  1037851.2500
01 36890175  GQ794  M  DESLORATADINA ELTER JBE.60                  6 256620000 256620000       0001539720000       000    0    0    0    0    0         1  7703763393053       20905240       20905240   511000780001  N  0                       3247593 01/06/2022       USD        2.4726       14.8356  1037851.2500
01 36890175  PB560  C  DIOXOGEN C.BICAR. BOL.90                    4 201096090 201096090       000 804384360 128701498    0    0    0    0    0         1  7591309000219       20904218       20904218   511000780001  N  0                      A2006181 01/06/2023       USD        1.9376        7.7504  1037851.2500
01 36890175  PB185  C  DIOXOGEN ORIG. D.BOL. 90GR.                 4 201096090 201096090       000 804384360 128701498    0    0    0    0    0         1  7591309000042       20904218       20904218   511000780001  N  0                      A2010366 01/10/2023       USD        1.9376        7.7504  1037851.2500
01 36890175  13510  C  EVERY N.D.BOL.BIO BABY P.                   2 102452774 102452774       000 204905548  32784888    0    0    0    0    0         1  7590005162801       20904218       20904218   511000780001  N  0                     PS2012043 01/12/2022       USD        0.9871        1.9743  1037851.2500
01 36890175  13511  C  EVERY N.D.BOL.BIO NATUREL                   2 102452774 102452774       000 204905548  32784888    0    0    0    0    0         1  7590005162818       20904218       20904218   511000780001  N  0                     2009275K1 01/09/2022       USD        0.9871        1.9743  1037851.2500
01 36890175  13513  C  EVERY N.D.BOL.BIO POWDER9                   2 102452774 102452774       000 204905548  32784888    0    0    0    0    0         1  7590005162832       20904218       20904218   511000780001  N  0                     2009084K1 01/09/2022       USD        0.9871        1.9743  1037851.2500
01 36890175  13512  C  EVERY N.D.BOL.BIO SPRING9                   2 102452774 102452774       000 204905548  32784888    0    0    0    0    0         1  7590005162825       20904218       20904218   511000780001  N  0                       2011005 01/10/2022       USD        0.9871        1.9743  1037851.2500
01 36890175  KN400  M  FERGANIC FOLIC GOTAS 30ML.                  1 325000000 325000000       000 325000000       000    0    0    0    0    0         1  7591955003077       20905145       20905145   511000780001  N  0                          0066 01/05/2022       USD        3.1314        3.1314  1037851.2500
01 36890175  CH459  C  FRIENDS P.DIARIOS S.F X40                   4 101532981 101532981       000 406131924  64981108    0    0    0    0    0         1  7591353701490       20904218       20904218   511000780001  N  0                      01118212 01/11/2022       USD        0.9782        3.9131  1037851.2500
01 36890175  EL615  M  KLAS JBE. 60 CC.                            3 237862170 237862170       000 713586510       000    0    0    0    0    0         1  7591062011828       20905145       20905145   511000780001  N  0                        20057A 01/08/2022       USD        2.2918        6.8756  1037851.2500
01 36890175  10735  M  LANCERAN JBE. 90ML.                         6 130000000 130000000       000 780000000       000    0    0    0    0    0         1  7594000850954       20904218       20904218   511000780001  N  0                        200902 01/09/2022       USD        1.2525        7.5155  1037851.2500
01 36890175  LP250  M  TOLNAFTAN SOL. 15 CC.                       2 221000000 221000000       000 442000000       000    0    0    0    0    0         1  7591955001622       20904218       20904218   511000780001  N  0                          0030 01/07/2023       USD        2.1293        4.2587  1037851.2500
02 36890175         84   13094327650    3982682836     637229254   17714239740    0    0    0  000    0    0    0   28/12/2020 03:21:01 p.m.   PR           000           000             0            20           USD  1037851.2500      164.5400
