01 36895291  12827  M  ALBENDAZOL PX 200MG X2TA                    6  99913060  99913060       000 599478360       000    0    0    0    0    0         1  7594001100263       20911178       20911178   511053160001  N  0                          5686 01/04/2022       USD        0.8503        5.1019  1174992.6100
01 36895291  12641  M  CIPROFLOXACINA DAC 500X10                   4 224250000 224250000       000 897000000       000    0    0    0    0    0         1  8906121690057       20911178       20911178   511053160001  N  0                          9170 01/10/2022       USD        1.9085        7.6340  1174992.6100
01 36895291  VM214  M  DUROVAL 50MG. X1TA                          8  54600000  54600000       000 436800000       000    0    0    0    0    0         1  7591020005012       20911275       20911275   511053160001  N  0                           612 01/08/2025       USD        0.4646        3.7174  1174992.6100
01 36895291  LT046  M  GENLET 200MG. X20CO                         1 695760000 695760000       000 695760000       000    0    0    0    0    0         1  7591585110183       20911178       20911178   511053160001  N  0                           042 01/06/2022       USD        5.9213        5.9213  1174992.6100
01 36895291  LN165  M  MADECASSOL 2% POLVO 5GR.                    3 514492410 514492410       0001543477230       000    0    0    0    0    0         1  7592348218108       20911178       20911178   511053160001  N  0                       2011026 01/11/2025       USD        4.3786       13.1360  1174992.6100
01 36895291  VM415  M  NACLODIN 0,150MG. X20TA                     4 186871280 192650804  23118096 747485120       000    0    0    3    0    0         1  7591020001441       20910217       20910217   511053160001  N  0                           156 01/07/2023       USD        1.5904        6.3616  1174992.6100
01 36895291  LO419  M  NAS SOL.NASAL PED.15ML.                     6 121800567 121800567       000 730803402       000    0    0    0    0    0         1  7591196003027       20911178       20911178   511053160001  N  0                        090799 01/10/2022       USD        1.0366        6.2196  1174992.6100
01 36895291  11279  N  SENOKOT C.DOCUSATO X10TA                    2 310032038 310032038       000 620064076       000    0    0    0    0    0         1  7591821210295       20911178       20911178   511053160001  N  0                       2009115 01/10/2022       USD        2.6385        5.2771  1174992.6100
01 36895291  AP001  M  SIGTIPHIN 200MG. X10CO                      3 260260000 260260000       000 780780000       000    0    0    0    0    0         1  7592601301639       20910217       20910217   511053160001  N  0                        036501 01/02/2022       USD        2.2149        6.6449  1174992.6100
01 36895291  EL394  M  TACHIFORTE 650MG. X10TA                     4 131903590 131903590       000 527614360       000    0    0    0    0    0         1  7591062017295       20911275       20911275   511053160001  N  0                        20100B 01/09/2025       USD        1.1225        4.4903  1174992.6100
01 36895291  CV210  C  SANALO JABON A.B. 85GR.                     4 132080000 132080000       000 528320000  84531200    0    0    0    0    0         2  7591138073552       20911178       20911178   511053160002  N  0                        201202 01/12/2023       USD        1.1240        4.4963  1174992.6100
01 36895291  RN100  C  GERDEX SOL. 240 CC.                         4  91702801  91702801       000 366811204  58689793    0    0    0    0    0         3  7591838000025       20911178       20911178   511053160003  N  0                       A230092 01/11/2023       USD        0.7804        3.1218  1174992.6100
01 36895291  EL167  M  PEREBRON JBE.AD.FRANB120                    3 219914630 219914630       000 659743890       000    0    0    0    0    0         3  7591062011217       20911178       20911178   511053160003  N  0                        20065A 01/06/2022       USD        1.8716        5.6148  1174992.6100
01 36895291  EL245  M  TANTUM TOP. BUCAL 240 CC.                   2 212997850 212997850       000 425995700       000    0    0    0    0    0         3  7591062011538       20911178       20911178   511053160003  N  0                        20137A 01/11/2022       USD        1.8127        3.6255  1174992.6100
01 36895291  10581  C  TOALLAS HUM. MIMADITO X48                   4 169162291 169162291       000 676649164 108263866    0    0    0    0    0         3  7591248212209       20911275       20911275   511053160003  N  0                    2322031039 01/08/2022       USD        1.4396        5.7587  1174992.6100
02 36895291         58    8665002138    1571780368     251484859   10488267365    0    0    0  000    0    0    0   06/01/2021 09:51:11 a.m.   PR           000           000             0            15           USD  1174992.6100       87.1200
