01 36899331  VM730  M  AMOXIVAL 500MG. X12CA                       3 424374911 424374911       0001273124733       000    0    0    0    0    0         1  7591020000710       20915115       20915115   511094570001  N  0                           102 01/08/2023       USD        3.2206        9.6620  1317659.5800
01 36899331  KL115  M  BACITRACINA KL UNG. 15GR.                   6 273000000 273000000       0001638000000       000    0    0    0    0    0         1  7591619505015       20915115       20915115   511094570001  N  0                          0169 01/09/2022       USD        2.0718       12.4311  1317659.5800
01 36899331  13463  M  CANDEXIL PLUS 16/12,5MX28                   2 764400000 764400000       0001528800000       000    0    0    0    0    0         1  8699525014344       20914612       20914612   511094570001  N  0                       A067877 01/03/2021       USD        5.8011       11.6023  1317659.5800
01 36899331  VM199  M  CARBAMAZEPINA GENCER 200X20                 3 327600000 327600000       000 982800000       000    0    0    0    0    0         1  7591020003179       20914354       20914354   511094570001  N  0                           125 01/10/2025       USD        2.4862        7.4586  1317659.5800
01 36899331  12036  M  DICLOFENAC S.AL50MG.X20TA                   3 176071488 176071488       000 528214464       000    0    0    0    0    0         1  7597758000527       20914354       20914354   511094570001  N  0                         DL060 01/07/2022       USD        1.3362        4.0087  1317659.5800
01 36899331  11489  N  MAGALEX 100MG. X30CA                        1 328699563 328699563       000 328699563  52591930    0    0    0    0    0         1  7591821210059       20914354       20914354   511094570001  N  0                       2010024 01/10/2022       USD        2.4945        2.4945  1317659.5800
01 36899331  SA520  M  MESIGYNA INSTAYECT 1ML.                     2 850047380 850047380       0001700094760       000    0    0    0    0    0         1  7501303443318       20915115       20915115   511094570001  N  0                       XB30LAH 01/04/2022       USD        6.4511       12.9023  1317659.5800
01 36899331  LT274  M  PROXIME 750MG. X5CO                         2 564281250 564281250       0001128562500       000    0    0    0    0    0         1  7591585119773       20915115       20915115   511094570001  N  0                           057 01/06/2024       USD        4.2824        8.5649  1317659.5800
01 36899331  RQ016  C  COLONIA CHICHI BABY 200CC                   2 165449450 165449450       000 330898900  52943824    0    0    0    0    0         2  7596097006740       20915115       20915115   511094570002  N  0                   00520871220 01/08/2025       USD        1.2556        2.5112  1317659.5800
01 36899331  10250  C  COLONIA CHICHI RENE 200CC                   3 145367425 145367425       000 436102275  69776364    0    0    0    0    0         2  7596097001608       20915115       20915115   511094570002  N  0                   01220871204 01/07/2025       USD        1.1032        3.3096  1317659.5800
01 36899331  KA141  C  DERMOX LO.CORP. A.EDAD350                   2 271509048 271509048       000 543018096  86882895    0    0    0    0    0         2  7590005183196       20914354       20914354   511094570002  N  0                       2012035 01/12/2022       USD        2.0605        4.1210  1317659.5800
01 36899331  11837  C  DRENE CH. A.CASPA SECO350                   2 370518343 370518343       000 741036686 118565870    0    0    0    0    0         2  7590005007171       20914354       20914354   511094570002  N  0                       2011254 01/11/2022       USD        2.8119        5.6238  1317659.5800
01 36899331  KA276  C  DRENE CH.LISO HYDRA 350CC                   2 301946233 301946233       000 603892466  96622795    0    0    0    0    0         2  7590005007041       20914354       20914354   511094570002  N  0                       2010193 01/10/2022       USD        2.2915        4.5830  1317659.5800
01 36899331  10536  C  PROT LAB.FRESA NEVADA4GR                    3 136224782 136224782       000 408674346  65387895    0    0    0    0    0         2  7591635910251       20914354       20914354   511094570002  N  0                       0200620 01/10/2022       USD        1.0338        3.1015  1317659.5800
01 36899331  BQ001  M  AMBROXOL BQ. 15MG.120ML.                    4 284375000 284375000       0001137500000       000    0    0    0    0    0         3  7594000850909       20914354       20914354   511094570003  N  0                        200906 01/09/2022       USD        2.1581        8.6327  1317659.5800
01 36899331  CO110  M  MUCOBROL 4MG. JBE.120ML.                    2 369079021 369079021       000 738158042       000    0    0    0    0    0         3  7591818112021       20914354       20914354   511094570003  N  0                         00132 01/03/2022       USD        2.8010        5.6020  1317659.5800
01 36899331  11260  M  PEDIACORT SOL.PED. 60ML.                    3 438652000 438652000       0001315956000       000    0    0    0    0    0         3  7591196006097       20915115       20915115   511094570003  N  0                        030699 01/04/2023       USD        3.3290        9.9870  1317659.5800
01 36899331  QG120  N  PULMOSAN JBE. 120ML.                        3 429000000 429000000       0001287000000       000    0    0    0    0    0         3  7592946012504       20915115       20915115   511094570003  N  0                        010920 01/09/2022       USD        3.2557        9.7673  1317659.5800
02 36899331         48   13586910062    3063622769     542771573   17193304404    0    0    0  000    0    0    0   11/01/2021 02:12:58 p.m.   PR           000           000             0            18           USD  1317659.5800      126.3600
