01 36894752  PA275  M  BETAGEN SOLSPEN 1ML.1AMP.                   2 316959932 326762817  19605770 633919864       000    0    0    3    0    0         1  7591243804409       20909366       20909366   511043380001  N  0                         91881 01/03/2022       USD        2.8432        5.6865  1114769.0900
01 36894752  GT230  M  BLOKIUM COMPR. 100MG. X30                   2 304538000 304538000       000 609076000       000    0    0    0    0    0         1  7591585260055       20909366       20909366   511043380001  N  0                           223 01/08/2025       USD        2.7318        5.4636  1114769.0900
01 36894752  VM214  M  DUROVAL 50MG. X1TA                         12  52962000  54600000  19656000 635544000       000    0    0    3    0    0         1  7591020005012       20909366       20909366   511043380001  N  0                           612 01/08/2025       USD        0.4750        5.7011  1114769.0900
01 36894752  12948  M  ENALAPRIL 10MG X100TA                       1 570180000 570180000       000 570180000       000    0    0    0    0    0         1 07469106377394       20909366       20909366   511043380001  N  0                           K36 01/04/2023       USD        5.1147        5.1147  1114769.0900
01 36894752  GN146  M  ENALAPRIL GN 20MG. X30CO                    4 230636900 237770000  28532400 922547600       000    0    0    3    0    0         1  7591585378538       20909366       20909366   511043380001  N  0                           414 01/09/2023       USD        2.0689        8.2756  1114769.0900
01 36894752  LO810  M  FISIOLIN GOTAS PED. 15ML.                   4 103794612 103794612       000 415178448       000    0    0    0    0    0         1  7591196002198       20909366       20909366   511043380001  N  0                       I020849 01/03/2023       USD        0.9310        3.7243  1114769.0900
01 36894752  KL170  M  FURFURIL APOS.SOL. 30GR.                    2 312000000 312000000       000 624000000       000    0    0    0    0    0         1  7591619122014       20909366       20909366   511043380001  N  0                          0108 01/03/2022       USD        2.7987        5.5975  1114769.0900
01 36894752  CO430  M  BENCIDAMINA CO T.BUCAL120                   2 135869989 159847046  47954114 271739978       000    0    0   15    0    0         2  7591818139004       20909366       20909366   511043380002  N  0                         00154 01/04/2024       USD        1.2188        2.4376  1114769.0900
01 36894752  CO220  M  BROMEXINA CO JBE. 4MG 100CC                 2 162637005 191337653  57401296 325274010       000    0    0   15    0    0         2  7591818132029       20909366       20909366   511043380002  N  0                         00365 01/09/2022       USD        1.4589        2.9178  1114769.0900
01 36894752  LN255  M  BROMEXINA LN 8MG.JBE120ML                   2 227145100 227145100       000 454290200       000    0    0    0    0    0         2  7592348204002       20909366       20909366   511043380002  N  0                         41462 01/11/2023       USD        2.0375        4.0751  1114769.0900
01 36894752  LX103  M  CARNISIN 1G.S.ORAL S/A180                   2 554920600 554920600       0001109841200       000    0    0    0    0    0         2  7591585112323       20909366       20909366   511043380002  N  0                           049 01/11/2022       USD        4.9778        9.9557  1114769.0900
02 36894752         35    6571591300           000           000    6571591300    0    0    0  000    0    0    0   05/01/2021 02:43:51 p.m.   PR           000           000             0            11           USD  1114769.0900       58.9500
