01 36897109  EL010  M  ALBICAR 200MG. X6TA                         2 157264120 157264120       000 314528240       000    0    0    0    0    0         1  7591062010173       20912359       20912359   511070270001  N  0                        20139B 01/11/2023       USD        1.2773        2.5546  1231206.1100
01 36897109  PF204  M  ATAMEL FORTE 650MG. X10TA                   4 206520581 206520581       000 826082324       000    0    0    0    0    0         1  7591257000552       20912359       20912359   511070270001  N  0                     926132051 01/10/2022       USD        1.6773        6.7095  1231206.1100
01 36897109  12137  M  ATENOLOL BM100MG. X100TA                    1 655200000 655200000       000 655200000       000    0    0    0    0    0         1  6930169708063       20912359       20912359   511070270001  N  0                        190446 01/03/2022       USD        5.3216        5.3216  1231206.1100
01 36897109  GQ664  M  ATENOLOL ELTER 100X30                       2 299000000 299000000       000 598000000       000    0    0    0    0    0         1  7703763090358       20912359       20912359   511070270001  N  0                       3257269 01/11/2022       USD        2.4285        4.8570  1231206.1100
01 36897109  13426  M  AZITROMICI DAC 200MGX15ML                   4 276575000 276575000       0001106300000       000    0    0    0    0    0         1  8906121690248       20912359       20912359   511070270001  N  0                          0039 01/01/2022       USD        2.2463        8.9854  1231206.1100
01 36897109  VC310  M  BEVINDAZOL400 SUSP.10ML                     4 145437500 145437500       000 581750000       000    0    0    0    0    0         1  7592782000055       20912359       20912359   511070270001  N  0                      20A0004R 01/10/2022       USD        1.1812        4.7250  1231206.1100
01 36897109  FA022  M  BONAMES 150MG. X1TA                         2 405756111 405756111       000 811512222       000    0    0    0    0    0         1  7591821903326       20912359       20912359   511070270001  N  0                       1911265 01/11/2023       USD        3.2955        6.5911  1231206.1100
01 36897109  12503  M  BRAL 500MG X100TA                           112534027901253402790       0001253402790       000    0    0    0    0    0         1  7591243807127       20912359       20912359   511070270001  N  0                       9172002 01/10/2021       USD       10.1802       10.1802  1231206.1100
01 36897109  12144  M  CEFIXIMA BM100MG.PPSO60ML                   4 364000000 364000000       0001456000000       000    0    0    0    0    0         1  6930169708087       20912359       20912359   511070270001  N  0                        190448 01/03/2022       USD        2.9564       11.8258  1231206.1100
01 36897109  CO003  M  CELAY SOL.ORAL. 100ML.                      4 352185235 414335570 2486013401408740940       000    0    0   15    0    0         1  7591818215050       20912359       20912359   511070270001  N  0                         00225 01/05/2022       USD        2.8604       11.4419  1231206.1100
01 36897109  MY113  M  CETRAL 10MG. X10TA                          4 135591517 135591517       000 542366068       000    0    0    0    0    0         1  7592601100690       20912359       20912359   511070270001  N  0                        025805 01/05/2022       USD        1.1012        4.4051  1231206.1100
01 36897109  VP299  M  CUTICLIN 10MG. X30CA                        1 453720349 453720349       000 453720349       000    0    0    0    0    0         1  7592432005508       20912359       20912359   511070270001  N  0                        200150 01/07/2023       USD        3.6851        3.6851  1231206.1100
01 36897109  GQ794  M  DESLORATADINA ELTER JBE.60                  6 256620000 256620000       0001539720000       000    0    0    0    0    0         1  7703763393053       20912359       20912359   511070270001  N  0                       3247593 01/06/2022       USD        2.0842       12.5057  1231206.1100
01 36897109  AY298  C  GASA ESTERIL KX 4X4 50-S X2                 110400000001040000000       0001040000000       000    0    0    0    0    0         1 10813333014173       20912359       20912359   511070270001  N  0                      20191009 01/11/2024       USD        8.4470        8.4470  1231206.1100
01 36897109  11463  C  GASAS EST.3X3 ALGOB X50S                    2 617500000 617500000       0001235000000 197600000    0    0    0    0    0         1 17593255000401       20912359       20912359   511070270001  N  0                        119634 01/02/2025       USD        5.0154       10.0308  1231206.1100
01 36897109  11419  M  LETISAN SOL.ORAL 90ML.                      3 242665800 242665800       000 727997400       000    0    0    0    0    0         1  7591585614889       20912359       20912359   511070270001  N  0                           494 01/10/2023       USD        1.9709        5.9128  1231206.1100
01 36897109  PG110  M  NINAZO GOTAS AD. 15ML.                     12 149497516 149497516       0001793970192       000    0    0    0    0    0         1  7591821802957       20912359       20912359   511070270001  N  0                       2006024 01/01/2022       USD        1.2142       14.5708  1231206.1100
01 36897109  CO125  M  PINVEX SOL.TOP.BUCAL 10ML                   2 238475184 238475184       000 476950368       000    0    0    0    0    0         1  7591818111055       20912359       20912359   511070270001  N  0                         00297 01/07/2025       USD        1.9369        3.8738  1231206.1100
01 36897109  LO550  M  QUINOTIC 0,30%S.OTICA 5ML                   4 167826750 167826750       000 671307000       000    0    0    0    0    0         1  7591196000620       20912359       20912359   511070270001  N  0                        080136 01/09/2022       USD        1.3631        5.4524  1231206.1100
01 36897109  AP002  M  SIGTIPHIN 200MG. X20CO                      2 455455000 455455000       000 910910000       000    0    0    0    0    0         1  7592601301646       20912359       20912359   511070270001  N  0                        036502 01/02/2022       USD        3.6992        7.3985  1231206.1100
02 36897109         65   16128457893    2275000000     197600000   18601057893    0    0    0  000    0    0    0   07/01/2021 01:28:58 p.m.   PR           000           000             0            20           USD  1231206.1100      149.4800
