01 36891752  GQ739  M  ACETAMINOFEN ELTER 650 X10                 12  73190000  73190000       000 878280000       000    0    0    0    0    0         1  7592454001243       20906627       20906627   511018610001  N  0                       3256656 01/10/2022       USD        0.7060        8.4724  1036631.0200
01 36891752  MG110  M  ACICLOR CR. 10 GR.                          4 243620000 243620000       000 974480000       000    0    0    0    0    0         1  7591585311634       20906662       20906662   511018610001  N  0                           250 01/11/2023       USD        2.3501        9.4004  1036631.0200
01 36891752  12586  M  ACICLOVIR KMPLUS 200MGX10                   4 136500000 136500000       000 546000000       000    0    0    0    0    0         1  6921875010748       20906662       20906662   511018610001  N  0                       2004421 01/04/2023       USD        1.3167        5.2670  1036631.0200
01 36891752  11795  M  AFLAMAX 50MG. X10TA                         6 141369646 145741903  26233542 848217876       000    0    0    3    0    0         1  7591196007186       20906627       20906627   511018610001  N  0                       I100023 01/11/2022       USD        1.3637        8.1824  1036631.0200
01 36891752  11641  M  CEXTACIM 1GR. IV-IM. X1                     8  93384816  93384816       000 747078528       000    0    0    0    0    0         1       75971243       20906627       20906627   511018610001  N  0                         D1814 01/03/2021       USD        0.9008        7.2067  1036631.0200
01 36891752  11288  M  COLYPAN 200MG. X10TA                       12 325242322 335301363 1207084923902907864       000    0    0    3    0    0         1  7591821210264       20906624       20906624   511018610001  N  0                       2011025 01/11/2023       USD        3.1374       37.6499  1036631.0200
01 36891752  13211  M  IVAGAN DIS 650/1/40 25X4T                   121986150562198615056       0002198615056       000    0    0    0    0    0         1  7591243826814       20906692       20906692   511018610001  N  0                         91998 01/07/2022       USD       21.2092       21.2092  1036631.0200
01 36891752  11343  M  RINARIS 5MG-60MG. X10TA                     4 250445385 250445385       0001001781540       000    0    0    0    0    0         1  7591821802322       20906692       20906692   511018610001  N  0                       2008072 01/09/2022       USD        2.4159        9.6638  1036631.0200
01 36891752  BQ131  M  ACETAMINOFEN BQ120MG100ML                   8 134062500 134062500       0001072500000       000    0    0    0    0    0         2  7594000850855       20906627       20906627   511018610002  N  0                        201012 01/10/2022       USD        1.2932       10.3460  1036631.0200
01 36891752  13507  M  PEDIALY MAX 60 FRES 500ML                   2 320543961 320543961       000 641087922       000    0    0    0    0    0         2  7501033961557       20906662       20906662   511018610002  N  0                       20451MC 01/08/2022       USD        3.0921        6.1843  1036631.0200
01 36891752  13508  M  PEDIALY MAX 60 MANZ 500ML                   2 320543961 320543961       000 641087922       000    0    0    0    0    0         2  7501033957369       20906662       20906662   511018610002  N  0                       18425MC 01/06/2022       USD        3.0921        6.1843  1036631.0200
01 36891752  12550  M  SUEROLITO SAB COCO 400ML                    6 171600000 171600000       0001029600000       000    0    0    0    0    0         2  7597767000013       20906662       20906662   511018610002  N  0                         219C2 01/09/2022       USD        1.6553        9.9321  1036631.0200
01 36891752  12551  M  SUEROLITO SAB FRESA 400ML                   6 171600000 171600000       0001029600000       000    0    0    0    0    0         2  7597767000020       20906662       20906662   511018610002  N  0                         188F1 01/08/2022       USD        1.6553        9.9321  1036631.0200
01 36891752  12552  M  SUEROLITO SAB UVA 400ML                     6 171600000 171600000       0001029600000       000    0    0    0    0    0         2  7597767000037       20906662       20906662   511018610002  N  0                          12U1 01/03/2022       USD        1.6553        9.9321  1036631.0200
02 36891752         81   16540836708           000           000   16540836708    0    0    0  000    0    0    0   29/12/2020 05:08:29 p.m.   PR           000           000             0            14           USD  1036631.0200      159.5600
