01 36893486  VM780  M  AMOXIVAL 250MG.PPSO 90ML.                   2 346174613 346174613       000 692349226       000    0    0    0    0    0         1  7591020000758       20909088       20909088   511039130001  N  0                           410 01/10/2022       USD        3.1265        6.2531  1107198.5800
01 36893486  KL489  M  ANASMOL 5MG. X30CO                          2 611000000 611000000       0001222000000       000    0    0    0    0    0         1  7591955003091       20909088       20909088   511039130001  N  0                          0041 01/10/2022       USD        5.5184       11.0368  1107198.5800
01 36893486  12440  M  ATENOLOL 50MG X30TA                         2 223938000 223938000       000 447876000       000    0    0    0    0    0         1  7460828579370       20909088       20909088   511039130001  N  0                        109812 01/10/2023       USD        2.0225        4.0451  1107198.5800
01 36893486  14026  M  AZITROMICINA 500MGX3 TAB                    6 188760000 188760000       0001132560000       000    0    0    0    0    0         1  6921875011035       20909088       20909088   511039130001  N  0                       2006419 01/06/2023       USD        1.7048       10.2290  1107198.5800
01 36893486  PA385  M  BETADERM  C/GENT. CR.15GR                   3 298923884 298923884       000 896771652       000    0    0    0    0    0         1  7591243804041       20909088       20909088   511039130001  N  0                       9222902 01/10/2022       USD        2.6998        8.0994  1107198.5800
01 36893486  LT028  M  BIOTALOL 2,5MG. X30CO                       3 422500000 422500000       0001267500000       000    0    0    0    0    0         1  7591585217172       20909088       20909088   511039130001  N  0                           054 01/11/2022       USD        3.8159       11.4478  1107198.5800
01 36893486  GQ174  M  CLARITROMICINA ELTER 500X10                 2 935545000 935545000       0001871090000       000    0    0    0    0    0         1  7703763660131       20909088       20909088   511039130001  N  0                       3232472 01/08/2021       USD        8.4496       16.8993  1107198.5800
01 36893486  LO484  M  CLARIX SOL.NASAL AD.15ML.                   6 136500000 136500000       000 819000000       000    0    0    0    0    0         1  7591196003171       20909088       20909088   511039130001  N  0                        090819 01/10/2025       USD        1.2328        7.3970  1107198.5800
01 36893486  PB442  M  DENCOFEN 1,16% GEL 40GR.                    2 463303152 463303152       000 926606304       000    0    0    0    0    0         1  7591309002756       20909088       20909088   511039130001  N  0                       2009015 01/09/2023       USD        4.1844        8.3689  1107198.5800
01 36893486  PB120  M  DENCORUB CREM 40 GR                         3 193042980 193042980       000 579128940       000    0    0    0    0    0         1  7591309010409       20909088       20909088   511039130001  N  0                       2011018 01/11/2022       USD        1.7435        5.2305  1107198.5800
01 36893486  GQ794  M  DESLORATADINA ELTER JBE.60                  6 256620000 256620000       0001539720000       000    0    0    0    0    0         1  7703763393053       20909196       20909196   511039130001  N  0                       3247593 01/06/2022       USD        2.3177       13.9064  1107198.5800
01 36893486  13481  M  GLIMEPIRIDA 2MGX30 TAB                      2 387855000 387855000       000 775710000       000    0    0    0    0    0         1  7598176000113       20909088       20909088   511039130001  N  0                       TEMH216 01/07/2023       USD        3.5030        7.0060  1107198.5800
01 36893486  11802  M  LEVONORGES MC 0,75MG.X2TA                   6 274332370 274332370       0001645994220       000    0    0    0    0    0         1   614143659058       20909088       20909088   511039130001  N  0                        190320 01/03/2022       USD        2.4777       14.8662  1107198.5800
01 36893486  12549  M  LUMBAX 600MG. X10TA                         3 309896865 309896865       000 929690595       000    0    0    0    0    0         1  7592349723700       20909088       20909088   511039130001  N  0                       2003143 01/03/2022       USD        2.7989        8.3967  1107198.5800
01 36893486  10523  C  MENTORUB UNG.CORP. 30GR.                    2 195000000 195000000       000 390000000  62400000    0    0    0    0    0         1  7593090000959       20909088       20909088   511039130001  N  0                        201102 01/11/2023       USD        1.7612        3.5224  1107198.5800
01 36893486  12574  M  METRONIDAZOL KMPLU 500X10                   6  70200000  70200000       000 421200000       000    0    0    0    0    0         1  6921875010878       20909088       20909088   511039130001  N  0                       2004435 01/04/2023       USD        0.6340        3.8041  1107198.5800
01 36893486  VM013  M  MOXVAL 400MG. X5TA                          2 575042488 575042488       0001150084976       000    0    0    0    0    0         1  7591020008709       20909088       20909088   511039130001  N  0                            10 01/10/2022       USD        5.1936       10.3873  1107198.5800
01 36893486  CO125  M  PINVEX SOL.TOP.BUCAL 10ML                   3 238475184 238475184       000 715425552       000    0    0    0    0    0         1  7591818111055       20909088       20909088   511039130001  N  0                         00297 01/07/2025       USD        2.1538        6.4615  1107198.5800
01 36893486  14025  M  RANITIDINA 50MGX10 AMP                      1 171600000 171600000       000 171600000       000    0    0    0    0    0         1  6921875009650       20909088       20909088   511039130001  N  0                       1908411 01/08/2022       USD        1.5498        1.5498  1107198.5800
01 36893486  12576  M  SALBUTAMOL KMP 100X200DOS                   2 585000000 585000000       0001170000000       000    0    0    0    0    0         1  6921875010892       20909088       20909088   511039130001  N  0                       2004420 01/04/2023       USD        5.2836       10.5672  1107198.5800
02 36893486         64   18374307465     390000000      62400000   18826707465    0    0    0  000    0    0    0   04/01/2021 03:26:45 p.m.   PR           000           000             0            20           USD  1107198.5800      169.4800
