01 36906763  13426  M  AZITROMICI DAC 200MGX15ML                   6 299000000 299000000       0001794000000       000    0    0    0    0    0         1  8906121690248       20923488       20923488   511174200001  N  0                          0039 01/01/2022
01 36906763  MK088  M  AZITROMICINA +MK 500 X 3                    6 319663500 329550000  593190001917981000       000    0    0    3    0    0         1  7591519002027       20923488       20923488   511174200001  N  0                         31531 01/10/2022
01 36906763  GQ749  M  AZITROMICINA ELTER 500X5                    4 587730000 587730000       0002350920000       000    0    0    0    0    0         1  7703763700219       20923488       20923488   511174200001  N  0                       3253400 01/09/2023
01 36906763  11641  M  CEXTACIM 1GR. IV-IM. X1                     6 105412190 105412190       000 632473140       000    0    0    0    0    0         1       75971243       20923488       20923488   511174200001  N  0                         D1814 01/03/2021
01 36906763  MK675  M  DOL 450-40-1 X10TA                          3 253305000 253305000       000 759915000       000    0    0    0    0    0         1  7591519000474       20923488       20923488   511174200001  N  0                         31467 01/10/2023
01 36906763  KN400  M  FERGANIC FOLIC GOTAS 30ML.                  2 390000000 390000000       000 780000000       000    0    0    0    0    0         1  7591955003077       20923488       20923488   511174200001  N  0                          0069 01/07/2022
01 36906763  MO008  M  LECART SOL.ORAL 60ML.                       3 231861494 231861494       000 695584482       000    0    0    0    0    0         1  7592601301523       20923488       20923488   511174200001  N  0                        035102 01/09/2022
01 36906763  NP024  M  NOTOLAC 20MG. X10TA                         4 300059893 309340096  371208121200239572       000    0    0    3    0    0         1  7591821902022       20923488       20923488   511174200001  N  0                       2010072 01/10/2023
01 36906763  LO550  M  QUINOTIC 0,30%S.OTICA 5ML                   4 181738076 187358841  22483060 726952304       000    0    0    3    0    0         1  7591196000620       20923488       20923488   511174200001  N  0                        080136 01/09/2022
01 36906763  MK100  M  RISPERIDONA +MK TAB.2MG.X20                 2 425880000 425880000       000 851760000       000    0    0    0    0    0         1  7591519009255       20923488       20923488   511174200001  N  0                         31443 01/09/2022
01 36906763  11957  C  BRUCEN ENJ.BUCAL MENTA250                   2 317044000 317044000       000 634088000 101454080    0    0    0    0    0         2  7592090001447       20923488       20923488   511174200002  N  0                        201025 01/10/2023
02 36906763         42   11709825498     634088000     101454080   12445367578    0    0    0  000    0    0    0   20/01/2021 08:23:21 a.m.   PR           000           000             0            11
