01 36904491  GN121  M  AC FOLICO GN 10MG. X30CO                    4 227383520 234416000  28129920 909534080       000    0    0    3    0    0         1  7591585271495       20920600       20920600   511147440001  N  0                           038 01/11/2022       USD        1.5155        6.0622  1500315.9700
01 36904491  GQ739  M  ACETAMINOFEN ELTER 650 X10                 12 100620000 100620000       0001207440000       000    0    0    0    0    0         1  7592454001243       20920600       20920240   511147440001  N  0                       3256656 01/10/2022       USD        0.6706        8.0479  1500315.9700
01 36904491  GQ739  M  ACETAMINOFEN ELTER 650 X10                 12 100620000 100620000       0001207440000       000    0    0    0    0    0         1  7592454001243       20921306       20920240   511147440001  N  0                       3256656 01/10/2022       USD        0.6706        8.0479  1500315.9700
01 36904491  GQ739  M  ACETAMINOFEN ELTER 650 X10                 12 100620000 100620000       0001207440000       000    0    0    0    0    0         1  7592454001243       20920240       20920240   511147440001  N  0                       3256656 01/10/2022       USD        0.6706        8.0479  1500315.9700
01 36904491  11795  M  AFLAMAX 50MG. X10TA                        12 160521083 165485653  595748401926252996       000    0    0    3    0    0         1  7591196007186       20920240       20920240   511147440001  N  0                       I100021 01/11/2022       USD        1.0699       12.8389  1500315.9700
01 36904491  QO270  M  ANALPER FORTE TAB. 650X10                   4 133640000 133640000       000 534560000       000    0    0    0    0    0         1  7592454000802       20920600       20920600   511147440001  N  0                       3249978 01/09/2022       USD        0.8907        3.5629  1500315.9700
01 36904491  QO320  M  ANALPER NAX CAPS. 250 X10                   4 239720000 239720000       000 958880000       000    0    0    0    0    0         1  7592454000789       20920600       20920600   511147440001  N  0                       3256510 01/11/2022       USD        1.5977        6.3911  1500315.9700
01 36904491  GQ669  M  ATENOLOL ELTER 50X30                        4 292240000 292240000       0001168960000       000    0    0    0    0    0         1  7703763090341       20920240       20920240   511147440001  N  0                       3257271 01/10/2022       USD        1.9478        7.7914  1500315.9700
01 36904491  EL920  M  BRUGESIC 400MG CO X 10                      6 242466640 242466640       0001454799840       000    0    0    0    0    0         1  7591062902546       20920240       20920240   511147440001  N  0                        20112B 01/09/2022       USD        1.6161        9.6966  1500315.9700
01 36904491  VM199  M  CARBAMAZEPINA GENCER 200X20                 4 327600000 327600000       0001310400000       000    0    0    0    0    0         1  7591020003179       20921280       20921280   511147440001  N  0                           125 01/10/2025       USD        2.1835        8.7341  1500315.9700
01 36904491  GQ019  M  CETIRIZINA ELTER10MG.10TA                   4 226200000 226200000       000 904800000       000    0    0    0    0    0         1  7592454138185       20920600       20920240   511147440001  N  0                       3255964 01/10/2022       USD        1.5076        6.0307  1500315.9700
01 36904491  GQ019  M  CETIRIZINA ELTER10MG.10TA                  12 226200000 226200000       0002714400000       000    0    0    0    0    0         1  7592454138185       20920240       20920240   511147440001  N  0                       3255964 01/10/2022       USD        1.5076       18.0921  1500315.9700
01 36904491  KL264  M  DERMOSUPRIL CR. 0,05% 15GR.                 3 163930000 169000000  15210000 491790000       000    0    0    3    0    0         1  7703281003793       20920642       20920642   511147440001  N  0                        S00877 01/03/2021       USD        1.0926        3.2779  1500315.9700
01 36904491  GQ744  M  DESLORATADINA ELTER 5 X10                   6 276770000 276770000       0001660620000       000    0    0    0    0    0         1  7592454001311       20920907       20920907   511147440001  N  0                       3248071 01/06/2022       USD        1.8447       11.0684  1500315.9700
01 36904491  PA874  M  DI EUDRIN 12,5MG. X24TA                     4 247573554 255230468  30627656 990294216       000    0    0    3    0    0         1  7591243812374       20921280       20921280   511147440001  N  0                       9198903 01/08/2023       USD        1.6501        6.6005  1500315.9700
01 36904491  MK579  M  DOL PLUS TAB. X10                           3 285767820 294606000  26514540 857303460       000    0    0    3    0    0         1  7591519005134       20920240       20920240   511147440001  N  0                         31468 01/09/2023       USD        1.9047        5.7141  1500315.9700
01 36904491  12397  M  FESTAL 210MG X10GRG                         3 499229900 514670000  463203001497689700       000    0    0    3    0    0         1  7591044407526       20920907       20920907   511147440001  N  0                         31261 01/04/2022       USD        3.3274        9.9824  1500315.9700
01 36904491  11423  M  HIDROCLOROTI GN12,5 X30CO                   4 314860000 314860000       0001259440000       000    0    0    0    0    0         1  7591585172686       20921280       20921280   511147440001  N  0                           015 01/11/2022       USD        2.0986        8.3944  1500315.9700
01 36904491  GQ384  M  IBUPROFENO LS 200 X10TA                     6 277550000 277550000       0001665300000       000    0    0    0    0    0         1  7592454891196       20921306       20921306   511147440001  N  0                       3253460 01/09/2022       USD        1.8499       11.0996  1500315.9700
01 36904491  LO514  M  MOVIMEX 15MG. X10TA                         4 224336316 224336316       000 897345264       000    0    0    0    0    0         1  7591196004093       20920642       20920240   511147440001  N  0                       I060945 01/07/2022       USD        1.4952        5.9810  1500315.9700
01 36904491  LO514  M  MOVIMEX 15MG. X10TA                         3 224336316 224336316       000 673008948       000    0    0    0    0    0         1  7591196004093       20920240       20920240   511147440001  N  0                       I060945 01/07/2022       USD        1.4952        4.4857  1500315.9700
01 36904491  12059  M  OFAFLAN 12,5MG. X6 SUPOS.                   3 546168220 546168220       0001638504660       000    0    0    0    0    0         1  7591062016458       20920240       20920240   511147440001  N  0                        20109A 01/10/2022       USD        3.6403       10.9210  1500315.9700
01 36904491  11629  M  PANTOPRAZOL AL40MG. X7TA                    2 237753598 237753598       000 475507196       000    0    0    0    0    0         1  7597758000299       20920907       20920907   511147440001  N  0                         DL081 01/11/2022       USD        1.5846        3.1693  1500315.9700
01 36904491  MK409  M  SECNIDAZOL +MK 1GR. X 2                     2 337220000 337220000       000 674440000       000    0    0    0    0    0         1  7591519003918       20920240       20920240   511147440001  N  0                         31510 01/10/2023       USD        2.2476        4.4953  1500315.9700
01 36904491  VP664  M  EVIGAX 125MG. X20CA.BLA                     2 409207271 409207271       000 818414542       000    0    0    0    0    0         2  7592432010212       20920240       20920240   511147440002  N  0                        200233 01/09/2023       USD        2.7274        5.4549  1500315.9700
02 36904491        135   29104564902           000           000   29104564902    0    0    0  000    0    0    0   18/01/2021 01:14:51 p.m.   PR           000           000             0            21           USD  1500315.9700      193.9900
