01 36920894  MY014  M  ARBIXIL 7,5-5 GOTAS 15ML.                   3 399454545 399454545       0001198363635       000    0    0    0    0    0         1  7592601100683       20938502       20938502   511313130001  N  0                        928903 01/09/2022       USD        2.1847        6.5541  1828405.5000
01 36920894  GQ754  M  ATORVASTATINA ELTER 20X14                   2 500500000 500500000       0001001000000       000    0    0    0    0    0         1  7703763200900       20938502       20938502   511313130001  N  0                       3254859 01/09/2022       USD        2.7373        5.4747  1828405.5000
01 36920894  VO109  M  ATORVASTATINA GENCER 20 X20                 4 647920000 647920000       0002591680000       000    0    0    0    0    0         1  7591020080453       20938502       20938502   511313130001  N  0                            49 01/11/2022       USD        3.5436       14.1745  1828405.5000
01 36920894  11288  M  COLYPAN 200MG. X10TA                       12 325242322 335301363 1207084923902907864       000    0    3    0    0    0         1  7591821210264       20938502       20938502   511313130001  N  0                       2011028 01/11/2023       USD        1.7788       21.3459  1828405.5000
01 36920894  ED930  M  CYNT 40MG. X10CO                            3 243750000 243750000       000 731250000       000    0    0    0    0    0         1  7592803001610       20938502       20938502   511313130001  N  0                       2004373 01/06/2023       USD        1.3331        3.9993  1828405.5000
01 36920894  VM214  M  DUROVAL 50MG. X1TA                         24  80990000  80990000       0001943760000       000    0    0    0    0    0         1  7591020005012       20938502       20938502   511313130001  N  0                           612 01/08/2025       USD        0.4429       10.6309  1828405.5000
01 36920894  GQ031  M  ESOZ CAPS.MGE 40MG. X28                     211219000001121900000       0002243800000       000    0    0    0    0    0         1  7592454889315       20938502       20938502   511313130001  N  0                       3257242 01/11/2022       USD        6.1359       12.2718  1828405.5000
01 36920894  FA003  M  HIDROTEN 12,5MG. X30TA                      3 511737633 527564570  474808111535212899       000    0    3    0    0    0         1  7591821903791       20938502       20938502   511313130001  N  0                       2010028 01/11/2022       USD        2.7988        8.3964  1828405.5000
01 36920894  12179  M  METRONIDAZOL BM500 100ML.                   2 160875000 160875000       000 321750000       000    0    0    0    0    0         1  6930169708193       20938502       20938502   511313130001  N  0                        190469 01/03/2022       USD        0.8798        1.7597  1828405.5000
01 36920894  11889  N  VITAMINA E AI400 X60CA.BL                   213682172401368217240       0002736434480       000    0    0    0    0    0         1  7592946169710       20938502       20938502   511313130001  N  0                      06209710 01/11/2022       USD        7.4831       14.9662  1828405.5000
02 36920894         57   18206158878           000           000   18206158878    0    0    0  000    0    0    0   05/02/2021 01:48:31 p.m.   PR           000           000             0            10           USD  1828405.5000       99.5700
