01 36929425  GM239  M  AC FOLICO MY 10MG. X30TA                    6 369980903 381423611  686562482219885418       000    0    3    0    0    0         1  7592601301486       20947852       20947852   511399350001  N  0                        053016 01/09/2022
01 36929425  RZ160  M  AC FOLICO PX 10MG. X20TA                    6 176683968 191735180  903072721060103808       000    0    3    5    0    0         1  7594001101338       20947852       20947852   511399350001  N  0                          5681 01/10/2023
01 36929425  GN091  M  CAPTOPRIL GN 25MG.X30CO                     3 353332200 364260000  327834001059996600       000    0    3    0    0    0         1  7591585370167       20947852       20947852   511399350001  N  0                           117 01/08/2024
01 36929425  14114  M  CIPROFLOXACINA 500MGX10TA                   6 223600000 223600000       0001341600000       000    0    0    0    0    0         1  7592236002062       20947852       20947852   511399350001  N  0                     TC1220002 01/03/2022
01 36929425  PM115  M  CLODOXIN 10MG. X20CO                        3 256588800 256588800       000 769766400       000    0    0    0    0    0         1  7594001100584       20947852       20947852   511399350001  N  0                          5753 01/11/2022
01 36929425  MK675  M  DOL 450-40-1 X10TA                          3 289739970 298701000  26883090 869219910       000    0    3    0    0    0         1  7591519000474       20947852       20947852   511399350001  N  0                         31411 01/08/2023
01 36929425  MK016  M  DOL 450-40-1 X20TA                          2 519948000 519948000       0001039896000       000    0    0    0    0    0         1  7591519001587       20947852       20947852   511399350001  N  0                         31410 01/08/2023
01 36929425  MK579  M  DOL PLUS TAB. X10                           3 318339450 328185000  29536650 955018350       000    0    3    0    0    0         1  7591519005134       20947852       20947852   511399350001  N  0                         31468 01/09/2023
01 36929425  AO140  M  DOL PLUS TAB. X20                           2 520344500 520344500       0001040689000       000    0    0    0    0    0         1  7591519005141       20947852       20947852   511399350001  N  0                         31482 01/09/2023
01 36929425  VC003  M  GENCIVOL COMPUESTO SOL.15ML                 3 425587500 438750000  394875001276762500       000    0    3    0    0    0         1  7592782000529       20947852       20947852   511399350001  N  0                       20A0007 01/10/2022
01 36929425  11442  M  KETOPROFENO PX 100 X10TA                    6 259713290 267745660  481942201558279740       000    0    3    0    0    0         1  7594001101178       20947852       20947852   511399350001  N  0                          5705 01/10/2025
01 36929425  14235  M  LOSARTAN P DAC55 50MGX30T                   6 378235000 378235000       0002269410000       000    0    0    0    0    0         1  8906121690255       20947852       20947852   511399350001  N  0                          V147 01/06/2023
01 36929425  VP003  M  NYTAXIN 500MG. X6CA.BL.                     111814164491181416449       0001181416449       000    0    0    0    0    0         1  7592432018010       20947852       20947852   511399350001  N  0                        200240 01/09/2022
01 36929425  12578  M  PENICILINA KMP 1.200.000U                   6 134927000 139100000  25038000 809562000       000    0    3    0    0    0         1  6921875010762       20947852       20947852   511399350001  N  0                       2004423 01/04/2023
01 36929425  KL859  M  RISPERID 2MG. X30CO                         2 650000000 650000000       0001300000000       000    0    0    0    0    0         1  7591619518589       20947852       20947852   511399350001  N  0                          0003 01/10/2023
01 36929425  MK100  M  RISPERIDONA +MK TAB.2MG.X20                 2 502320000 502320000       0001004640000       000    0    0    0    0    0         1  7591519009255       20947852       20947852   511399350001  N  0                         31443 01/09/2022
01 36929425  12806  M  SALBUTAMOL INH 100X200DOS                   2 863200000 863200000       0001726400000       000    0    0    0    0    0         1  7707274721206       20947852       20947852   511399350001  N  0                       2022021 01/05/2023
02 36929425         62   21482646175           000           000   21482646175    0    0    0  000    0    0    0   19/02/2021 08:57:07 a.m.   PR           000           000             0            17
