01 36927920  PA874  M  DI EUDRIN 12,5MG. X24TA                     3 374539147 386122832  347510551123617441       000    0    3    0    0    0         1  7591243812374       20946208       20946208   511382610001  N  0                       9198703 01/05/2023       USD        2.1671        6.5013  1728295.9800
01 36927920  PA874  M  DI EUDRIN 12,5MG. X24TA                     1 374539147 386122832  11583685 374539147       000    0    3    0    0    0         1  7591243812374       20946208       20946208   511382610001  N  0                       9198703 01/05/2023       USD        2.1671        2.1671  1728295.9800
01 36927920  11266  M  ENALAPRIL DP 20MG. X10TA                   12 162196301 162196301       0001946355612       000    0    0    0    0    0         1  7592616576879       20946208       20946208   511382610001  N  0                         00977 01/10/2022       USD        0.9384       11.2617  1728295.9800
01 36927920  GN146  M  ENALAPRIL GN 20MG. X30CO                    4 336440000 336440000       0001345760000       000    0    0    0    0    0         1  7591585378538       20946208       20946208   511382610001  N  0                           416 01/11/2023       USD        1.9466        7.7866  1728295.9800
01 36927920  AY298  C  GASA ESTERIL KX 4X4 50-S X2                 119500000001950000000       0001950000000       000    0    0    0    0    0         1 10813333014173       20946208       20946208   511382610001  N  0                      20190509 01/06/2024       USD       11.2827       11.2827  1728295.9800
01 36927920  11423  M  HIDROCLOROTI GN12,5 X30CO                   3 320684910 330603000  29754270 962054730       000    0    3    0    0    0         1  7591585172686       20946208       20946208   511382610001  N  0                           016 01/11/2022       USD        1.8554        5.5664  1728295.9800
01 36927920  11423  M  HIDROCLOROTI GN12,5 X30CO                   1 320684910 330603000   9918090 320684910       000    0    3    0    0    0         1  7591585172686       20946208       20946208   511382610001  N  0                           016 01/11/2022       USD        1.8554        1.8554  1728295.9800
01 36927920  12578  M  PENICILINA KMP 1.200.000U                   3 134927000 139100000  12519000 404781000       000    0    3    0    0    0         1  6921875010762       20946208       20946208   511382610001  N  0                       2004423 01/04/2023       USD        0.7806        2.3420  1728295.9800
01 36927920  12578  M  PENICILINA KMP 1.200.000U                   1 134927000 139100000   4173000 134927000       000    0    3    0    0    0         1  6921875010762       20946208       20946208   511382610001  N  0                       2004423 01/04/2023       USD        0.7806        0.7806  1728295.9800
01 36927920  12579  M  PENICILINA KMP 2.400.00UI                   4 178750000 178750000       000 715000000       000    0    0    0    0    0         1  6921875010779       20946208       20946208   511382610001  N  0                       2004424 01/04/2023       USD        1.0342        4.1370  1728295.9800
01 36927920  KV199  M  TERAGRIP FORTE NOC X6 SOB.                  1 754000000 754000000       000 754000000       000    0    0    0    0    0         1  7591821801882       20946208       20946208   511382610001  N  0                       2009158 01/10/2022       USD        4.3626        4.3626  1728295.9800
02 36927920         34    8081719840    1950000000           000   10031719840    0    0    0  000    0    0    0   17/02/2021 10:46:50 a.m.   PR           000           000             0            11           USD  1728295.9800       58.0400
