01 36938923  10736  M  ACETAMINOFEN PX 650 X10TA                  12 171873130 171873130       0002062477560       000    0    0    0    0    0         1  7594001101604       20957335       20957335   511493830001  N  0                          5664 01/10/2022       USD        0.9224       11.0692  1863252.9400
01 36938923  14294  M  ACIDO FOL ECAR 1MG.X25A                     11535625000015356250000       000       000       000    0    0    0    0    0         1  7702184030011       20957335       20957335   511493830001  N  0                       2009650 01/09/2022       USD       82.4163       82.4163  1863252.9400
01 36938923  LO104  M  AIRON 5MG. X10TAB.MAST.                     2 284375000 284375000       000 568750000       000    0    0    0    0    0         1  7591196002549       20957266       20957266   511493830001  N  0                       I030862 01/04/2022       USD        1.5262        3.0524  1863252.9400
01 36938923  12827  M  ALBENDAZOL PX 200MG X2TA                    6 156695890 156695890       000 940175340       000    0    0    0    0    0         1  7594001100263       20957266       20957266   511493830001  N  0                          5686 01/04/2022       USD        0.8409        5.0458  1863252.9400
01 36938923  QO270  M  ANALPER FORTE TAB. 650X10                   4 223470000 223470000       000 893880000       000    0    0    0    0    0         1  7592454000802       20957266       20957266   511493830001  N  0                       3256658 01/10/2022       USD        1.1993        4.7974  1863252.9400
01 36938923  14002  M  ATORVASTATINA 40MG X30TA                    3 9214400001151800000 6910800002764320000       000    0    0   20    0    0         1  7592454003346       20957266       20957266   511493830001  N  0                       3261962 01/02/2023       USD        4.9453       14.8359  1863252.9400
01 36938923  FS160  N  BICARBONATO S. FSI X25SO.                   134944000003494400000       0003494400000       000    0    0    0    0    0         1  7592368001360       20957335       20957335   511493830001  N  0                       1020064 01/04/2022       USD       18.7542       18.7542  1863252.9400
01 36938923  10346  M  BLOCAX 8MG. X30TA                           210234556791023455679       0002046911358       000    0    0    0    0    0         1  7591243805338       20957335       20957335   511493830001  N  0                       9269602 01/01/2023       USD        5.4928       10.9856  1863252.9400
01 36938923  GQ600  M  CAPTOPRIL ELTER 25 X20TA                    6 238992000 298740000 3584880001433952000       000    0    0   20    0    0         1  7703763100194       20957266       20957266   511493830001  N  0                       3228621 01/05/2022       USD        1.2826        7.6959  1863252.9400
01 36938923  PA994  M  DIAGESIC SUSP.ORAL 120ML.                   2 553419833 553419833       0001106839666       000    0    0    0    0    0         1  7591243811728       20957335       20957335   511493830001  N  0                       9172702 01/07/2022       USD        2.9701        5.9403  1863252.9400
01 36938923  12153  M  ENALAPRIL BM10MG. X100TA                    113162500001316250000       0001316250000       000    0    0    0    0    0         1  6930169708339       20957335       20957335   511493830001  N  0                        190563 01/04/2022       USD        7.0642        7.0642  1863252.9400
01 36938923  GQ990  M  ENALAPRIL ELTER 20 X20TA                    6 292630000 292630000       0001755780000       000    0    0    0    0    0         1  7592454141000       20957266       20957266   511493830001  N  0                       3256503 01/11/2023       USD        1.5705        9.4231  1863252.9400
01 36938923  14117  M  FANASAL  AD. X 15ML GTAS                    4 169910000 169910000       000 679640000       000    0    0    0    0    0         1  7592236002215       20957335       20957335   511493830001  N  0                          1521 01/02/2023       USD        0.9118        3.6475  1863252.9400
01 36938923  GQ364  M  GLIMEPIRIDE ELTER 2MG. X16                  2 377000000 377000000       000 754000000       000    0    0    0    0    0         1  7703763165056       20957266       20957266   511493830001  N  0                       3259273 01/11/2022       USD        2.0233        4.0466  1863252.9400
01 36938923  12427  M  IBUPROFENO BP 400MG X20TA                   3 388700000 388700000       0001166100000       000    0    0    0    0    0         1  7597285000113       20957266       20957266   511493830001  N  0                       IB20051 01/04/2023       USD        2.0861        6.2584  1863252.9400
01 36938923  GQ070  M  KETOPROFENO ELTER 100 X 20                  4 487500000 487500000       0001950000000       000    0    0    0    0    0         1  7592454154055       20957335       20957335   511493830001  N  0                       3256506 01/10/2022       USD        2.6163       10.4655  1863252.9400
01 36938923  GQ164  M  MELOXICAM ELTE15MG. X10TA                   6 276939000 307710000 1846260001661634000       000    0    0   10    0    0         1  7592454162050       20957266       20957266   511493830001  N  0                       3261059 01/01/2024       USD        1.4863        8.9179  1863252.9400
01 36938923  12015  M  OMEPRAZOL DAC20MG. X20CA                    3 298421760 304512000  18270720 895265280       000    0    0    2    0    0         1  8906121690101       20957335       20957335   511493830001  N  0                          V129 01/06/2023       USD        1.6016        4.8048  1863252.9400
01 36938923  MK789  M  PANTOPRAZOL +MK20MG. X7TA                   2 299000000 299000000       000 598000000       000    0    0    0    0    0         1  7591519005776       20957335       20957335   511493830001  N  0                         31301 01/05/2022       USD        1.6047        3.2094  1863252.9400
01 36938923  GQ269  M  SILDENAFIL ELTER50MG.X1TA                  12  42770000  42770000       000 513240000       000    0    0    0    0    0         1  7592454173971       20957266       20957266   511493830001  N  0                       3242992 01/03/2022       USD        0.2295        2.7545  1863252.9400
01 36938923  VM415  M  NACLODIN 0,150MG. X20TA                     6 225590206 225590206       0001353541236       000    0    0    0    0    0         2  7591020001441       20957335       20957335   511493830002  N  0                           157 01/07/2023       USD        1.2107        7.2643  1863252.9400
01 36938923  GQ107  M  ACETAMINOFEN ELTER JBE120                   6 264940000 264940000       0001589640000       000    0    0    0    0    0         3  7592454003100       20957266       20957266   511493830003  N  0                       3255195 01/10/2023       USD        1.4219        8.5315  1863252.9400
01 36938923  LN255  M  BROMEXINA LN 8MG.JBE120ML                   2 404589943 404589943       000 809179886       000    0    0    0    0    0         3  7592348204002       20957335       20957335   511493830003  N  0                         41463 01/01/2024       USD        2.1714        4.3428  1863252.9400
02 36938923         96   45710226326           000           000   45710226326    0    0    0  000    0    0    0   03/03/2021 01:54:50 p.m.   PR           000           000             0            23           USD  1863252.9400      245.3200
