01 36934045  12934  M  CANDESARTAN GF 8MG X14TA                    2 800410000 800410000       0001600820000       000    0    0    0    0    0         1  7702605103720       20952642       20952642   511445430001  N  0                       A01493A 01/08/2022       USD        4.2742        8.5484  1872651.3800
01 36934045  13463  M  CANDEXIL PLUS 16/12,5MX28                   119468800001946880000       0001946880000       000    0    0    0    0    0         1  8699525014344       20952642       20952642   511445430001  N  0                       A085235 01/04/2023       USD       10.3963       10.3963  1872651.3800
01 36934045  12641  M  CIPROFLOXACINA DAC 500X10                   6 333534500 343850000  618930002001207000       000    0    3    0    0    0         1  8906121690057       20952638       20952638   511445430001  N  0                          9170 01/10/2022       USD        1.7810       10.6864  1872651.3800
01 36934045  12641  M  CIPROFLOXACINA DAC 500X10                   2 333534500 343850000  20631000 667069000       000    0    3    0    0    0         1  8906121690057       20952638       20952638   511445430001  N  0                          9170 01/10/2022       USD        1.7810        3.5621  1872651.3800
01 36934045  CO265  M  CLORACE 500MG/4MG X10TA                     6 271678740 350101469 4705363741630072440       000    0    3   20    0    0         1  7591818116043       20952638       20952638   511445430001  N  0                         00424 01/10/2022       USD        1.4507        8.7046  1872651.3800
01 36934045  FA017  M  FITEX 20MG. X2TA                            6 199567499 205739690  370331461197404994       000    0    3    0    0    0         1  7591821904309       20952638       20952638   511445430001  N  0                       1908512 01/09/2021       USD        1.0656        6.3941  1872651.3800
01 36934045  MK117  M  FLAVOXATO +MK 200MG.X10TA                   2 562419000 562419000       0001124838000       000    0    0    0    0    0         1  7591519009330       20952638       20952638   511445430001  N  0                         31251 01/04/2022       USD        3.0033        6.0066  1872651.3800
01 36934045  LR460  M  FLUCONAZOL LF 150MG X 2CA                   3 200592945 206796850  18611715 601778835       000    0    3    0    0    0         1  7594000020609       20952638       20952638   511445430001  N  0                       1910006 01/10/2021       USD        1.0711        3.2135  1872651.3800
01 36934045  11499  M  FULGRAM 875MG-125MG X16CO                   112884508001288450800       0001288450800       000    0    0    0    0    0         1  7591585213198       20952638       20952638   511445430001  N  0                           593 01/11/2022       USD        6.8803        6.8803  1872651.3800
01 36934045  12516  M  REHIDROSOL FRAMBUES 600ML                   3 384164177 384164177       0001152492531       000    0    0    0    0    0         1  7592637398535       20952642       20952642   511445430001  N  0                       2000162 01/11/2022       USD        2.0514        6.1543  1872651.3800
01 36934045  PD990  M  FERGANIC FOLIC JBE. 120CC.                  3 845000000 845000000       0002535000000       000    0    0    0    0    0         2  7591955002803       20952638       20952638   511445430002  N  0                          0103 01/01/2024       USD        4.5123       13.5369  1872651.3800
01 36934045  JN100  N  JENGIMIEL JBE.AD. 120ML.                    3 568750000 568750000       0001706250000       000    0    0    0    0    0         2  7592520000019       20952638       20952638   511445430002  N  0                        021120 01/11/2022       USD        3.0371        9.1114  1872651.3800
02 36934045         38   17452263600           000           000   17452263600    0    0    0  000    0    0    0   25/02/2021 10:47:10 a.m.   PR           000           000             0            12           USD  1872651.3800       93.2000
