01 36936236  KW005  C  CLIMAX 6 SENTIDO PRES. X3                   2 168350000 168350000       000 336700000  53872000    0    0    0    0    0         1  8852961006131       20954890       20954890   511465920001  N  0                        174401 01/10/2022       USD        0.8996        1.7992  1871361.1300
01 36936236  KW004  C  CLIMAX AROS PRESERV. X3                     2 168350000 168350000       000 336700000  53872000    0    0    0    0    0         1  8852961006117       20954890       20954890   511465920001  N  0                        174604 01/10/2022       USD        0.8996        1.7992  1871361.1300
01 36936236  LA102  C  CLIMAX BANANA PRESERV. X3                   2 168350000 168350000       000 336700000  53872000    0    0    0    0    0         1  8852961008661       20954890       20954890   511465920001  N  0                     L35170301 01/02/2022       USD        0.8996        1.7992  1871361.1300
01 36936236  13893  M  DESAZONA 4MGX100 TAB MVGA                   223478000002347800000       0004695600000       000    0    0    0    0    0         1  7750215026250       20954890       20954890   511465920001  N  0                       2081610 01/08/2023       USD       12.5459       25.0918  1871361.1300
01 36936236  11499  M  FULGRAM 875MG-125MG X16CO                   212884508001288450800       0002576901600       000    0    0    0    0    0         1  7591585213198       20954890       20954890   511465920001  N  0                           593 01/11/2022       USD        6.8850       13.7701  1871361.1300
01 36936236  MK964  M  IRBESARTAN +MK150MG. X7TA                   3 354561675 365527500  328974751063685025       000    0    3    0    0    0         1  7591519007145       20954890       20954890   511465920001  N  0                         31679 01/01/2024       USD        1.8946        5.6840  1871361.1300
01 36936236  MK039  M  IRBESARTAN +MK300MG. X7TA                  14 576322500 576322500       0008068515000       000    0    0    0    0    0         1  7591519007336       20954897       20954890   511465920001  N  0                         31680 01/01/2024       USD        3.0796       43.1157  1871361.1300
01 36936236  MK039  M  IRBESARTAN +MK300MG. X7TA                   3 576322500 576322500       0001728967500       000    0    0    0    0    0         1  7591519007336       20954890       20954890   511465920001  N  0                         31680 01/01/2024       USD        3.0796        9.2390  1871361.1300
01 36936236  CO540  M  MIOVIT COMP.AMP.3ML. X3 KIT                 312319148251270015284 1143013773695744475       000    0    3    0    0    0         1  7591818026366       20954890       20954890   511465920001  N  0                         00262 01/07/2023       USD        6.5829       19.7489  1871361.1300
01 36936236  BQ001  M  AMBROXOL BQ. 15MG.120ML.                    2 316842013 326641250  19598474 633684026       000    0    3    0    0    0         2  7594000850909       20954890       20954890   511465920002  N  0                        200906 01/09/2022       USD        1.6931        3.3862  1871361.1300
01 36936236  BQ001  M  AMBROXOL BQ. 15MG.120ML.                    4 316842013 326641250  391969481267368052       000    0    3    0    0    0         2  7594000850909       20954890       20954890   511465920002  N  0                        200906 01/09/2022       USD        1.6931        6.7724  1871361.1300
02 36936236         39   23730465678    1010100000     161616000   24902181678    0    0    0  000    0    0    0   28/02/2021 01:30:16 p.m.   PR           000           000             0            10           USD  1871361.1300      132.2100
