01 36932204  11795  M  AFLAMAX 50MG. X10TA                         6 197031250 203125000  365625001182187500       000    0    3    0    0    0         1  7591196007186       20950523       20950523   511424620001  N  0                       I110045 01/11/2022       USD        1.0923        6.5542  1803699.7200
01 36932204  11795  M  AFLAMAX 50MG. X10TA                         2 197031250 203125000  12187500 394062500       000    0    3    0    0    0         1  7591196007186       20950523       20950523   511424620001  N  0                       I110045 01/11/2022       USD        1.0923        2.1847  1803699.7200
01 36932204  PD565  M  BARGONIL UNG. 10GR.                         2 312000000 390000000 156000000 624000000       000    0    0   20    0    0         1  7591955000045       20950523       20950523   511424620001  N  0                          0084 01/05/2021       USD        1.7297        3.4595  1803699.7200
01 36932204  13008  M  BIOCOR 40MG X10TA                           2 480343500 480343500       000 960687000       000    0    0    0    0    0         1  7591519317701       20950523       20950523   511424620001  N  0                         31317 01/06/2022       USD        2.6631        5.3262  1803699.7200
01 36932204  AO180  M  CALOXPIRINA 81MG. X30TA                     3 561523300 578890000  521001001684569900       000    0    3    0    0    0         1  7591519008487       20950523       20950523   511424620001  N  0                         31607 01/12/2023       USD        3.1131        9.3395  1803699.7200
01 36932204  12025  M  CEFADROXILO DAC500 X10TA                    6 500301750 515775000  928395003001810500       000    0    3    0    0    0         1  8906121690033       20950596       20950596   511424620001  N  0                          V115 01/06/2022       USD        2.7737       16.6425  1803699.7200
01 36932204  LT046  M  GENLET 200MG. X20CO                         211867310001186731000       0002373462000       000    0    0    0    0    0         1  7591585110183       20950523       20950523   511424620001  N  0                           049 01/10/2022       USD        6.5794       13.1588  1803699.7200
01 36932204  BQ230  M  LANCERAN GOTAS PED. 30ML.                   3 226980000 234000000  21060000 680940000       000    0    3    0    0    0         1  7594000850220       20950523       20950523   511424620001  N  0                        200907 01/09/2023       USD        1.2584        3.7752  1803699.7200
01 36932204  SA520  M  MESIGYNA INSTAYECT 1ML.                     214378203131437820313       0002875640626       000    0    0    0    0    0         1  7501303443318       20950523       20950523   511424620001  N  0                       XB30LAH 01/04/2022       USD        7.9715       15.9430  1803699.7200
01 36932204  PG110  M  NINAZO GOTAS AD. 15ML.                     12 145012591 149497516  538191001740151092       000    0    3    0    0    0         1  7591821802957       20950523       20950523   511424620001  N  0                       2009009 01/03/2022       USD        0.8039        9.6476  1803699.7200
01 36932204  11571  M  RAMIPRES 5MG. X30CO                         4 598000000 598000000       0002392000000       000    0    0    0    0    0         1  7591619520537       20950523       20950523   511424620001  N  0                          0008 01/11/2023       USD        3.3154       13.2616  1803699.7200
01 36932204  KL864  M  RISPERID 3MG. X30CO                         2 754000000 754000000       0001508000000       000    0    0    0    0    0         1  7591619518572       20950523       20950523   511424620001  N  0                          0003 01/10/2023       USD        4.1802        8.3605  1803699.7200
01 36932204  11196  C  SIEMPRESECO PA?AL AD.M X6                   2 463502014 463502014       000 927004028 148320644    0    0    0    0    0         1  7591353699001       20950523       20950523   511424620001  N  0                      10120202 01/01/2023       USD        2.5697        5.1394  1803699.7200
01 36932204  LT930  M  VIASEK COMPR. 50MG. X2                      3 114095280 117624000  10586160 342285840       000    0    3    0    0    0         1  7591585111005       20950523       20950523   511424620001  N  0                           093 01/01/2023       USD        0.6325        1.8976  1803699.7200
01 36932204  LT930  M  VIASEK COMPR. 50MG. X2                      1 114095280 117624000   3528720 114095280       000    0    3    0    0    0         1  7591585111005       20950523       20950523   511424620001  N  0                           093 01/01/2023       USD        0.6325        0.6325  1803699.7200
01 36932204  CH789  C  SECUREZZA CLASSIC GDE. X6                   2 655519681 675793486  405476101311039362 209766298    0    0    3    0    0         2  7591353515011       20950523       20950523   511424620002  N  0                      10201201 01/01/2023       USD        3.6343        7.2686  1803699.7200
01 36932204  11143  N  BEUSAN CEB.MORADA JBE.240                   2 398092500 398092500       000 796185000       000    0    0    0    0    0         3  7592710001260       20950523       20950523   511424620003  N  0                       1360412 01/12/2022       USD        2.2070        4.4141  1803699.7200
01 36932204  11260  M  PEDIACORT SOL.PED. 60ML.                    3 934401000 963300000  866970002803203000       000    0    3    0    0    0         3  7591196006097       20950523       20950523   511424620003  N  0                        110465 01/01/2024       USD        5.1804       15.5414  1803699.7200
02 36932204         59   23473280238    2238043390     358086942   26069410570    0    0    0  000    0    0    0   23/02/2021 01:58:08 p.m.   PR           000           000             0            18           USD  1803699.7200      142.5500
