01 36941335  VM375  M  ACEVAL 650MG. X10TA                         6 173550000 173550000       0001041300000       000    0    0    0    0    0         1  7591020000611       20960246       20960246   511522870001  N  0                           188 01/11/2025       USD        0.9186        5.5119  1889184.9100
01 36941335  MG110  M  ACICLOR CR. 10 GR.                          2 415540125 415540125       000 831080250       000    0    0    0    0    0         1  7591585311634       20960246       20960246   511522870001  N  0                           250 01/11/2023       USD        2.1995        4.3991  1889184.9100
01 36941335  VC430  M  BUTROPINA SOL.GOTAS 20ML.                   3 450937500 450937500       0001352812500       000    0    0    0    0    0         1  7592782000338       20960246       20960246   511522870001  N  0                       2080009 01/08/2022       USD        2.3869        7.1608  1889184.9100
01 36941335  NP003  M  CALCIBON D 1500/200 X30                     213780000001378000000       0002756000000       000    0    0    0    0    0         1  7591821101029       20960246       20960246   511522870001  N  0                       2009832 01/06/2023       USD        7.2941       14.5883  1889184.9100
01 36941335  MK949  M  CARVEDILOL +MK 12,5 X14TA                   2 310362000 310362000       000 620724000       000    0    0    0    0    0         1  7591519007053       20960246       20960246   511522870001  N  0                         31488 01/09/2022       USD        1.6428        3.2856  1889184.9100
01 36941335  KW005  C  CLIMAX 6 SENTIDO PRES. X3                   2 159932500 168350000  16835000 319865000  51178400    0    0    5    0    0         1  8852961006131       20960246       20960246   511522870001  N  0                        174401 01/10/2022       USD        0.8465        1.6931  1889184.9100
01 36941335  KW004  C  CLIMAX AROS PRESERV. X3                     2 159932500 168350000  16835000 319865000  51178400    0    0    5    0    0         1  8852961006117       20960246       20960246   511522870001  N  0                        174604 01/10/2022       USD        0.8465        1.6931  1889184.9100
01 36941335  LA102  C  CLIMAX BANANA PRESERV. X3                   2 159932500 168350000  16835000 319865000  51178400    0    0    5    0    0         1  8852961008661       20960246       20960246   511522870001  N  0                     L35170301 01/02/2022       USD        0.8465        1.6931  1889184.9100
01 36941335  13557  C  DERMOX LO.COR MILK.N200ML                   2 294745970 294745970       000 589491940  94318710    0    0    0    0    0         1  7590005183066       20960246       20960246   511522870001  N  0                       2101010 01/01/2023       USD        1.5601        3.1203  1889184.9100
01 36941335  VM494  M  DUROVAL 50MG. X10TA                         6 746200000 746200000       0004477200000       000    0    0    0    0    0         1  7591020008440       20960246       20960246   511522870001  N  0                           619 01/11/2025       USD        3.9498       23.6991  1889184.9100
01 36941335  14066  M  FLUOXETINA 20MGX10 CAPCAP                   2 210877369 210877369       000 421754738       000    0    0    0    0    0         1  7706569000392       20960246       20960246   511522870001  N  0                        20C614 01/05/2022       USD        1.1162        2.2324  1889184.9100
01 36941335  10372  M  GYNOMET 15%-4%CR.VAG.40GR                   212487800001248780000       0002497560000       000    0    0    0    0    0         1  7591585119131       20960246       20960246   511522870001  N  0                           049 01/02/2023       USD        6.6101       13.2203  1889184.9100
01 36941335  CO310  M  IPALAT CREMA 20 GR.                         2 648401554 648401554       0001296803108       000    0    0    0    0    0         1  7591818114001       20960246       20960246   511522870001  N  0                         00219 01/05/2024       USD        3.4321        6.8643  1889184.9100
01 36941335  LO003  M  IPORET SUSP.PED. 60ML.                      3 377812500 377812500       0001133437500       000    0    0    0    0    0         1  7591196004253       20960246       20960246   511522870001  N  0                       I020838 01/05/2022       USD        1.9998        5.9996  1889184.9100
01 36941335  13816  A  JENGIMIEL JBE CURCU 120ML                   2 178750000 178750000       000 357500000       000    0    0    0    0    0         1   745760033836       20960246       20960246   511522870001  N  0                        010920 01/09/2022       USD        0.9461        1.8923  1889184.9100
01 36941335  EL017  M  OFAFLAN GOTAS PED. 30ML.                    2 472325750 472325750       000 944651500       000    0    0    0    0    0         1  7591062900894       20960246       20960246   511522870001  N  0                        20052A 01/05/2022       USD        2.5001        5.0003  1889184.9100
01 36941335  13528  C  PROTECTO LAB. CACAO 4.2GR                   6 100100000 100100000       000 600600000  96096000    0    0    0    0    0         1  7591415011772       20960246       20960246   511522870001  N  0                           10X 01/12/2030       USD        0.5298        3.1791  1889184.9100
01 36941335  12516  M  REHIDROSOL FRAMBUES 600ML                   2 510759155 510759155       0001021518310       000    0    0    0    0    0         1  7592637398535       20960246       20960246   511522870001  N  0                       2000163 01/11/2022       USD        2.7035        5.4071  1889184.9100
01 36941335  VC004  M  SOLUNOVAR COMP.SOL. 30ML.                   2 414375000 414375000       000 828750000       000    0    0    0    0    0         1  7592782000598       20960246       20960246   511522870001  N  0                       20A0001 01/10/2022       USD        2.1934        4.3868  1889184.9100
01 36941335  10076  C  VASELINA EBEN 30GR.                         2 344500000 344500000       000 689000000 110240000    0    0    0    0    0         1  7595492000186       20960246       20960246   511522870001  N  0                           10X 01/02/2026       USD        1.8235        3.6470  1889184.9100
02 36941335         54   19581091906    2838686940     454189910   22873968756    0    0    0  000    0    0    0   08/03/2021 09:17:38 a.m.   PR           000           000             0            20           USD  1889184.9100      118.6700
