01 36942569  11590  C  BARR DER.CLINE NEUTRA80                     2 187473000 187473000       000 374946000  59991360    0    0    0    0    0         1  7595481001255       20961038       20961038   511531890001  N  0                        201001 01/10/2024       USD        0.9929        1.9859  1888035.8500
01 36942569  NJ220  C  CORTA U?AS TOMI TIPI                        1 657800000 657800000       000 657800000 105248000    0    0    0    0    0         1  8850217080096       20961038       20961038   511531890001  N  0                        739217 01/01/2030       USD        3.4840        3.4840  1888035.8500
01 36942569  ML120  C  MULTI PLUS ULTRA SOL. 240CC                 112033846891203384689       0001203384689 192541550    0    0    0    0    0         1  7591929828026       20961038       20961038   511531890001  N  0                     MPU220019 01/10/2023       USD        6.3737        6.3737  1888035.8500
01 36942569  ED175  C  NOPUCID LOC. 100 CC.                        2 728000000 728000000       0001456000000 232960000    0    0    0    0    0         1  7592803000835       20961050       20961050   511531890001  N  0                       2008420 01/09/2022       USD        3.8558        7.7117  1888035.8500
01 36942569  12348  C  PHILIPS BATERIAS AA 2PK                     2 242937500 242937500       000 485875000  77740000    0    0    0    0    0         1   609585215801       20961038       20961038   511531890001  N  0                           10X 01/04/2030       USD        1.2867        2.5734  1888035.8500
01 36942569  12349  C  PHILIPS BATERIAS AAA2PK                     2 242937500 242937500       000 485875000  77740000    0    0    0    0    0         1   609585215818       20961038       20961038   511531890001  N  0                           10X 01/04/2030       USD        1.2867        2.5734  1888035.8500
01 36942569  10343  C  TALCO REFRES. DE PIES 90G                   1 235149350 235149350       000 235149350  37623896    0    0    0    0    0         1  7596097000892       20961038       20961038   511531890001  N  0                   00420831404 01/06/2025       USD        1.2454        1.2454  1888035.8500
01 36942569  GQ107  M  ACETAMINOFEN ELTER JBE120                   8 264940000 264940000       0002119520000       000    0    0    0    0    0         2  7592454003100       20961038       20961038   511531890002  N  0                       3255195 01/10/2023       USD        1.4032       11.2260  1888035.8500
01 36942569  LN160  M  LISOMUCIN 8MG. JBE.120ML.                   2 406601350 406601350       000 813202700       000    0    0    0    0    0         2  7592348218023       20961038       20961038   511531890002  N  0                         41465 01/02/2024       USD        2.1535        4.3071  1888035.8500
01 36942569  DT530  C  PASTA AL AGUA DT 100GR                      2 135740628 144404923  17328590 271481256       000    0    0    6    0    0         2  7591616000988       20961038       20961038   511531890002  N  0                        988066 01/07/2023       USD        0.7189        1.4379  1888035.8500
02 36942569         23    2932722700    5170511295     783844806    8887078801    0    0    0  000    0    0    0   09/03/2021 08:46:02 a.m.   PR           000           000             0            10           USD  1888035.8500       42.9200
