01 36959744  13542  M  ACETAMINOFEN 650MGX10 COM                  24      94840200      94840200       000    2276164800       000    0    0    0    0    0         1  7591585279057       20976840       20976840   511708780001  N  0                           037 01/02/2023       USD        0.5188       12.4522  1827910.5700
01 36959744  MG110  M  ACICLOR CR. 10 GR.                          3     477871144     477871144       000    1433613432       000    0    0    0    0    0         1  7591585311634       20976777       20976777   511708780001  N  0                           250 01/11/2023       USD        2.6143        7.8429  1827910.5700
01 36959744  LO539  M  AFLAMAX 50MG. X20TA                         6     373100000     533000000 959400000    2238600000       000    0    0   30    0    0         1  7591196004451       20976777       20976777   511708780001  N  0                       I011071 01/02/2023       USD        2.0411       12.2467  1827910.5700
01 36959744  VM780  M  AMOXIVAL 250MG.PPSO 90ML.                   3     636350000     636350000       000    1909050000       000    0    0    0    0    0         1  7591020000758       20976840       20976840   511708780001  N  0                           411 01/10/2022       USD        3.4812       10.4438  1827910.5700
01 36959744  VF010  C  ARNICA FC GEL P/M BOL.90GR.                 1     338000000     338000000       000     338000000  54080000    0    0    0    0    0         1  7593090000201       20976777       20976777   511708780001  N  0                       2102001 01/02/2024       USD        1.8491        1.8491  1827910.5700
01 36959744  ZV004  N  ARNICA+CALEND.VIHOM BOL90                   1     507000000     507000000       000     507000000       000    0    0    0    0    0         1  7593533004513       20976777       20976777   511708780001  N  0                     010419721 01/04/2022       USD        2.7736        2.7736  1827910.5700
01 36959744  11905  M  ARUDIL 15MG. X10TA                          1    1300000000    1300000000       000    1300000000       000    0    0    0    0    0         1  7591821210011       20976777       20976777   511708780001  N  0                       2102028 01/02/2023       USD        7.1119        7.1119  1827910.5700
01 36959744  11716  M  ARUDIL 20MG. X10TA                          1    1820000000    1820000000       000    1820000000       000    0    0    0    0    0         1  7591821210028       20976777       20976777   511708780001  N  0                       2010065 01/02/2023       USD        9.9567        9.9567  1827910.5700
01 36959744  11081  M  BRUDOL 200MG/65MG. X20CO                    2     410951060     410951060       000     821902120       000    0    0    0    0    0         1  7591062901105       20976777       20976777   511708780001  N  0                        20001A 01/01/2022       USD        2.2482        4.4964  1827910.5700
01 36959744  11082  M  BRUDOL 400MG/65MG. X20CO                    2     555683050     555683050       000    1111366100       000    0    0    0    0    0         1  7591062901082       20976777       20976777   511708780001  N  0                        20098A 01/09/2022       USD        3.0399        6.0799  1827910.5700
01 36959744  GN091  M  CAPTOPRIL GN 25MG.X30CO                     6     364260000     364260000       000    2185560000       000    0    0    0    0    0         1  7591585370167       20976777       20976777   511708780001  N  0                           117 01/08/2024       USD        1.9927       11.9566  1827910.5700
01 36959744  KA249  C  DERMOX BABY CR.PA?AL.100                    1     575695561     575695561       000     575695561  92111290    0    0    0    0    0         1  7590005183325       20976777       20976777   511708780001  N  0                       2011222 01/11/2022       USD        3.1494        3.1494  1827910.5700
01 36959744  13816  A  JENGIMIEL JBE CURCU 120ML                   3     178750000     178750000       000     536250000       000    0    0    0    0    0         1   745760033836       20976840       20976840   511708780001  N  0                        010920 01/09/2022       USD        0.9778        2.9336  1827910.5700
01 36959744  PG110  M  NINAZO GOTAS AD. 15ML.                     12     236600000     236600000       000    2839200000       000    0    0    0    0    0         1  7591821802957       20976840       20976840   511708780001  N  0                       2011070 01/05/2022       USD        1.2943       15.5324  1827910.5700
01 36959744  LT930  M  VIASEK COMPR. 50MG. X2                      6     183319500     183319500       000    1099917000       000    0    0    0    0    0         1  7591585111005       20976777       20976777   511708780001  N  0                           093 01/01/2023       USD        1.0028        6.0173  1827910.5700
01 36959744  RQ018  C  ACEITE CREM CHICHI B.200G                   3     240450898     240450898       000     721352694 115416431    0    0    0    0    0         2  7596097005873       20976777       20976777   511708780002  N  0                   00121871227 01/01/2025       USD        1.3154        3.9463  1827910.5700
01 36959744  10854  C  ARNICA FC FORTE90GR.BOL                     1     338000000     338000000       000     338000000  54080000    0    0    0    0    0         2  7593090000676       20976777       20976777   511708780002  N  0                       2010002 01/10/2023       USD        1.8491        1.8491  1827910.5700
01 36959744  12612  C  DERMOX BABY CR.PA?AL 50GR                   2     300745805     300745805       000     601491610  96238658    0    0    0    0    0         2  7590005183394       20976777       20976777   511708780002  N  0                       2101054 01/01/2023       USD        1.6452        3.2905  1827910.5700
01 36959744  RQ011  C  TALCO CHICHI BABY HIP 90G                   2     278587847     278587847       000     557175694  89148111    0    0    0    0    0         2  7596097003633       20976777       20976777   511708780002  N  0                   01620872410 01/10/2024       USD        1.5240        3.0481  1827910.5700
01 36959744  NP007  M  BETADINE 10% SO.TOP.120ML                   2    1014000000    1014000000       000    2028000000       000    0    0    0    0    0         3  7591821102231       20976777       20976777   511708780003  N  0                       2009821 01/10/2022       USD        5.5473       11.0946  1827910.5700
02 36959744         82   22106623452    3131715559     501074489   25739413500    0    0    0  000    0    0    0   24/03/2021 08:03:25 a.m.   PR           000           000             0            20           USD  1827910.5700      138.0700
