01 36961531  12826  M  ALBENDAZOL PX 400MG X10ML                   6     217884420     217884420       000    1307306520       000    0    0    0    0    0         1  7594001100294       20978411       20978411   511726110001  N  0                          5814 01/02/2023       USD        1.1803        7.0821  1845928.6600
01 36961531  GF109  M  AZITROMICINA GF PPSO15ML.                   4     698581000     821860000 493116000    2794324000       000    0    0   15    0    0         1  7702605100538       20978411       20978411   511726110001  N  0                      0GC1707A 01/02/2022       USD        3.7844       15.1377  1845928.6600
01 36961531  GN629  M  AZITROMICINA GN 500 X 5                     4     483600000     483600000       000    1934400000       000    0    0    0    0    0         1  7591585279460       20978411       20978411   511726110001  N  0                           316 01/11/2022       USD        2.6198       10.4792  1845928.6600
01 36961531  12561  C  BRIUTCARE AD TRANS X12UND                   1    1809600000    1809600000       000    1809600000 289536000    0    0    0    0    0         1   796029455289       20978411       20978411   511726110001  N  0                       SH19229 01/10/2024       USD        9.8031        9.8031  1845928.6600
01 36961531  PD714  M  BUMELEX 1MG. X16CO                          2     543400000     572000000  57200000    1086800000       000    0    0    5    0    0         1  7591955000991       20978411       20978411   511726110001  N  0                          0049 01/09/2022       USD        2.9437        5.8875  1845928.6600
01 36961531  11599  M  DESLER 5MG. X10TA                           2     464360000     464360000       000     928720000       000    0    0    0    0    0         1  7592454891325       20978411       20978411   511726110001  N  0                       3244638 01/03/2022       USD        2.5155        5.0311  1845928.6600
01 36961531  GQ990  M  ENALAPRIL ELTER 20 X20TA                    4     292630000     292630000       000    1170520000       000    0    0    0    0    0         1  7592454141000       20978411       20978411   511726110001  N  0                       3256508 01/11/2023       USD        1.5852        6.3410  1845928.6600
01 36961531  PA050  M  ERILON 0,05% CREMA 15GR.                    2     622887625     622887625       000    1245775250       000    0    0    0    0    0         1  7591243815757       20978411       20978411   511726110001  N  0                       9233102 01/11/2022       USD        3.3743        6.7487  1845928.6600
01 36961531  MG604  M  FULGRAM SUSP. 600/42,9 60CC                 3    1021800000    1021800000       000    3065400000       000    0    0    0    0    0         1  7591585113139       20978411       20978411   511726110001  N  0                           319 01/06/2022       USD        5.5354       16.6062  1845928.6600
02 36961531         28   13533245770    1809600000     289536000   15632381770    0    0    0  000    0    0    0   25/03/2021 08:53:21 a.m.   PR           000           000             0             9           USD  1845928.6600       83.1200
