01 36965206  MK635  M  ALBENDAZOL +MK T.FRU.200 X2                 6     156975000     156975000       000     941850000       000    0    0    0    0    0         1  7591519007022       20981394       20981394   511762460001  N  0                         31452 01/09/2022       USD        0.8305        4.9831  1890076.7400
01 36965206  GN790  M  AMLODIPINA GN 5MG. X30CO                    3     492427650     492427650       000    1477282950       000    0    0    0    0    0         1  7591585278166       20981394       20981394   511762460001  N  0                           382 01/09/2023       USD        2.6053        7.8159  1890076.7400
01 36965206  QO290  M  ANALPER PLUS TAB. X10                       6     333190000     333190000       000    1999140000       000    0    0    0    0    0         1  7592454000796       20981394       20981394   511762460001  N  0                       3262797 01/03/2023       USD        1.7628       10.5770  1890076.7400
01 36965206  PA054  M  BETADERM PLUS CREMA 15GR.                   3     726001367     726001367       000    2178004101       000    0    0    0    0    0         1  7591243804164       20981394       20981394   511762460001  N  0                       9220302 01/08/2022       USD        3.8411       11.5233  1890076.7400
01 36965206  11624  M  BISOPROLOL AL2,5MG. X30TA                   3     623778013     623778013       000    1871334039       000    0    0    0    0    0         1  7597758000114       20981394       20981394   511762460001  N  0                         DL083 01/11/2022       USD        3.3002        9.9008  1890076.7400
01 36965206  12587  M  CEFADROXILO KMP 500MGX10T                   5     460629000     495300000 277368000    2303145000       000    0    0    7    0    0         1  6921875010786       20981585       20981394   511762460001  N  0                       2009462 01/09/2023       USD        2.4370       12.1854  1890076.7400
01 36965206  12587  M  CEFADROXILO KMP 500MGX10T                   3     460629000     495300000 277368000    1381887000       000    0    0    7    0    0         1  6921875010786       20981394       20981394   511762460001  N  0                       2009462 01/09/2023       USD        2.4370        7.3112  1890076.7400
01 36965206  12374  M  CIPROFLOXACINA  500MG X10                   3     331500000     331500000       000     994500000       000    0    0    0    0    0         1  7598176000021       20981394       20981394   511762460001  N  0                        T00031 01/09/2023       USD        1.7538        5.2616  1890076.7400
01 36965206  12641  M  CIPROFLOXACINA DAC 500X10                   3     403650000     403650000       000    1210950000       000    0    0    0    0    0         1  7598578000094       20981585       20981585   511762460001  N  0                           169 01/09/2023       USD        2.1356        6.4068  1890076.7400
01 36965206  VM384  M  DUROVAL 100MG. X1TA                         6     158428992     158428992       000     950573952       000    0    0    0    0    0         1  7591020006330       20981394       20981394   511762460001  N  0                            20 01/11/2025       USD        0.8382        5.0292  1890076.7400
01 36965206  GN146  M  ENALAPRIL GN 20MG. X30CO                    6     336440000     336440000       000    2018640000       000    0    0    0    0    0         1  7591585378538       20981394       20981394   511762460001  N  0                           416 01/11/2023       USD        1.7800       10.6802  1890076.7400
01 36965206  PD109  M  FERGANIC FOLIC TM X20                       2    1111500000    1170000000 117000000    2223000000       000    0    0    5    0    0         1  7591955002797       20981394       20981394   511762460001  N  0                          0280 01/10/2021       USD        5.8807       11.7614  1890076.7400
01 36965206  GN694  M  MELOXICAM GN 15MG. X10CO                    4     319690800     319690800       000    1278763200       000    0    0    0    0    0         1  7591585178022       20981597       20981597   511762460001  N  0                           073 01/02/2023       USD        1.6914        6.7656  1890076.7400
01 36965206  LX102  M  MIGREN 650-50-1 X20CO                       2     538395000     538395000       000    1076790000       000    0    0    0    0    0         1  7591585415738       20981597       20981597   511762460001  N  0                           514 01/10/2022       USD        2.8485        5.6970  1890076.7400
01 36965206  PG110  M  NINAZO GOTAS AD. 15ML.                     12     236600000     236600000       000    2839200000       000    0    0    0    0    0         1  7591821802957       20981585       20981585   511762460001  N  0                       2011070 01/05/2022       USD        1.2518       15.0216  1890076.7400
01 36965206  PD104  M  POLI-OTICO GOTAS 5 CC.                      3     592800000     624000000  93600000    1778400000       000    0    0    5    0    0         1  7591955002278       20981394       20981394   511762460001  N  0                          1089 01/04/2022       USD        3.1363        9.4091  1890076.7400
01 36965206  13515  M  PROLARDII 10 SOBX1.3GR                      1    1637486500    1723670000  86183500    1637486500       000    0    0    5    0    0         1  7709137132242       20981394       20981394   511762460001  N  0                       0093587 01/08/2022       USD        8.6635        8.6635  1890076.7400
01 36965206  LT274  M  PROXIME 750MG. X5CO                         3     910000000     910000000       000    2730000000       000    0    0    0    0    0         1  7591585119773       20981394       20981394   511762460001  N  0                           058 01/07/2024       USD        4.8146       14.4438  1890076.7400
01 36965206  11279  N  SENOKOT C.DOCUSATO X10TA                    3     310032038     310032038       000     930096114       000    0    0    0    0    0         1  7591821210295       20981394       20981394   511762460001  N  0                       2008122 01/08/2022       USD        1.6403        4.9209  1890076.7400
01 36965206  11177  M  SINUTIL NOC 500-2 X5CA.BL                   4     236600000     236600000       000     946400000       000    0    0    0    0    0         1  7593090000744       20981597       20981597   511762460001  N  0                        200218 01/09/2022       USD        1.2518        5.0072  1890076.7400
01 36965206  11589  C  BARR DER.CLINE HERBAL80                     3     166819827     166819827       000     500459481  80073517    0    0    0    0    0         2  7595481001262       20981394       20981394   511762460002  N  0                        201001 01/10/2024       USD        0.8826        2.6478  1890076.7400
01 36965206  11591  C  BARR DER.CLINE LAVANDA80                    3     187473000     187473000       000     562419000  89987040    0    0    0    0    0         2  7595481001279       20981394       20981394   511762460002  N  0                        181103 01/11/2022       USD        0.9918        2.9756  1890076.7400
01 36965206  12612  C  DERMOX BABY CR.PA?AL 50GR                   2     300745805     300745805       000     601491610  96238658    0    0    0    0    0         2  7590005183394       20981585       20981585   511762460002  N  0                       2101054 01/01/2023       USD        1.5911        3.1823  1890076.7400
02 36965206         89   32767442856    1664370091     266299215   34698112162    0    0    0  000    0    0    0   29/03/2021 08:52:45 a.m.   PR           000           000             0            22           USD  1890076.7400      182.1700
