01 36961140  EL685  M  ALBICAR 200MG X2TA                          4     178283170     178283170       000     713132680       000    0    0    0    0    0         1  7591062010036       20977546       20977546   511717970001  N  0                        21015A 01/02/2024       USD        0.9753        3.9013  1827910.5700
01 36961140  EL010  M  ALBICAR 200MG. X6TA                         4     325536770     325536770       000    1302147080       000    0    0    0    0    0         1  7591062010173       20977546       20977546   511717970001  N  0                        21015B 01/02/2024       USD        1.7809        7.1236  1827910.5700
01 36961140  PD714  M  BUMELEX 1MG. X16CO                          3     543400000     572000000  85800000    1630200000       000    0    0    5    0    0         1  7591955000991       20977546       20977546   511717970001  N  0                          0049 01/09/2022       USD        2.9727        8.9183  1827910.5700
01 36961140  12191  M  CARBAMAZEPINA AL200MG30TA                   3     526303913     584782125 175434636    1578911739       000    0    0   10    0    0         1  7597758000503       20977546       20977546   511717970001  N  0                         DL070 01/07/2022       USD        2.8792        8.6377  1827910.5700
01 36961140  12078  M  CLAUSY SUSP.ORAL X10 5ML.                   1    2392000000    2392000000       000    2392000000       000    0    0    0    0    0         1  8936187370020       20977546       20977546   511717970001  N  0                         20820 01/08/2022       USD       13.0859       13.0859  1827910.5700
01 36961140  11288  M  COLYPAN 200MG. X10TA                        6     525200000     525200000       000    3151200000       000    0    0    0    0    0         1  7591821210264       20977546       20977546   511717970001  N  0                       2103118 01/03/2024       USD        2.8732       17.2393  1827910.5700
01 36961140  KL047  M  COROPRES H 16/12,5 X30CO                    2    1667250000    1755000000 175500000    3334500000       000    0    0    5    0    0         1  7591619520360       20977546       20977546   511717970001  N  0                          0004 01/02/2024       USD        9.1210       18.2421  1827910.5700
01 36961140  KF190  M  DERMAZOL 0,05% CR.30GR.                     2     963300000    1014000000 101400000    1926600000       000    0    0    5    0    0         1  7591619519036       20977546       20977546   511717970001  N  0                          0056 01/10/2022       USD        5.2699       10.5399  1827910.5700
01 36961140  11802  M  LEVONORGES MC 0,75MG.X2TA                   6     471972540     471972540       000    2831835240       000    0    0    0    0    0         1   614143659058       20977546       20977546   511717970001  N  0                        190320 01/03/2022       USD        2.5820       15.4921  1827910.5700
01 36961140  12147  M  LEVONORGESTREL MF1,5 X1TA                   3     572000000     572000000       000    1716000000       000    0    0    0    0    0         1  7502214985935       20977546       20977546   511717970001  N  0                       9FH2168 01/06/2021       USD        3.1292        9.3877  1827910.5700
01 36961140  LO419  M  NAS SOL.NASAL PED.15ML.                     3     247000000     247000000       000     741000000       000    0    0    0    0    0         1  7591196003027       20977546       20977546   511717970001  N  0                        090799 01/10/2022       USD        1.3512        4.0538  1827910.5700
01 36961140  VP400  M  VIT E VP 400MG. X30CA.BLA                   1    1048565538    1048565538       000    1048565538       000    0    0    0    0    0         1  7592432005478       20977546       20977546   511717970001  N  0                        200258 01/09/2023       USD        5.7364        5.7364  1827910.5700
01 36961140  10323  C  LOCION JAB.AVISPA 60ML.                     2     228648049     240682157  24068216     457296098  73167376    0    0    5    0    0         2  7591635910213       20977546       20977546   511717970002  N  0                       0441020 01/10/2022       USD        1.2508        2.5017  1827910.5700
01 36961140  11144  N  BEUSAN PLUS JBE. 240ML.                     2     398092500     398092500       000     796185000       000    0    0    0    0    0         3  7592710001253       20977546       20977546   511717970003  N  0                       1350812 01/12/2022       USD        2.1778        4.3557  1827910.5700
01 36961140  10614  N  CITRATO POTASIO10%FSI240                    2     546000000     546000000       000    1092000000       000    0    0    0    0    0         3  7592368003456       20977546       20977546   511717970003  N  0                       0321060 01/03/2022       USD        2.9870        5.9740  1827910.5700
01 36961140  11260  M  PEDIACORT SOL.PED. 60ML.                    4    1275625000    1275625000       000    5102500000       000    0    0    0    0    0         3  7591196006097       20977649       20977649   511717970003  N  0                        021202 01/02/2024       USD        6.9785       27.9143  1827910.5700
02 36961140         48   29356777277     457296098      73167376   29887240751    0    0    0  000    0    0    0   24/03/2021 03:35:34 p.m.   PR           000           000             0            16           USD  1827910.5700      163.1000
