01 36967043  RZ150  M  AC FOLICO PX 10MG. X30TA                    6     277238780     277238780       000    1663432680       000    0    0    0    0    0         1  7594001101345       20983120       20983120   511778010001  N  0                          5808 01/02/2024       USD        1.4355        8.6135  1931176.1900
01 36967043  13542  M  ACETAMINOFEN 650MGX10 COM                  12      94840200      94840200       000    1138082400       000    0    0    0    0    0         1  7591585279057       20983120       20983120   511778010001  N  0                           036 01/02/2023       USD        0.4911        5.8932  1931176.1900
01 36967043  MG524  M  ACICLOR AP 1GR. X10CO                       1    1383200000    1383200000       000    1383200000       000    0    0    0    0    0         1  7591585111838       20983120       20983120   511778010001  N  0                           038 01/10/2023       USD        7.1624        7.1624  1931176.1900
01 36967043  MK106  M  AMLODIPINA +MK10MG. X30TA                   3     447005000     447005000       000    1341015000       000    0    0    0    0    0         1  7591519001648       20983120       20983120   511778010001  N  0                         31619 01/01/2023       USD        2.3146        6.9440  1931176.1900
01 36967043  GQ800  M  AMOXICILINA ELTER500 12CA                   3     450450000     450450000       000    1351350000       000    0    0    0    0    0         1  7703763070282       20983120       20983120   511778010001  N  0                       3250541 01/07/2022       USD        2.3325        6.9975  1931176.1900
01 36967043  11898  M  BUCOXOLGAR FRU.RO X10TM                     2     251940000     251940000       000     503880000       000    0    0    0    0    0         1  7592454891363       20983120       20983120   511778010001  N  0                       3261467 01/02/2023       USD        1.3045        2.6091  1931176.1900
01 36967043  11899  M  BUCOXOLGAR MI-LIM X10TM                     2     251940000     251940000       000     503880000       000    0    0    0    0    0         1  7592454891387       20983120       20983120   511778010001  N  0                       3261034 01/01/2023       USD        1.3045        2.6091  1931176.1900
01 36967043  13590  M  CARVEDILOL 6,25MG X30TA                     2     479700000     479700000       000     959400000       000    0    0    0    0    0         1  7703763712724       20983120       20983120   511778010001  N  0                       3252889 01/08/2022       USD        2.4839        4.9679  1931176.1900
01 36967043  13893  M  DESAZONA 4MG. X100TA                        1    2347800000    2347800000       000    2347800000       000    0    0    0    0    0         1  7750215026250       20983120       20983120   511778010001  N  0                       2081610 01/08/2023       USD       12.1573       12.1573  1931176.1900
01 36967043  VM494  M  DUROVAL 50MG. X10TA                         2     746200000     746200000       000    1492400000       000    0    0    0    0    0         1  7591020008440       20983120       20983120   511778010001  N  0                           619 01/11/2025       USD        3.8639        7.7279  1931176.1900
01 36967043  FA017  M  FITEX 20MG. X2TA                            8     205739690     205739690       000    1645917520       000    0    0    0    0    0         1  7591821904309       20983120       20983120   511778010001  N  0                       1908512 01/09/2021       USD        1.0653        8.5228  1931176.1900
01 36967043  EL369  M  FLATORIL GOTAS 20CC.                        4     455595270     455595270       000    1822381080       000    0    0    0    0    0         1  7591062166191       20983120       20983120   511778010001  N  0                        21017A 01/03/2023       USD        2.3591        9.4366  1931176.1900
01 36967043  MK809  M  IVERMECTINA +MK 6MG. X4TA                   4     342914000     342914000       000    1371656000       000    0    0    0    0    0         1  7591519007121       20983120       20983120   511778010001  N  0                         31483 01/09/2022       USD        1.7756        7.1026  1931176.1900
01 36967043  PG110  M  NINAZO GOTAS AD. 15ML.                     12     236600000     236600000       000    2839200000       000    0    0    0    0    0         1  7591821802957       20983120       20983120   511778010001  N  0                       2011070 01/05/2022       USD        1.2251       14.7019  1931176.1900
01 36967043  RQ018  C  ACEITE CREM CHICHI B.200G                   2     240450898     240450898       000     480901796  76944287    0    0    0    0    0         2  7596097005873       20983120       20983120   511778010002  N  0                   00121871227 01/01/2025       USD        1.2451        2.4902  1931176.1900
01 36967043  CH098  C  AMY T.HUM. MNZNILLA X72                     3     186257457     186257457       000     558772371  89403579    0    0    0    0    0         2  7591061503058       20983120       20983120   511778010002  N  0                        212002 01/02/2023       USD        0.9644        2.8934  1931176.1900
01 36967043  PD390  M  FLEMICAINE SOL.TOP. 5ML.                    2     494000000     520000000  52000000     988000000       000    0    0    5    0    0         3  7591955000489       20983120       20983120   511778010003  N  0                          0025 01/03/2023       USD        2.5580        5.1160  1931176.1900
01 36967043  JN100  N  JENGIMIEL JBE.AD. 120ML.                    2     592475000     592475000       000    1184950000       000    0    0    0    0    0         3  7592520000019       20983120       20983120   511778010003  N  0                        041120 01/11/2022       USD        3.0679        6.1358  1931176.1900
01 36967043  JN110  N  JENGIMIEL JBE.PED. 120ML.                   2     592475000     592475000       000    1184950000       000    0    0    0    0    0         3  7592520000026       20983120       20983120   511778010003  N  0                        011120 01/11/2022       USD        3.0679        6.1358  1931176.1900
02 36967043         73   23721494680    1039674167     166347867   24927516714    0    0    0  000    0    0    0   30/03/2021 10:08:58 a.m.   PR           000           000             0            19           USD  1931176.1900      128.2200
