01 36968465  11795  M  AFLAMAX 50MG. X10TA                         6     214500000     286000000 429000000    1287000000       000    0    0   25    0    0         1  7591196007186       20984807       20984807   511796800001  N  0                       I011069 01/01/2023       USD        1.0899        6.5394  1968064.2300
01 36968465  LO124  M  AIRON 10MG. X10TA                           2     422500000     422500000       000     845000000       000    0    0    0    0    0         1  7591196002563       20984807       20984807   511796800001  N  0                       I120061 01/12/2022       USD        2.1467        4.2935  1968064.2300
01 36968465  VM780  M  AMOXIVAL 250MG.PPSO 90ML.                   2     636350000     636350000       000    1272700000       000    0    0    0    0    0         1  7591020000758       20984807       20984807   511796800001  N  0                           412 01/10/2022       USD        3.2333        6.4667  1968064.2300
01 36968465  GN629  M  AZITROMICINA GN 500 X 5                     6     483600000     483600000       000    2901600000       000    0    0    0    0    0         1  7591585279460       20984807       20984807   511796800001  N  0                           316 01/11/2022       USD        2.4572       14.7434  1968064.2300
01 36968465  PO180  M  BACTRON SUSP. 100ML.                        2     572000000     572000000       000    1144000000       000    0    0    0    0    0         1  7592806122015       20984807       20984807   511796800001  N  0                        009099 01/09/2025       USD        2.9064        5.8128  1968064.2300
01 36968465  PO185  M  BACTRON TAB. X20                            3     598000000     598000000       000    1794000000       000    0    0    0    0    0         1  7592806133073       20984807       20984807   511796800001  N  0                        011140 01/11/2025       USD        3.0385        9.1155  1968064.2300
01 36968465  MK579  M  DOL PLUS TAB. X10                           3     308880000     308880000       000     926640000       000    0    0    0    0    0         1  7591519005134       20984807       20984807   511796800001  N  0                         31561 01/11/2023       USD        1.5694        4.7083  1968064.2300
01 36968465  ED394  M  DOLAK SL 30MG. X4CO                         2     455000000     455000000       000     910000000       000    0    0    0    0    0         1  7592803002419       20984807       20984807   511796800001  N  0                       2010446 01/10/2022       USD        2.3119        4.6238  1968064.2300
01 36968465  PD754  M  FERGANIC 40MG. X14CA                        2     555750000     585000000  58500000    1111500000       000    0    0    5    0    0         1  7591955002421       20984807       20984807   511796800001  N  0                          0141 01/08/2022       USD        2.8238        5.6476  1968064.2300
01 36968465  13085  M  FLAVOXATO CLO 200MG X10TA                   3     680810000     680810000       000    2042430000       000    0    0    0    0    0         1  7703763671984       20984807       20984807   511796800001  N  0                       3256418 01/11/2022       USD        3.4592       10.3778  1968064.2300
01 36968465  VC003  M  GENCIVOL COMPUESTO SOL.15ML                 2     438750000     438750000       000     877500000       000    0    0    0    0    0         1  7592782000529       20984807       20984807   511796800001  N  0                       20A0007 01/10/2022       USD        2.2293        4.4586  1968064.2300
01 36968465  EL035  M  GENURIN 200MG. X10CO                        2    1117809810    1117809810       000    2235619620       000    0    0    0    0    0         1  7591062901198       20984807       20984807   511796800001  N  0                        21018A 01/03/2023       USD        5.6797       11.3594  1968064.2300
01 36968465  LT210  M  LONGACEF 100MG.PPSO 60ML.                   2    2210000000    2210000000       000    4420000000       000    0    0    0    0    0         1  7591585116208       20984807       20984807   511796800001  N  0                           495 01/06/2022       USD       11.2293       22.4586  1968064.2300
01 36968465  14231  M  LORATADINA GDG.PH 10MGX10                   6     125060000     125060000       000     750360000       000    0    0    0    0    0         1  7598307000074       20984807       20984807   511796800001  N  0                         SM002 01/07/2023       USD        0.6354        3.8126  1968064.2300
01 36968465  11827  M  LOSARTAN P.CCM 50MG.X30TA                   6     462852000     462852000       000    2777112000       000    0    0    0    0    0         1  7502226294766       20984807       20984807   511796800001  N  0                       2009238 01/09/2022       USD        2.3518       14.1108  1968064.2300
01 36968465  CO540  M  MIOVIT COMP.AMP.3ML. X3 KIT                 3     812809782    1016012227 609607335    2438429346       000    0    0   20    0    0         1  7591818026366       20984807       20984807   511796800001  N  0                         00386 01/09/2023       USD        4.1299       12.3899  1968064.2300
01 36968465  PG110  M  NINAZO GOTAS AD. 15ML.                     12     236600000     236600000       000    2839200000       000    0    0    0    0    0         1  7591821802957       20984807       20984807   511796800001  N  0                       2011070 01/05/2022       USD        1.2021       14.4263  1968064.2300
01 36968465  NP024  M  NOTOLAC 20MG. X10TA                         2     520408200     520408200       000    1040816400       000    0    0    0    0    0         1  7591821902022       20984807       20984807   511796800001  N  0                       2101001 01/03/2024       USD        2.6442        5.2885  1968064.2300
01 36968465  FA239  M  NOTOLAC 30MG. X4TA.SUBL.                    2     425880000     473200000  94640000     851760000       000    0    0   10    0    0         1  7591821210134       20984807       20984807   511796800001  N  0                       2008742 01/09/2022       USD        2.1639        4.3279  1968064.2300
02 36968465         68   32465667366           000           000   32465667366    0    0    0  000    0    0    0   31/03/2021 11:00:27 a.m.   PR           000           000             0            19           USD  1968064.2300      164.9600
