01 36974332  13542  M  ACETAMINOFEN 650MGX10 COM                  35      90098190      94840200 165970350    3153436650       000    0    5    0    0    0         1  7591585279057       20990186       20990186   511849660001  N  0                           039 01/02/2023       USD        0.4334       15.1700  2078720.5700
01 36974332  13542  M  ACETAMINOFEN 650MGX10 COM                   1      90098190      94840200   4742010      90098190       000    0    5    0    0    0         1  7591585279057       20990186       20990186   511849660001  N  0                           039 01/02/2023       USD        0.4334        0.4334  2078720.5700
01 36974332  14702  M  AMOXICILINA KM500 X10CA                     6     386100000     386100000       000    2316600000       000    0    0    0    0    0         1  6921875011134       20990186       20990186   511849660001  N  0                       2008470 01/08/2023       USD        1.8573       11.1443  2078720.5700
01 36974332  PA126  M  BETADERM CR. 0,05% 15GR.                    3     710894530     710894530       000    2132683590       000    0    0    0    0    0         1  7591243804140       20990186       20990186   511849660001  N  0                       9231902 01/02/2023       USD        3.4198       10.2595  2078720.5700
01 36974332  PA054  M  BETADERM PLUS CREMA 15GR.                   3     802831221     802831221       000    2408493663       000    0    0    0    0    0         1  7591243804164       20990186       20990186   511849660001  N  0                       9220302 01/08/2022       USD        3.8621       11.5864  2078720.5700
01 36974332  VM494  M  DUROVAL 50MG. X10TA                         6     746200000     746200000       000    4477200000       000    0    0    0    0    0         1  7591020008440       20990186       20990186   511849660001  N  0                           624 01/01/2026       USD        3.5897       21.5382  2078720.5700
01 36974332  GN146  M  ENALAPRIL GN 20MG. X30CO                    6     336440000     336440000       000    2018640000       000    0    0    0    0    0         1  7591585378538       20990186       20990186   511849660001  N  0                           417 01/01/2023       USD        1.6184        9.7109  2078720.5700
01 36974332  11434  M  ENALAPRIL PX 20MG. X30TA                    2     357642090     357642090       000     715284180       000    0    0    0    0    0         1  7594001101222       20990186       20990186   511849660001  N  0                          5827 01/08/2022       USD        1.7204        3.4409  2078720.5700
01 36974332  MK809  M  IVERMECTINA +MK 6MG. X4TA                   6     342914000     342914000       000    2057484000       000    0    0    0    0    0         1  7591519007121       20990186       20990186   511849660001  N  0                         31626 01/01/2023       USD        1.6496        9.8978  2078720.5700
01 36974332  11827  M  LOSARTAN P.CCM 50MG.X30TA                   6     462852000     462852000       000    2777112000       000    0    0    0    0    0         1  7502226294766       20990186       20990186   511849660001  N  0                       2009238 01/09/2022       USD        2.2266       13.3597  2078720.5700
01 36974332  11628  M  METFORMINA AL500MG. X30TA                   6     388171525     441104006 317594886    2329029150       000    0    0   12    0    0         1  7597758000084       20990186       20990186   511849660001  N  0                         DL118 01/04/2023       USD        1.8673       11.2041  2078720.5700
01 36974332  EH210  M  SECNIDAZOL VP 1GR. X2TA                     4     370656000     370656000       000    1482624000       000    0    0    0    0    0         1  7703153019914       20990186       20990186   511849660001  N  0                       1336221 01/02/2024       USD        1.7830        7.1323  2078720.5700
01 36974332  GN154  M  SERTRALINA COMPR. 50 X 10                   2     346710000     346710000       000     693420000       000    0    0    0    0    0         1  7591585178275       20990186       20990186   511849660001  N  0                           049 01/12/2023       USD        1.6679        3.3358  2078720.5700
01 36974332  GP400  M  VIGRASOL 50MG. X2CO                         2     273000000     273000000       000     546000000       000    0    0    0    0    0         1  7594000491010       20990186       20990186   511849660001  N  0                          0011 01/01/2022       USD        1.3133        2.6266  2078720.5700
02 36974332         88   27198105423           000           000   27198105423    0    0    0  000    0    0    0   07/04/2021 04:15:52 p.m.   PR           000           000             0            14           USD  2078720.5700      130.8400
