01 36978387  14535  M  ACETAMINOFEN GN500 X10CO                   12 111800000 111800000       0001341600000       000    0    0    0    0    0         1  7591585376657       20994437       20994437   511898800001  N  0                           293 01/02/2023       USD           050           600     223582381
01 36978387  12134  M  AMPICILINA BM500 X100CA                     124570000002457000000       0002457000000       000    0    0    0    0    0         1  6930169708278       20993824       20993824   511898800001  N  0                        190457 01/03/2022       USD          1099          1099     223582381
01 36978387  12137  M  ATENOLOL BM100MG. X100TA                    112636000001263600000       0001263600000       000    0    0    0    0    0         1  6930169708063       20993824       20993824   511898800001  N  0                        190446 01/03/2022       USD           565           565     223582381
01 36978387  PO175  M  BACITRACINA PO UNG. 15 GR.                  6 471900000 471900000       0002831400000       000    0    0    0    0    0         1  7592806141016       20994443       20994443   511898800001  N  0                        011129 01/11/2023       USD           211          1266     223582381
01 36978387  13644  M  CARVEDILOL BUKA 12.5MGX30                   2 728000000 728000000       0001456000000       000    0    0    0    0    0         1  0675696259980       20993824       20993824   511898800001  N  0                        CVR201 01/11/2022       USD           326           651     223582381
01 36978387  DP380  M  CLOTRIMAZOL DP1% CR.20GR.                   4 408475402 453861558 1815446241633901608       000    0    0   10    0    0         1  7592616110011       20994437       20994437   511898800001  N  0                         10196 01/01/2023       USD           183           731     223582381
01 36978387  PA994  M  DIAGESIC SUSP.ORAL 120ML.                   2 697088566 697088566       0001394177132       000    0    0    0    0    0         1  7591243811728       20994437       20994437   511898800001  N  0                       9212402 01/03/2023       USD           312           624     223582381
01 36978387  12079  M  DICLOFENAC S.AL75MG. X2A                    6 178325321 198139245 1188835441069951926       000    0    0   10    0    0         1       75971366       20993824       20993824   511898800001  N  0                       1319144 01/11/2022       USD           080           479     223582381
01 36978387  14118  M  FANASAL PED. X15ML GTAS                    12 217620000 217620000       0002611440000       000    0    0    0    0    0         1  7592236002222       20993824       20993824   511898800001  N  0                          1421 01/02/2023       USD           097          1168     223582381
01 36978387  AY298  C  GASAS ESTER KX4X4 50-S X2                   123660000002366000000       0002366000000       000    0    0    0    0    0         1 10813333014173       20993824       20993824   511898800001  N  0                      20191009 01/11/2024       USD          1058          1058     223582381
01 36978387  GB840  M  GLICERINA GC SUPOS.PED. X6                  3 665604748 665604748       0001996814244       000    0    0    0    0    0         1  7591136923873       20993824       20993824   511898800001  N  0                       2011133 01/11/2022       USD           298           893     223582381
01 36978387  14425  M  HIDROCOR AL100IM/IM X1AM                    3 326626817 362918686 108875607 979880451       000    0    0   10    0    0         1  7597758000688       20994443       20994443   511898800001  N  0                       2120168 01/07/2023       USD           146           438     223582381
01 36978387  CO450  M  KETOPROFENO CO 2ML.X1AMP.                   6 396038783 396038783       0002376232698       000    0    0    0    0    0         1  7591818131039       20993824       20993824   511898800001  N  0                         00289 01/07/2024       USD           177          1063     223582381
01 36978387  14012  M  LEVODO CAR PSICO250-25X10                   2 750230000 750230000       0001500460000       000    0    0    0    0    0         1  7501384549169       20993824       20993824   511898800001  N  0                       1331020 01/10/2022       USD           336           671     223582381
01 36978387  12041  M  LEVODOPA CAR CCM250-25X30                   119604000001960400000       0001960400000       000    0    0    0    0    0         1  7501384548308       20993824       20993824   511898800001  N  0                       5850820 01/08/2022       USD           877           877     223582381
01 36978387  AP350  M  METREN 125MG.SUSP. 120ML.                   1 505681049 505681049       000 505681049       000    0    0    0    0    0         1  7592601200291       20994443       20994443   511898800001  N  0                        025201 01/02/2022       USD           226           226     223582381
01 36978387  11648  M  OMEFLUX 40MG. IV. X1                        3 313416005 348240005 104472000 940248015       000    0    0   10    0    0         1       75971182       20994437       20994437   511898800001  N  0                       2120174 01/07/2023       USD           140           421     223582381
01 36978387  EM410  N  OMEGA 369 NS X60CABL                        212097800001209780000       0002419560000       000    0    0    0    0    0         1   646824234063       20994443       20994437   511898800001  N  0                         36782 01/12/2023       USD           541          1082     223582381
01 36978387  EM410  N  OMEGA 369 NS X60CABL                        112097800001209780000       0001209780000       000    0    0    0    0    0         1   646824234063       20994437       20994437   511898800001  N  0                         36782 01/12/2023       USD           541           541     223582381
01 36978387  CO125  M  PINVEX SOL.TOP.BUCAL 10ML                   3 401391507 401391507       0001204174521       000    0    0    0    0    0         1  7591818111055       20993824       20993824   511898800001  N  0                         00457 01/10/2025       USD           180           539     223582381
01 36978387  12680  M  SOLUCION ISOTO 0,9% 500ML                   1 218400000 218400000       000 218400000       000    0    0    0    0    0         1  7597767000068       20994443       20994443   511898800001  N  0                      19082619 01/08/2022       USD           098           098     223582381
01 36978387  12680  M  SOLUCION ISOTO 0,9% 500ML                   5 218400000 218400000       0001092000000       000    0    0    0    0    0         1  7597767000068       20994443       20994443   511898800001  N  0                      19082619 01/08/2022       USD           098           488     223582381
02 36978387         78   32462701644    2366000000           000   34828701644    0    0    0  000    0    0    0   12/04/2021 01:51:28 p.m.   PR           000           000             0            21           USD     223582381         15578
