01 36976195  GM850  M  AC FOLICO MY GOTAS 15ML.                    6     385496262     385496262       000    2312977572       000    0    0    0    0    0         1  7592601300779       20991466       20991466   511867910001  N  0                        154201 01/02/2023       USD        1.8270       10.9620  2109981.4000
01 36976195  RZ160  M  AC FOLICO PX 10MG. X20TA                    6     191735180     191735180       000    1150411080       000    0    0    0    0    0         1  7594001101338       20991466       20991466   511867910001  N  0                          5767 01/01/2024       USD        0.9087        5.4522  2109981.4000
01 36976195  KH026  C  APLICADOR ALGODON X100 KX                   2     214500000     214500000       000     429000000       000    0    0    0    0    0         1   813333012400       20991466       20991466   511867910001  N  0                      20190509 01/06/2024       USD        1.0165        2.0331  2109981.4000
01 36976195  VF010  C  ARNICA FC GEL P/M BOL.90GR.                 2     338000000     338000000       000     676000000 108160000    0    0    0    0    0         1  7593090000201       20991466       20991466   511867910001  N  0                       2102001 01/02/2024       USD        1.6019        3.2038  2109981.4000
01 36976195  11478  M  CANDESARTAN ELTER16MG.X10                   4     384455500     404690000  80938000    1537822000       000    0    0    5    0    0         1  7592454891189       20991466       20991466   511867910001  N  0                       3263378 01/03/2023       USD        1.8220        7.2883  2109981.4000
01 36976195  14534  M  CEFADROXILO GN500 X10CA                     6     496846350     496846350       000    2981078100       000    0    0    0    0    0         1  7591585470225       20991466       20991466   511867910001  N  0                           560 01/11/2023       USD        2.3547       14.1284  2109981.4000
01 36976195  AP950  M  CETRAL D SOL.ORAL 60ML.                     2     559315007     559315007       000    1118630014       000    0    0    0    0    0         1  7592601101147       20991466       20991466   511867910001  N  0                        033102 01/07/2022       USD        2.6508        5.3016  2109981.4000
01 36976195  DP380  M  CLOTRIMAZOL DP1% CR.20GR.                   4     369328198     410364664 164145864    1477312792       000    0    0   10    0    0         1  7592616110011       20991466       20991466   511867910001  N  0                         10196 01/01/2023       USD        1.7503        7.0015  2109981.4000
01 36976195  11557  M  DESLER M 5MG/10MG. X10TA                    2     749840000     749840000       000    1499680000       000    0    0    0    0    0         1  7592454891257       20991466       20991466   511867910001  N  0                       3261465 01/01/2023       USD        3.5537        7.1075  2109981.4000
01 36976195  PA874  M  DI EUDRIN 12,5MG. X24TA                     4     566793046     566793046       000    2267172184       000    0    0    0    0    0         1  7591243812374       20991466       20991466   511867910001  N  0                       9198903 01/08/2023       USD        2.6862       10.7449  2109981.4000
01 36976195  ZA102  M  EVIGAX 125MG. X10CA.BLA                     2     781628410     781628410       000    1563256820       000    0    0    0    0    0         1  7592432900032       20991466       20991466   511867910001  N  0                        210002 01/11/2023       USD        3.7044        7.4088  2109981.4000
01 36976195  MK052  M  FLUCONAZOL +MK150MG. X2CA                   6     304200000     304200000       000    1825200000       000    0    0    0    0    0         1  7591519001594       20991466       20991466   511867910001  N  0                         31362 01/08/2022       USD        1.4417        8.6503  2109981.4000
01 36976195  PO460  M  FOLIFER B12 TAB. X30                        2     849420000     849420000       000    1698840000       000    0    0    0    0    0         1  7592806133639       20991466       20991466   511867910001  N  0                        101014 01/01/2024       USD        4.0257        8.0514  2109981.4000
01 36976195  LO219  M  GENTAMICINA LO S.OFT. 5CC.                  3     348562500     348562500       000    1045687500       000    0    0    0    0    0         1  7591196002136       20991466       20991466   511867910001  N  0                        011289 01/01/2023       USD        1.6519        4.9559  2109981.4000
01 36976195  BA104  M  GYNOTRAN OV.VAG. X7                         1    2669784000    2669784000       000    2669784000       000    0    0    0    0    0         1  7401078990089       20991466       20991466   511867910001  N  0                        200169 01/05/2022       USD       12.6531       12.6531  2109981.4000
01 36976195  AP270  M  IBUTAN 100MG. SUSP.60ML.                    3     327757576     327757576       000     983272728       000    0    0    0    0    0         1  7592601200192       20991490       20991490   511867910001  N  0                        922501 01/08/2023       USD        1.5533        4.6601  2109981.4000
01 36976195  BQ230  M  LANCERAN GOTAS PED. 30ML.                   2     316875000     316875000       000     633750000       000    0    0    0    0    0         1  7594000850220       20991490       20991490   511867910001  N  0                        210314 01/03/2024       USD        1.5017        3.0035  2109981.4000
01 36976195  10735  M  LANCERAN JBE. 90ML.                         3     294125000     294125000       000     882375000       000    0    0    0    0    0         1  7594000850954       20991490       20991490   511867910001  N  0                        210305 01/03/2023       USD        1.3939        4.1819  2109981.4000
01 36976195  RZ340  M  LORADEX TAB. 10MG. X10                      4     181296960     181296960       000     725187840       000    0    0    0    0    0         1  7594001101383       20991466       20991466   511867910001  N  0                          5755 01/11/2025       USD        0.8592        3.4369  2109981.4000
01 36976195  VM415  M  NACLODIN 0,150MG. X20TA                     4     367492889     367492889       000    1469971556       000    0    0    0    0    0         1  7591020001441       20991466       20991466   511867910001  N  0                           158 01/07/2023       USD        1.7416        6.9667  2109981.4000
01 36976195  GQ045  M  DAKSOL 500MG. X4TA                          3     395330000     395330000       000    1185990000       000    0    0    0    0    0         2  7592454138857       20991466       20991466   511867910002  N  0                       3234329 01/10/2022       USD        1.8736        5.6208  2109981.4000
01 36976195  SQ180  C  LUBRIX GEL CHOCOLATE 60CC.                  2     320877700     320877700       000     641755400 102680864    0    0    0    0    0         3  7592904000437       20991466       20991466   511867910003  N  0                           028 01/11/2023       USD        1.5207        3.0415  2109981.4000
01 36976195  SQ170  C  LUBRIX GEL FRESA 60CC.                      2     320877700     320877700       000     641755400 102680864    0    0    0    0    0         3  7592904000444       20991466       20991466   511867910003  N  0                           105 01/02/2024       USD        1.5207        3.0415  2109981.4000
01 36976195  SQ190  C  LUBRIX GEL MENTA 60CC.                      2     320877700     320877700       000     641755400 102680864    0    0    0    0    0         3  7592904000451       20991466       20991466   511867910003  N  0                           030 01/12/2023       USD        1.5207        3.0415  2109981.4000
01 36976195  BQ250  M  IBUPROFENO BQ SUSP. 120ML.                  2     406250000     406250000       000     812500000       000    0    0    0    0    0         4  7594000850466       20991490       20991490   511867910004  N  0                        210216 01/02/2024       USD        1.9253        3.8507  2109981.4000
02 36976195         79   29840899186    3030266200     416202592   33287367978    0    0    0  000    0    0    0   08/04/2021 02:16:49 p.m.   PR           000           000             0            25           USD  2109981.4000      155.7900
