01 36986383  14702  M  AMOXICILINA KM500 X10CA                     6 437580000 437580000       0002625480000       000    0    0    0    0    0         1  6921875011134       21001101       21001101   511968830001  N  0                       2008470 01/08/2023       USD           185          1111     236358521
01 36986383  GQ019  M  CETIRIZINA ELTER10MG.10TA                   4 272090000 272090000       0001088360000       000    0    0    0    0    0         1  7592454138185       21001186       21001186   511968830001  N  0                       3262037 01/02/2023       USD           115           460     236358521
01 36986383  MY113  M  CETRAL 10MG. X10TA                         12 362995439 362995439       0004355945268       000    0    0    0    0    0         1  7592601100690       21001101       21001101   511968830001  N  0                        125801 01/02/2023       USD           154          1843     236358521
01 36986383  12641  M  CIPROFLOXACINA DAC 500X10                   6 478400000 478400000       0002870400000       000    0    0    0    0    0         1  7598578000094       21001243       21001243   511968830001  N  0                          9170 01/10/2022       USD           202          1214     236358521
01 36986383  11288  M  COLYPAN 200MG. X10TA                        6 656500000 656500000       0003939000000       000    0    0    0    0    0         1  7591821210264       21001101       21001101   511968830001  N  0                       2103125 01/03/2024       USD           278          1667     236358521
01 36986383  MK579  M  DOL PLUS TAB. X10                           2 438165000 438165000       000 876330000       000    0    0    0    0    0         1  7591519005134       21001186       21001186   511968830001  N  0                         31702 01/02/2024       USD           185           371     236358521
01 36986383  VM494  M  DUROVAL 50MG. X10TA                         2 986361916 986361916       0001972723832       000    0    0    0    0    0         1  7591020008440       21001186       21001186   511968830001  N  0                           627 01/03/2026       USD           417           835     236358521
01 36986383  MK964  M  IRBESARTAN +MK150MG. X7TA                   6 491712000 491712000       0002950272000       000    0    0    0    0    0         1  7591519007145       21001101       21001101   511968830001  N  0                         31679 01/01/2024       USD           208          1248     236358521
01 36986383  VA551  M  KETAZOL 20MG. CREMA 15GR.                   3 665711326 665711326       0001997133978       000    0    0    0    0    0         1  7592349429787       21001101       21001101   511968830001  N  0                       2008532 01/08/2025       USD           282           845     236358521
01 36986383  LT037  M  LISILET 10MG. X30CO                         2 936000000 936000000       0001872000000       000    0    0    0    0    0         1  7591585314369       21001101       21001101   511968830001  N  0                           130 01/11/2023       USD           396           792     236358521
01 36986383  PG110  M  NINAZO GOTAS AD. 15ML.                     12 325000000 325000000       0003900000000       000    0    0    0    0    0         1  7591821802957       21001101       21001101   511968830001  N  0                       2009012 01/03/2022       USD           138          1650     236358521
01 36986383  LT041  M  RIFAMIX 200MG. X12CO                        220150000002015000000       0004030000000       000    0    0    0    0    0         1  7591585119049       21001101       21001101   511968830001  N  0                           038 01/10/2023       USD           853          1705     236358521
01 36986383  GQ269  M  SILDENAFIL ELTER50MG.X1TA                  12  97500000  97500000       0001170000000       000    0    0    0    0    0         1  7592454173971       21001186       21001186   511968830001  N  0                       3242992 01/03/2022       USD           041           495     236358521
01 36986383  11177  M  SINUTIL NOC 500-2 X5CA.BL                   6 277550000 277550000       0001665300000       000    0    0    0    0    0         1  7593090000744       21001101       21001101   511968830001  N  0                        200218 01/09/2022       USD           117           705     236358521
01 36986383  KV199  M  TERAGRIP FORTE NOC X6 SOB.                  3 926250000 926250000       0002778750000       000    0    0    0    0    0         1  7591821801882       21001101       21001101   511968830001  N  0                       2009158 01/10/2022       USD           392          1176     236358521
01 36986383  12080  M  TIOCOLCHICOSIDO AL4MG.X2A                   6 688948056 765497840 4592987044133688336       000    0    0   10    0    0         1       75971359       21001101       21001101   511968830001  N  0                        DG1937 01/05/2022       USD           291          1749     236358521
01 36986383  KA264  C  DRENE T.CAP.SECO HYDRA 450                  2 714493083 714493083       0001428986166 228637787    0    0    0    0    0         2  7590005006518       21001186       21001186   511968830002  N  0                     PS2102200 01/02/2023       USD           302           605     236358521
01 36986383  BQ131  M  ACETAMINOFEN BQ120MG100ML                   6 391218750 391218750       0002347312500       000    0    0    0    0    0         3  7594000850855       21001243       21001243   511968830003  N  0                        210307 01/03/2023       USD           166           993     236358521
01 36986383  14109  M  ACETAMINOFEN JBE X120ML                     6 370500000 370500000       0002223000000       000    0    0    0    0    0         3  7592236001980       21001243       21001101   511968830003  N  0                           821 01/02/2023       USD           157           941     236358521
01 36986383  14109  M  ACETAMINOFEN JBE X120ML                     6 370500000 370500000       0002223000000       000    0    0    0    0    0         3  7592236001980       21001101       21001101   511968830003  N  0                           821 01/02/2023       USD           157           941     236358521
01 36986383  QO480  M  ANALPER JBE.PED.150MG.120ML                 6 399152000 420160000 1260480002394912000       000    0    0    5    0    0         3  7592454003117       21001101       21001101   511968830003  N  0                       3264677 01/03/2024       USD           169          1013     236358521
01 36986383  QO540  M  BROXOL ALERG S.ORAL 100ML                   3 771810000 771810000       0002315430000       000    0    0    0    0    0         3  7592454889513       21001101       21001101   511968830003  N  0                       3261882 01/02/2023       USD           327           980     236358521
01 36986383  LC314  N  FLUVIRIN JBE. 120ML.                        3 585000000 585000000       0001755000000       000    0    0    0    0    0         3  7591585111166       21001101       21001101   511968830003  N  0                           222 01/11/2022       USD           248           743     236358521
02 36986383        122   55484037914    1428986166     228637787   57141661867    0    0    0  000    0    0    0   19/04/2021 07:08:58 p.m.   PR           000           000             0            22           USD     236358521         24079
