01 36983584  LN260  M  ACICLOVIR LN 200MG. X25TA                   1 796595461 796595461       000 796595461       000    0    0    0    0    0         1  7592348201100       20998484       20998484   511942690001  N  0                       2006053 01/06/2023       USD           344           344     231516302
01 36983584  12229  C  AGUA OX. PAS 3% V10 120ML                   3 133250000 133250000       000 399750000  63960000    0    0    0    0    0         1  7593723002602       20998484       20998484   511942690001  N  0                       2008233 01/08/2023       USD           058           173     231516302
01 36983584  12230  C  AGUA OX. PAS 9% V30 120ML                   3 133250000 133250000       000 399750000  63960000    0    0    0    0    0         1  7593723002558       20998484       20998484   511942690001  N  0                       2011363 01/11/2023       USD           058           173     231516302
01 36983584  MY030  M  ASCAFYL PLUS500-30-2 10TA                   2 498444375 498444375       000 996888750       000    0    0    0    0    0         1  7592601100676       20998484       20998484   511942690001  N  0                        030006 01/11/2022       USD           215           431     231516302
01 36983584  14341  C  CHICCO GEL AB 100CC.                        4 117316692 117316692       000 469266768  75082683    0    0    0    0    0         1  7591061660508       20998484       20998484   511942690001  N  0                      20520072 01/05/2022       USD           051           203     231516302
01 36983584  CO540  M  MIOVIT COMP.AMP.3ML. X3 KIT                 3 8940907601117613450 6705680702682272280       000    0    0   20    0    0         1  7591818026366       20998484       20998484   511942690001  N  0                         00449 01/10/2023       USD           386          1159     231516302
01 36983584  MY134  M  MUPROBAN 2% UNG. 15GR.                      2 702934375 702934375       0001405868750       000    0    0    0    0    0         1  7592601101093       20998484       20998484   511942690001  N  0                        132801 01/02/2023       USD           304           607     231516302
01 36983584  14611  M  OMEPRAZOL AS40MG. IV X1                     3 343543200 429429000 2576574001030629600       000    0    0   20    0    0         1  8906101410675       20998484       20998484   511942690001  N  0                       DI2G884 01/10/2023       USD           148           445     231516302
01 36983584  12086  M  VIT E VP 400MG. X15CA.BLA                   2 653563746 653563746       0001307127492       000    0    0    0    0    0         1  7592432901428       20998484       20998484   511942690001  N  0                        200222 01/08/2023       USD           282           565     231516302
01 36983584  CH729  C  CHICCO COL. 200CC.                          2 357607695 357607695       000 715215390 114434462    0    0    0    0    0         2  7591061647424       20998484       20998484   511942690002  N  0                      21403071 01/02/2023       USD           154           309     231516302
02 36983584         25    8219382333    1983982158     317437145   10520801636    0    0    0  000    0    0    0   15/04/2021 02:17:18 p.m.   PR           000           000             0            10           USD     231516302          4407
