01 36981132  MK599  M  AC FOLICO +MK 10MG. X20TA                   6 294454875 309952500  929857501766729250       000    0    0    5    0    0         1  7591519004892       20996290       20996290   511919210001  N  0                         31826 01/03/2023       USD           129           771     229048829
01 36981132  13542  M  ACETAMINOFEN 650MGX10 COM                  24 109200000 109200000       0002620800000       000    0    0    0    0    0         1  7591585279057       20996290       20996290   511919210001  N  0                           039 01/02/2023       USD           048          1144     229048829
01 36981132  KL142  M  AFOKLIN 5MG. X20CO                          4 218400000 312000000 374400000 873600000       000    0    0   30    0    0         1  7591619163017       20996290       20996290   511919210001  N  0                          0212 01/01/2024       USD           095           381     229048829
01 36981132  GN629  M  AZITROMICINA GN 500 X 5                     4 556400000 556400000       0002225600000       000    0    0    0    0    0         1  7591585279460       20996290       20996290   511919210001  N  0                           317 01/11/2022       USD           243           972     229048829
01 36981132  LT028  M  BIOTALOL 2,5MG. X30CO                       2 916500000 916500000       0001833000000       000    0    0    0    0    0         1  7591585217172       20996290       20996290   511919210001  N  0                           057 01/02/2023       USD           400           800     229048829
01 36981132  11898  M  BUCOXOLGAR FRU.RO X10TM                     2 277160000 277160000       000 554320000       000    0    0    0    0    0         1  7592454891363       20996290       20996290   511919210001  N  0                       3261467 01/02/2023       USD           121           242     229048829
01 36981132  CO265  M  CLORACE 500MG/4MG X10TA                     3 264676710 330845887 198507531 794030130       000    0    0   20    0    0         1  7591818116043       20996290       20996290   511919210001  N  0                         00430 01/10/2022       USD           116           347     229048829
01 36981132  VM494  M  DUROVAL 50MG. X10TA                         2 746200000 746200000       0001492400000       000    0    0    0    0    0         1  7591020008440       20996290       20996290   511919210001  N  0                           624 01/01/2026       USD           326           652     229048829
01 36981132  11423  M  HIDROCLOROTI GN12,5 X30CO                   4 572000000 572000000       0002288000000       000    0    0    0    0    0         1  7591585172686       20996290       20996290   511919210001  N  0                           018 01/02/2023       USD           250           999     229048829
01 36981132  MO012  M  IBUTANMIGRA TAB. X10                        2 476666667 476666667       000 953333334       000    0    0    0    0    0         1  7592601301622       20996290       20996290   511919210001  N  0                        036402 01/06/2022       USD           208           416     229048829
01 36981132  VP784  M  ILANA 600MG.VAG. X1CA.BL                    2 877748131 877748131       0001755496262       000    0    0    0    0    0         1  7592432011523       20996290       20996290   511919210001  N  0                        200140 01/07/2023       USD           383           766     229048829
01 36981132  11802  M  LEVONORGES MC 0,75MG.X2TA                   6 479121500 479121500       0002874729000       000    0    0    0    0    0         1   614143659058       20996290       20996290   511919210001  N  0                        190320 01/03/2022       USD           209          1255     229048829
01 36981132  12574  M  METRONIDAZOL KMPLU 500X10                  12 175500000 175500000       0002106000000       000    0    0    0    0    0         1  6921875010878       20996290       20996290   511919210001  N  0                       2004435 01/04/2023       USD           077           919     229048829
02 36981132         73   22138037976           000           000   22138037976    0    0    0  000    0    0    0   13/04/2021 04:28:07 p.m.   PR           000           000             0            13           USD     229048829          9665
