01 36987572  13644  M  CARVEDILOL BUKA 12.5MGX30                   2 728000000 728000000       0001456000000       000    0    0    0    0    0         1  0675696259980       21002296       21002296   511978350001  N  0                        CVR201 01/11/2022       USD           308           616     236358521
01 36987572  14534  M  CEFADROXILO GN500 X10CA                     6 643500000 643500000       0003861000000       000    0    0    0    0    0         1  7591585470225       21002296       21002296   511978350001  N  0                           560 01/11/2023       USD           272          1634     236358521
01 36987572  PD754  M  FERGANIC 40MG. X14CA                        8 720720000 800800000 6406400005765760000       000    0    0   10    0    0         1  7591955002421       21002296       21002296   511978350001  N  0                          0133 01/05/2022       USD           305          2439     236358521
01 36987572  MY980  M  IMAZOL 1% CR.VAG. 50GR.                     218561400001856140000       0003712280000       000    0    0    0    0    0         1  7592601100621       21002296       21002296   511978350001  N  0                        117001 01/02/2023       USD           785          1571     236358521
01 36987572  11163  M  LEVOFERIN SOL.ORAL 90ML.                    2 520000000 520000000       0001040000000       000    0    0    0    0    0         1  7592782000741       21002296       21002296   511978350001  N  0                       20B0003 01/11/2023       USD           220           440     236358521
01 36987572  14208  M  METFORMINA PCAPS850 X30TA                   4 611000000 611000000       0002444000000       000    0    0    0    0    0         1  7703153018368       21002296       21002296   511978350001  N  0                       1316957 01/10/2022       USD           258          1034     236358521
01 36987572  ED384  M  MUCLAR JBE. 30/5MG  60ML                    2 633750000 633750000       0001267500000       000    0    0    0    0    0         1  7592803002402       21002296       21002296   511978350001  N  0                       2008419 01/10/2022       USD           268           536     236358521
01 36987572  12445  M  NIFEDIPINA RAV 10MG X100T                   136282818003628281800       0003628281800       000    0    0    0    0    0         1  7460828579400       21002296       21002296   511978350001  N  0                        109818 01/10/2023       USD          1535          1535     236358521
01 36987572  13515  M  PROLARDII 10 SOBX1.3GR                      121409700002140970000       0002140970000       000    0    0    0    0    0         1  7709137132242       21002296       21002296   511978350001  N  0                       0093504 01/08/2022       USD           906           906     236358521
01 36987572  KX100  C  TEST DE EMBARAZO KX                         3 637000000 637000000       0001911000000       000    0    0    0    0    0         1   813333014589       21002296       21002296   511978350001  N  0                     W00100820 01/08/2022       USD           270           809     236358521
01 36987572  10008  C  PRE TRATAMI CACAO 360CM3                    2 382590000 382590000       000 765180000 122428800    0    0    0    0    0         2  7593723001001       21002296       21002296   511978350002  N  0                       2007211 01/08/2023       USD           162           324     236358521
01 36987572  10007  C  PRE TRATAMI OLIVA 360CM3                    2 382590000 382590000       000 765180000 122428800    0    0    0    0    0         2  7593723001018       21002296       21002296   511978350002  N  0                       1902057 01/02/2022       USD           162           324     236358521
02 36987572         35   25315791800    3441360000     244857600   29002009400    0    0    0  000    0    0    0   20/04/2021 04:36:25 p.m.   PR           000           000             0            12           USD     236358521         12167
