01 36988880  10925  M  AMOXICI ALFA250MG.60ML                      210503675001105650000 1105650002100735000       000    0    0    5    0    0         1  7468999181262       21004580       21004580   512002040001  N  0                        200608 01/06/2025       USD           426           851     246746070
01 36988880  GQ224  M  CETIRIZINA ELTER JBE. 60CC.                 6 381420000 381420000       0002288520000       000    0    0    0    0    0         1  7592454138239       21004580       21004580   512002040001  N  0                       3264253 01/03/2024       USD           155           927     246746070
01 36988880  13085  M  FLAVOXATO CLO 200MG X10TA                   2 748930000 748930000       0001497860000       000    0    0    0    0    0         1  7703763671984       21004580       21004580   512002040001  N  0                       3256418 01/11/2022       USD           304           607     246746070
01 36988880  PO460  M  FOLIFER B12 TAB. X30                        2 982800000 982800000       0001965600000       000    0    0    0    0    0         1  7592806133639       21004580       21004580   512002040001  N  0                        101015 01/01/2024       USD           398           797     246746070
01 36988880  11826  M  LAMOTRIGINA CCM 100 X28TA                   2 969280000 969280000       0001938560000       000    0    0    0    0    0         1  7501384544003       21004580       21004580   512002040001  N  0                       1571020 01/10/2022       USD           393           786     246746070
01 36988880  NP024  M  NOTOLAC 20MG. X10TA                         3 598469550 650510380 1561224901795408650       000    0    0    8    0    0         1  7591821902022       21004580       21004580   512002040001  N  0                       2101001 01/03/2024       USD           243           728     246746070
01 36988880  CO125  M  PINVEX SOL.TOP.BUCAL 10ML                   2 441530658 441530658       000 883061316       000    0    0    0    0    0         1  7591818111055       21004580       21004580   512002040001  N  0                         00457 01/10/2025       USD           179           358     246746070
01 36988880  ED224  M  TALERC 10MG. GOTAS 15ML.                    2 292500000 292500000       000 585000000       000    0    0    0    0    0         1  7592803001825       21004580       21004580   512002040001  N  0                       2101467 01/03/2024       USD           119           237     246746070
01 36988880  MY290  M  TILODRIN GOTAS 15ML.                        2 437965421 437965421       000 875930842       000    0    0    0    0    0         1  7592601100539       21004580       21004580   512002040001  N  0                        002701 01/06/2022       USD           177           355     246746070
01 36988880  MK959  M  TIOCOLCHICOSIDO +MK 4MG.X12                 110688600001068860000       0001068860000       000    0    0    0    0    0         1  7591519007749       21004580       21004580   512002040001  N  0                         31608 01/12/2023       USD           433           433     246746070
01 36988880  CO430  M  BENCIDAMINA CO T.BUCAL120                   2 295952687 295952687       000 591905374       000    0    0    0    0    0         2  7591818139004       21004580       21004580   512002040002  N  0                         00366 01/09/2024       USD           120           240     246746070
01 36988880  11203  N  PASSIFLORA FC JBE. 120ML.                   1 793000000 793000000       000 793000000       000    0    0    0    0    0         2  7593090002205       21004580       21004580   512002040002  N  0                      17022150 01/02/2023       USD           321           321     246746070
01 36988880  ED219  M  TALERC 1MG.SOL.ORAL 120ML                   3 390000000 390000000       0001170000000       000    0    0    0    0    0         2  7592803001818       21004580       21004580   512002040002  N  0                       2102488 01/02/2023       USD           158           474     246746070
02 36988880         30   17554441182           000           000   17554441182    0    0    0  000    0    0    0   21/04/2021 03:17:58 p.m.   PR           000           000             0            13           USD     246746070          7114
