01 36987990  13479  M  AMLODIPINO 5 MG X 30 TAB                    3 528125000 528125000       0001584375000       000    0    0    0    0    0         1  7706569021571       21003265       21003265   511992950001  N  0                        20A532 01/02/2022       USD           214           642     246746070
01 36987990  KN420  M  ANASMOL 2,5MG. X30CO                        1 943800000 943800000       000 943800000       000    0    0    0    0    0         1  7591955003084       21003809       21003809   511992950001  N  0                          0030 01/10/2022       USD           382           382     246746070
01 36987990  KL489  M  ANASMOL 5MG. X30CO                          115444000001544400000       0001544400000       000    0    0    0    0    0         1  7591955003091       21003265       21003265   511992950001  N  0                          0041 01/10/2022       USD           626           626     246746070
01 36987990  GN629  M  AZITROMICINA GN 500 X 5                     6 702000000 702000000       0004212000000       000    0    0    0    0    0         1  7591585279460       21003291       21003291   511992950001  N  0                           317 01/11/2022       USD           284          1707     246746070
01 36987990  MY185  M  BENDAMEN 100MG. X6TA                        4 527312500 527312500       0002109250000       000    0    0    0    0    0         1  7592601100218       21003265       21003265   511992950001  N  0                        111601 01/02/2026       USD           214           855     246746070
01 36987990  LT077  M  CANFIR LP 500MG. X30CO                      1 981500000 981500000       000 981500000       000    0    0    0    0    0         1  7591585112620       21003809       21003809   511992950001  N  0                           031 01/01/2023       USD           398           398     246746070
01 36987990  14386  M  CYNTHOGEST200 10T.ORA-VAG                   220709000002070900000       0004141800000       000    0    0    0    0    0         1  8904250514695       21003265       21003265   511992950001  N  0                    E0S2HTA006 01/05/2022       USD           839          1679     246746070
01 36987990  13084  M  DAYZOL 600MG-4MG X20CO                      312090000001209000000       0003627000000       000    0    0    0    0    0         1  7591585117632       21003265       21003265   511992950001  N  0                           005 01/02/2023       USD           490          1470     246746070
01 36987990  ED330  M  DIFENAC 1%  GEL 30GR.                       2 598000000 598000000       0001196000000       000    0    0    0    0    0         1  7592803000385       21003809       21003809   511992950001  N  0                       2102478 01/02/2023       USD           242           485     246746070
01 36987990  VC003  M  GENCIVOL COMPUESTO SOL.15ML                 2 487500000 487500000       000 975000000       000    0    0    0    0    0         1  7592782000529       21003809       21003809   511992950001  N  0                       20B0009 01/12/2022       USD           198           395     246746070
01 36987990  GN534  M  KETOPROFENO GN I.M.2ML.X2                   4 502393288 502393288       0002009573152       000    0    0    0    0    0         1  7591585170781       21003265       21003265   511992950001  N  0                           089 01/12/2022       USD           204           814     246746070
01 36987990  XV032  C  PAPEL ALUM FLOW PACK 6MT                    2 278460000 278460000       000 556920000  89107200    0    0    0    0    0         1  7592825000745       21003809       21003809   511992950001  N  0                           10X 01/01/2030       USD           113           226     246746070
01 36987990  KV339  M  TERAGRIP FORTE 24H TAB. X14                 2 926250000 926250000       0001852500000       000    0    0    0    0    0         1  7591821802414       21003809       21003809   511992950001  N  0                       2008716 01/09/2022       USD           375           751     246746070
01 36987990  DP013  M  TERBINAFINA DP CR.1% 15GR.                  3 353199847 392444274 1177332811059599541       000    0    0   10    0    0         1  7592616584126       21003265       21003265   511992950001  N  0                         10203 01/02/2023       USD           143           429     246746070
01 36987990  KA384  C  DERMOX LOC.CORP. REAF.350                   2 528595006 528595006       0001057190012 169150402    0    0    0    0    0         2  7590005183141       21003265       21003265   511992950002  N  0                       2102024 01/02/2023       USD           214           428     246746070
01 36987990  KA104  C  EVERY N.CR.HID. A.VERA 350                  2 471026024 471026024       000 942052048 150728328    0    0    0    0    0         2  7590005166373       21003265       21003265   511992950002  N  0                       2102178 01/02/2023       USD           191           382     246746070
01 36987990  GI720  C  GILLETTE D.BOL. C.W 60GR.                   3 281579550 281579550       000 844738650 135158184    0    0    0    0    0         2       75045555       21003809       21003809   511992950002  N  0                      10492033 01/01/2030       USD           114           342     246746070
01 36987990  ED175  C  NOPUCID LOC. 100 CC.                        2 728000000 728000000       0001456000000 232960000    0    0    0    0    0         2  7592803000835       21003809       21003809   511992950002  N  0                       2010443 01/10/2022       USD           295           590     246746070
01 36987990  14110  M  ACETAMINOFEN GOTAS X15ML                    6 273000000 273000000       0001638000000       000    0    0    0    0    0         3  7592236001997       21003265       21003265   511992950003  N  0                          1731 01/03/2023       USD           111           664     246746070
01 36987990  LO444  M  APIRET 180SOL.ORAL 120ML.                  12 399518438 399518438       0004794221256       000    0    0    0    0    0         3  7591196002785       21003265       21003265   511992950003  N  0                       I031124 01/03/2023       USD           162          1943     246746070
01 36987990  10615  N  CITRATO POTASIO10,8%FS240                   2 661375000 661375000       0001322750000       000    0    0    0    0    0         3  7592368003449       21003809       21003809   511992950003  N  0                       0321044 01/03/2022       USD           268           536     246746070
02 36987990         65   33991768949    4856900710     777104114   39625773773    0    0    0  000    0    0    0   21/04/2021 09:30:53 a.m.   PR           000           000             0            21           USD     246746070         15744
