01 36997438  EL010  M  ALBICAR 200MG. X6TA                         3 544610820 544610820       0001633832460       000    0    0    0    0    0         1  7591062010173       21011279       21011279   512078870001  N  0                        20139B 01/11/2023       USD          200          600    272471752
01 36997438  KV004  M  ANTILAX 2MG. X10TA                          2 357500000 357500000       000 715000000       000    0    0    0    0    0         1  7591821102095       21011279       21011279   512078870001  N  0                       2010043 01/10/2022       USD          131          262    272471752
01 36997438  VO109  M  ATORVASTATINA GENCER 20 X20                 3 746200000 746200000       0002238600000       000    0    0    0    0    0         1  7591020080453       21011279       21011279   512078870001  N  0                            50 01/02/2023       USD          274          822    272471752
01 36997438  GF109  M  AZITROMICINA GF PPSO15ML.                   311498500001149850000       0003449550000       000    0    0    0    0    0         1  7702605100538       21011279       21011279   512078870001  N  0                      OGC1707A 01/02/2022       USD          422         1266    272471752
01 36997438  11625  M  BISOPROLOL AL5MG. X30TA                     212028272281202827228       0002405654456       000    0    0    0    0    0         1  7597758000121       21011279       21011279   512078870001  N  0                         DL108 01/05/2023       USD          441          883    272471752
01 36997438  AO180  M  CALOXPIRINA 81MG. X30TA                     3 513383000 513383000       0001540149000       000    0    0    0    0    0         1  7591519008487       21011279       21011279   512078870001  N  0                         31798 01/03/2024       USD          188          565    272471752
01 36997438  14341  C  CHICCO GEL AB 100CC.                        4 117316692 117316692       000 469266768  75082683    0    0    0    0    0         1  7591061660508       21011279       21011279   512078870001  N  0                      20520072 01/05/2022       USD          043          172    272471752
01 36997438  KW007  C  CLIMAX MAXIMA PRESERV. X3                   2 168350000 168350000       000 336700000  53872000    0    0    0    0    0         1  8852961006148       21011279       21011279   512078870001  N  0                        174602 01/10/2022       USD          062          124    272471752
01 36997438  KW006  C  CLIMAX PUNTOS PRESERV. X3                   2 168350000 168350000       000 336700000  53872000    0    0    0    0    0         1  8852961006162       21011279       21011279   512078870001  N  0                        174603 01/10/2022       USD          062          124    272471752
01 36997438  PB015  C  DENCORUB ICE GEL 40GR.                      3 328907947 328907947       000 986723841 157875815    0    0    0    0    0         1  7591309001049       21011279       21011279   512078870001  N  0                      A2102027 01/02/2024       USD          121          362    272471752
01 36997438  13655  M  DICLOFENAC P 50MGX10TA                     12 234000000 234000000       0002808000000       000    0    0    0    0    0         1   675696260030       21011279       21011279   512078870001  N  0                       DFC2502 01/08/2023       USD          086         1031    272471752
01 36997438  LT021  M  DIMAVYL MET COMPR.2/500 X30                 115600000001560000000       0001560000000       000    0    0    0    0    0         1  7591585212573       21011279       21011279   512078870001  N  0                           091 01/11/2022       USD          573          573    272471752
01 36997438  MK076  M  ENALAPRIL +MK 20MG.X30TA                    3 453375000 453375000       0001360125000       000    0    0    0    0    0         1  7591519051643       21011279       21011279   512078870001  N  0                         31814 01/03/2023       USD          166          499    272471752
01 36997438  11666  M  ETORICOXIB +MK60MG. X10TA                   2 616590000 616590000       0001233180000       000    0    0    0    0    0         1  7591519317275       21011279       21011279   512078870001  N  0                         31617 01/01/2023       USD          226          453    272471752
01 36997438  12622  C  EVERY N. GEL FIJ POWER100                   3 177956210 177956210       000 533868630  85418981    0    0    0    0    0         1  7590005168209       21011279       21011279   512078870001  N  0                       2103091 01/03/2023       USD          065          196    272471752
01 36997438  LT067  M  LETISAN 500MG. X10TM                       10 298350000 298350000       0002983500000       000    0    0    0    0    0         1  7591585514875       21011279       21011279   512078870001  N  0                           038 01/03/2023       USD          109         1095    272471752
01 36997438  VP720  M  NEURIBE B BLANDAS X 30                      111737440001304160000 1304160001173744000       000    0    0   10    0    0         1  7592432005300       21011279       21011279   512078870001  N  0                        210006 01/12/2023       USD          431          431    272471752
01 36997438  VC004  M  SOLUNOVAR COMP.SOL. 30ML.                   2 552500000 552500000       0001105000000       000    0    0    0    0    0         1  7592782000598       21011299       21011299   512078870001  N  0                       20A0001 01/10/2022       USD          203          406    272471752
01 36997438  GQ079  M  VIT C LS500NRJA.10B.X10TM                   320506200002050620000       0006151860000       000    0    0    0    0    0         1  7703763750115       21011279       21011279   512078870001  N  0                       3258295 01/11/2023       USD          753         2258    272471752
01 36997438  FS003  N  YODO BLANCO 30CC. X6                        113702000001370200000       0001370200000       000    0    0    0    0    0         1  7592368000875       21011279       21011279   512078870001  N  0                       0321035 01/03/2023       USD          503          503    272471752
01 36997438  VP003  M  NYTAXIN 500MG. X6CA.BL.                     210632748041181416449 2362832902126549608       000    0    0   10    0    0         2  7592432018010       21011279       21011279   512078870002  N  0                        200240 01/09/2022       USD          390          780    272471752
01 36997438  EH210  M  SECNIDAZOL VP 1GR. X2TA                     6 379080000 421200000 2527200002274480000       000    0    0   10    0    0         2  7703153019914       21011279       21011279   512078870002  N  0                       1336222 01/02/2024       USD          139          835    272471752
01 36997438  VP400  M  VIT E VP 400MG. X30CA.BLA                   111009570361223285596 1223285601100957036       000    0    0   10    0    0         2  7592432005478       21011279       21011279   512078870002  N  0                        200274 01/09/2023       USD          404          404    272471752
02 36997438         74   37230381560    2663259239     426121478   40319762277    0    0    0  000    0    0    0   29/04/2021 01:31:46 p.m.   PR           000           000             0            23           USD    272471752        14641
