01 36994044  DT410  N  AZUFRE POLVO DT X12                         120356188062035618806       0002035618806       000    0    0    0    0    0         1 17591616001517       21007690       21007690   512043270001  N  0                        510028 01/08/2023       USD           769           769     264785166
01 36994044  PO180  M  BACTRON SUSP. 100ML.                        3 800800000 800800000       0002402400000       000    0    0    0    0    0         1  7592806122015       21007690       21007690   512043270001  N  0                        011134 01/11/2025       USD           302           907     264785166
01 36994044  DP380  M  CLOTRIMAZOL DP1% CR.20GR.                   2 408475402 453861558  90772312 816950804       000    0    0   10    0    0         1  7592616110011       21007690       21007690   512043270001  N  0                         10196 01/01/2023       USD           154           309     264785166
01 36994044  14370  M  CLOTRIMAZOL PROTU1% CR.20                   2 872300000 872300000       0001744600000       000    0    0    0    0    0         1  7750215136249       21007690       21007690   512043270001  N  0                       2117480 01/11/2024       USD           329           659     264785166
01 36994044  11114  C  CREM ENCIA NI?A 100GR.                      3 229710000 229710000       000 689130000 110260800    0    0    0    0    0         1  7595751001381       21008257       21008257   512043270001  N  0                       2005007 01/05/2023       USD           087           260     264785166
01 36994044  13893  M  DESAZONA 4MG. X100TA                        135217000003521700000       0003521700000       000    0    0    0    0    0         1  7750215026250       21007690       21007690   512043270001  N  0                       2081590 01/08/2023       USD          1330          1330     264785166
01 36994044  14117  M  FANASAL  AD. X 15ML GTAS                   12 252200000 252200000       0003026400000       000    0    0    0    0    0         1  7592236002215       21007690       21007690   512043270001  N  0                          3441 01/04/2023       USD           095          1143     264785166
01 36994044  12328  M  GENTAPLUS 0.3% 10ML                         3 370500000 370500000       0001111500000       000    0    0    0    0    0         1  8904030802042       21008257       21008257   512043270001  N  0                        190710 01/07/2022       USD           140           420     264785166
01 36994044  14449  M  LEVOFLOXACINA BIU500 10TA                   3 807950000 807950000       0002423850000       000    0    0    0    0    0         1  8901463129821       21007690       21007690   512043270001  N  0                     BLB72006B 01/07/2024       USD           305           915     264785166
01 36994044  LL195  M  MERTHIOLATE TINTURA 60ML.                   1 684230663 684230663       000 684230663       000    0    0    0    0    0         1  7592349953152       21007690       21007690   512043270001  N  0                       2009039 01/09/2022       USD           258           258     264785166
01 36994044  13616  M  METFORMINA BIUM 850MG X30                   3 752862500 752862500       0002258587500       000    0    0    0    0    0         1  0795853122213       21008270       21008270   512043270001  N  0                      FMW2022A 01/09/2022       USD           284           853     264785166
01 36994044  CO185  M  MIOVIT GRAGEAS X10                          2 499427624 499427624       000 998855248       000    0    0    0    0    0         1  7591818118030       21008257       21008257   512043270001  N  0                         10020 01/02/2024       USD           189           377     264785166
01 36994044  EM330  N  MULTIVITAMINICO NS TAB. X60                 216777800001677780000       0003355560000 536889600    0    0    0    0    0         1   646824204066       21008257       21008257   512043270001  N  0                         36785 01/12/2023       USD           634          1267     264785166
01 36994044  LO414  M  NAS SOL.GOTAS AD. 15ML.                     6 247000000 247000000       0001482000000       000    0    0    0    0    0         1  7591196003140       21008257       21008257   512043270001  N  0                       I100017 01/11/2022       USD           093           560     264785166
01 36994044  NW700  N  OMEGA 3 NOW 1000MG.X45CA                    115600000001560000000       0001560000000       000    0    0    0    0    0         1   733739110411       21008257       21008257   512043270001  N  0                       3178683 01/09/2023       USD           589           589     264785166
01 36994044  FA249  M  RINOLAST D SUSP. 120CC.                     310797858501079785850       0003239357550       000    0    0    0    0    0         1  7591821901377       21007690       21007690   512043270001  N  0                       2007439 01/07/2022       USD           408          1223     264785166
01 36994044  PA033  M  SAX SOL. VAGINAL 135 CC.                    2 663950076 663950076       0001327900152       000    0    0    0    0    0         1  7591241846609       21008270       21008270   512043270001  N  0                       9223502 01/09/2023       USD           251           502     264785166
01 36994044  PA034  M  SAXACID SOL. VAG. 135 CC.                   2 655574598 655574598       0001311149196       000    0    0    0    0    0         1  7591241846647       21008270       21008270   512043270001  N  0                       9220201 01/03/2023       USD           248           495     264785166
01 36994044  HE220  N  VALERIANA JBE SOMA 120CC                    6 788491389 788491389       0004730948334       000    0    0    0    0    0         1  7596139000057       21008257       21008257   512043270001  N  0                         JV301 01/01/2022       USD           298          1787     264785166
01 36994044  ED379  M  VIZERUL 150MG. JBE.120ML.                   2 676000000 676000000       0001352000000       000    0    0    0    0    0         1  7592803002389       21007690       21007690   512043270001  N  0                       2102489 01/02/2023       USD           255           511     264785166
02 36994044         60   39383608253     689130000     647150400   40719888653    0    0    0  000    0    0    0   26/04/2021 06:03:30 p.m.   PR           000           000             0            20           USD     264785166         15134
