01 37001958  GQ035  M  ALBENDAZOL LS 200MG. X2TA                  12 214500000 214500000       0002574000000       000    0    0    0    0    0         1  7592454003261       21015147       21015147   512125910001  N  0                       3253211 01/09/2023       USD          076          912    282287448
01 37001958  MK106  M  AMLODIPINA +MK10MG. X30TA                   3 697320000 697320000       0002091960000       000    0    0    0    0    0         1  7591519001648       21015147       21015147   512125910001  N  0                         31671 01/01/2023       USD          247          741    282287448
01 37001958  12137  M  ATENOLOL BM100MG. X100TA                    117082000001708200000       0001708200000       000    0    0    0    0    0         1  6930169708063       21015147       21015147   512125910001  N  0                        190446 01/03/2022       USD          605          605    282287448
01 37001958  PO180  M  BACTRON SUSP. 100ML.                        4 858000000 858000000       0003432000000       000    0    0    0    0    0         1  7592806122015       21015147       21015147   512125910001  N  0                        011134 01/11/2025       USD          304         1216    282287448
01 37001958  KL129  M  BETARRETIN CR. 0,025 30GR.                  211960000001196000000       0002392000000       000    0    0    0    0    0         1  7591619517841       21015119       21015119   512125910001  N  0                          0001 01/09/2024       USD          424          847    282287448
01 37001958  12191  M  CARBAMAZEPINA AL200MG30TA                   2 772134944 848499939 1527299901544269888       000    0    0    9    0    0         1  7597758000503       21015126       21015126   512125910001  N  0                         DL070 01/07/2022       USD          274          547    282287448
01 37001958  13590  M  CARVEDILOL 6,25MG X30TA                     3 950690000 950690000       0002852070000       000    0    0    0    0    0         1  7703763712724       21015147       21015147   512125910001  N  0                       3256794 01/10/2022       USD          337         1010    282287448
01 37001958  CO003  M  CELAY SOL.ORAL. 100ML.                      4 708911822 708911822       0002835647288       000    0    0    0    0    0         1  7591818215050       21015126       21015126   512125910001  N  0                         10074 01/03/2023       USD          251         1005    282287448
01 37001958  GQ224  M  CETIRIZINA ELTER JBE. 60CC.                12 457730000 457730000       0005492760000       000    0    0    0    0    0         1  7592454138239       21015119       21015119   512125910001  N  0                       3262100 01/02/2024       USD          162         1946    282287448
01 37001958  LN335  M  COMPLEJO B LN COMP.AMP. X1                  4 357500000 357500000       0001430000000       000    0    0    0    0    0         1  7592348205009       21015126       21015126   512125910001  N  0                            30 01/10/2023       USD          127          507    282287448
01 37001958  GN739  M  DICLOFENAC P. GN50 X10CO                   12 176800000 176800000       0002121600000       000    0    0    0    0    0         1  7591585279248       21015119       21015119   512125910001  N  0                           754 01/01/2024       USD          063          752    282287448
01 37001958  AY298  C  GASAS ESTER KX4X4 50-S X2                   131200000003120000000       0003120000000       000    0    0    0    0    0         1 10813333014173       21015147       21015147   512125910001  N  0                      20080307 01/09/2025       USD         1105         1105    282287448
01 37001958  14427  M  HIOSCINA BUTIL AL20MG.5AM                   213709684911506558781 2711805802741936982       000    0    0    9    0    0         1  7597758000701       21015147       21015147   512125910001  N  0                       1320322 01/08/2023       USD          486          971    282287448
01 37001958  14389  M  IVERMECTINA VM 6MG. X4TA                    6 325000000 325000000       0001950000000       000    0    0    0    0    0         1  7591020009041       21015119       21015119   512125910001  N  0                            03 01/03/2023       USD          115          691    282287448
01 37001958  12147  M  LEVONORGESTREL MF1,5 X1TA                   513536900001353690000       0006768450000       000    0    0    0    0    0         1  7502214985935       21015156       21015147   512125910001  N  0                       OAH017A 01/01/2022       USD          480         2398    282287448
01 37001958  12147  M  LEVONORGESTREL MF1,5 X1TA                   613536900001353690000       0008122140000       000    0    0    0    0    0         1  7502214985935       21015147       21015147   512125910001  N  0                       OAH017A 01/01/2022       USD          480         2877    282287448
01 37001958  11628  M  METFORMINA AL500MG. X30TA                   6 556333127 611355085 3301317483337998762       000    0    0    9    0    0         1  7597758000084       21015156       21015156   512125910001  N  0                         DL118 01/04/2023       USD          197         1182    282287448
01 37001958  KL084  M  PLIDAN COMP.10-125  X10CO                   512740000001274000000       0006370000000       000    0    0    0    0    0         1  7591619518695       21015156       21015156   512125910001  N  0                          0009 01/02/2024       USD          451         2257    282287448
01 37001958  12158  M  RANITIDINA BM50MG X10AMP                    1 474500000 474500000       000 474500000       000    0    0    0    0    0         1  6930169708124       21015147       21015147   512125910001  N  0                        190476 01/03/2022       USD          168          168    282287448
01 37001958  FS510  N  VASELINA FSI 30GR.                          4 390910000 390910000       0001563640000       000    0    0    0    0    0         1  7592368001049       21015177       21015177   512125910001  N  0                       0221053 01/08/2022       USD          138          554    282287448
01 37001958  11643  M  XANEXTRA 500MG. IV X5A.                     118858675612072381935 1865143741885867561       000    0    0    9    0    0         1       75971229       21015147       21015147   512125910001  N  0                       2220115 01/07/2023       USD          668          668    282287448
01 37001958  KL115  M  BACITRACINA KL UNG. 15GR.                   6 598000000 598000000       0003588000000       000    0    0    0    0    0         2  7591619505015       21015147       21015147   512125910002  N  0                          0171 01/12/2022       USD          212         1271    282287448
01 37001958  12581  M  CEFIXIMA KMPLUS 400MGX10C                   235880000003588000000       0007176000000       000    0    0    0    0    0         2  6921875010809       21015126       21015126   512125910002  N  0                       2009465 01/09/2023       USD         1271         2542    282287448
01 37001958  SA520  M  MESIGYNA INSTAYECT 1ML.                     222850100002285010000       0004570020000       000    0    0    0    0    0         2  7501303443318       21015119       21015119   512125910002  N  0                       XB30LG4 01/05/2022       USD          809         1619    282287448
01 37001958  LT043  M  PEGYT 75MG. X20CA                           210400000001040000000       0002080000000       000    0    0    0    0    0         2  7591585317018       21015119       21015119   512125910002  N  0                          0451 01/11/2023       USD          368          737    282287448
01 37001958  13828  C  CHAMPU COCO V. 350ML BIOR                   2 390000000 390000000       000 780000000 124800000    0    0    0    0    0         3  7596548003397       21015119       21015119   512125910003  N  0                      20110741 01/11/2022       USD          138          276    282287448
02 37001958        110   79103060481    3900000000     124800000   83127860481    0    0    0  000    0    0    0   03/05/2021 02:21:13 p.m.   PR           000           000             0            25           USD    282287448        29404
