01 37005110  VM375  M  ACEVAL 650MG. X10TA                         6 173550000 173550000       0001041300000       000    0    0    0    0    0         1  7591020000611       21018461       21018461   512161580001  N  0                           191 01/01/2026       USD          061          363    286632452
01 37005110  LO124  M  AIRON 10MG. X10TA                           3 608400000 608400000       0001825200000       000    0    0    0    0    0         1  7591196002563       21018461       21018461   512161580001  N  0                       I011079 01/01/2023       USD          212          637    286632452
01 37005110  12039  M  CEFADROXILO AL250 PPSO60                    3 786012077 863749535 2332123742358036231       000    0    0    9    0    0         1  7597758000244       21018461       21018461   512161580001  N  0                         DL088 01/11/2022       USD          274          823    286632452
01 37005110  12025  M  CEFADROXILO DAC500 X10TA                    3 745631250 784875000 1177312502236893750       000    0    0    5    0    0         1  8906121690033       21018461       21018461   512161580001  N  0                          V117 01/06/2022       USD          260          780    286632452
01 37005110  VM384  M  DUROVAL 100MG. X1TA                         4 183391018 183391018       000 733564072       000    0    0    0    0    0         1  7591020006330       21018461       21018461   512161580001  N  0                            20 01/11/2025       USD          064          256    286632452
01 37005110  BQ230  M  LANCERAN GOTAS PED. 30ML.                   3 568750000 568750000       0001706250000       000    0    0    0    0    0         1  7594000850220       21018461       21018461   512161580001  N  0                        210314 01/03/2024       USD          198          595    286632452
01 37005110  10735  M  LANCERAN JBE. 90ML.                         3 522031250 522031250       0001566093750       000    0    0    0    0    0         1  7594000850954       21018461       21018461   512161580001  N  0                        210305 01/03/2023       USD          182          546    286632452
01 37005110  LO439  M  LORATADINA LO 10MG. X10TA                   6 270270000 270270000       0001621620000       000    0    0    0    0    0         1  7591196002990       21018461       21018461   512161580001  N  0                       I120053 01/12/2022       USD          094          566    286632452
01 37005110  PG110  M  NINAZO GOTAS AD. 15ML.                     12 390000000 390000000       0004680000000       000    0    0    0    0    0         1  7591821802957       21018461       21018461   512161580001  N  0                      2009014D 01/04/2022       USD          136         1633    286632452
01 37005110  LT043  M  PEGYT 75MG. X20CA                           210400000001040000000       0002080000000       000    0    0    0    0    0         1  7591585317018       21018461       21018461   512161580001  N  0                          0451 01/11/2023       USD          363          726    286632452
01 37005110  12578  M  PENICILINA KMP 1.200.000U                   4 231833333 231833333       000 927333332       000    0    0    0    0    0         1  6921875010762       21018461       21018461   512161580001  N  0                       2009460 01/09/2023       USD          081          324    286632452
01 37005110  GQ370  M  PIROXICAM ELTER20MG.X10CA                   3 676390000 676390000       0002029170000       000    0    0    0    0    0         1  7592454172073       21018461       21018461   512161580001  N  0                       3234432 01/10/2024       USD          236          708    286632452
01 37005110  BQ131  M  ACETAMINOFEN BQ120MG100ML                   6 477343750 477343750       0002864062500       000    0    0    0    0    0         2  7594000850855       21018461       21018461   512161580002  N  0                        210307 01/03/2023       USD          167          999    286632452
01 37005110  LO444  M  APIRET 180SOL.ORAL 120ML.                   6 479422125 479422125       0002876532750       000    0    0    0    0    0         2  7591196002785       21018461       21018461   512161580002  N  0                       I031125 01/04/2023       USD          167         1004    286632452
01 37005110  CO570  M  MIOVIT JARABE 90ML.                         3 632964625 703294028 2109882091898893875       000    0    0   10    0    0         2  7591818251362       21018461       21018461   512161580002  N  0                         00265 01/06/2022       USD          221          662    286632452
01 37005110  FS016  N  TINTURA VALERIANA 30CCX6                    116926000001692600000       0001692600000       000    0    0    0    0    0         2  7592368000783       21018461       21018461   512161580002  N  0                       0321042 01/03/2023       USD          591          591    286632452
01 37005110  KL235  M  VIT C KL 100MG. JBE.120ML                   3 657800000 657800000       0001973400000       000    0    0    0    0    0         2  7591619515021       21018461       21018461   512161580002  N  0                          0097 01/08/2022       USD          229          688    286632452
02 37005110         71   34110950260           000           000   34110950260    0    0    0  000    0    0    0   06/05/2021 10:16:16 a.m.   PR           000           000             0            17           USD    286632452        11901
