01 37010133  MK599  M  AC FOLICO +MK 10MG. X20TA                   3 415701000 437580000  656370001247103000       000    0    0    5    0    0         1  7591519004892       21023540       21023540   512209780001  N  0                         31827 01/03/2023       USD          147          441    282487983
01 37010133  VM780  M  AMOXIVAL 250MG.PPSO 90ML.                   2 962812500 962812500       0001925625000       000    0    0    0    0    0         1  7591020000758       21023540       21023540   512209780001  N  0                           413 01/10/2022       USD          341          682    282487983
01 37010133  12134  M  AMPICILINA BM500 X100CA                     133215000003321500000       0003321500000       000    0    0    0    0    0         1  6930169708278       21023540       21023540   512209780001  N  0                        190457 01/03/2022       USD         1176         1176    282487983
01 37010133  12570  M  BUDECORT SOL.P INHAL10ML.                   6 702000000 702000000       0004212000000       000    0    0    0    0    0         1  7591196007162       21023540       21023540   512209780001  N  0                        031907 01/04/2023       USD          248         1491    282487983
01 37010133  GQ019  M  CETIRIZINA ELTER10MG.10TA                   6 456820000 456820000       0002740920000       000    0    0    0    0    0         1  7592454138185       21023540       21023540   512209780001  N  0                       3263004 01/02/2023       USD          162          970    282487983
01 37010133  14341  C  CHICCO GEL AB 100CC.                        4 117316692 117316692       000 469266768  75082683    0    0    0    0    0         1  7591061660508       21023540       21023540   512209780001  N  0                      20520072 01/05/2022       USD          042          166    282487983
01 37010133  ED100  M  CINAREN CAPS. 75MG. X20                     116588000001658800000       0001658800000       000    0    0    0    0    0         1  7592803000118       21023540       21023540   512209780001  N  0                       2104504 01/04/2025       USD          587          587    282487983
01 37010133  10298  M  CLAVOXILIN 250-62,5PPS120                   217680000001768000000       0003536000000       000    0    0    0    0    0         1  5600360011637       21023540       21023540   512209780001  N  0                     H0011139H 01/12/2021       USD          626         1252    282487983
01 37010133  CO265  M  CLORACE 500MG/4MG X10TA                     4 464055029 515616699 2062466801856220116       000    0    0   10    0    0         1  7591818116043       21023540       21023540   512209780001  N  0                         10107 01/03/2024       USD          164          657    282487983
01 37010133  11585  M  DESLER M 1,25-4 GRAN.10SO                   2 634010000 634010000       0001268020000       000    0    0    0    0    0         1  7592454891233       21023540       21023540   512209780001  N  0                       3249993 01/08/2022       USD          224          449    282487983
01 37010133  LO509  M  DESLORAT 0,5MG. JBE.60ML.                   6 593141250 593141250       0003558847500       000    0    0    0    0    0         1  7591196004161       21023540       21023540   512209780001  N  0                        031022 01/03/2023       USD          210         1260    282487983
01 37010133  GN739  M  DICLOFENAC P. GN50 X10CO                   12 176800000 176800000       0002121600000       000    0    0    0    0    0         1  7591585279248       21023540       21023540   512209780001  N  0                           754 01/01/2024       USD          063          751    282487983
01 37010133  LT414  M  DIKLASON AMP. 75MG. X1 3ML.                 4 780000000 780000000       0003120000000       000    0    0    0    0    0         1  7591585219275       21023540       21023540   512209780001  N  0                           030 01/03/2023       USD          276         1104    282487983
01 37010133  MK579  M  DOL PLUS TAB. X10                           3 487948500 513630000  770445001463845500       000    0    0    5    0    0         1  7591519005134       21023540       21023540   512209780001  N  0                         31702 01/02/2024       USD          173          518    282487983
01 37010133  AO140  M  DOL PLUS TAB. X20                           2 644670000 678600000  678600001289340000       000    0    0    5    0    0         1  7591519005141       21023540       21023540   512209780001  N  0                         31703 01/02/2024       USD          228          456    282487983
01 37010133  GN146  M  ENALAPRIL GN 20MG. X30CO                    3 520000000 520000000       0001560000000       000    0    0    0    0    0         1  7591585378538       21023540       21023540   512209780001  N  0                           418 01/01/2023       USD          184          552    282487983
01 37010133  MK039  M  IRBESARTAN +MK300MG. X7TA                  12 863512000 908960000 545376000       000       000    0    0    5    0    0         1  7591519007336       21023398       21023398   512209780001  N  0                         31840 01/03/2024       USD          306         3668    282487983
01 37010133  LO420  M  LACRIDOS SOL.OFT. 15CC.                    12 695175000 695175000       0008342100000       000    0    0    0    0    0         1  7591196000286       21023398       21023398   512209780001  N  0                        041115 01/04/2024       USD          246         2953    282487983
01 37010133  FA239  M  NOTOLAC 30MG. X4TA.SUBL.                    3 709800000 709800000       0002129400000       000    0    0    0    0    0         1  7591821210134       21023398       21023398   512209780001  N  0                       2008742 01/09/2022       USD          251          754    282487983
01 37010133  DP021  M  SILDENAFIL DP 50MG. X2TA                    6 163062799 163062799       000 978376794       000    0    0    0    0    0         1  7592616576596       21023540       21023540   512209780001  N  0                         10315 01/04/2023       USD          058          346    282487983
01 37010133  11795  M  AFLAMAX 50MG. X10TA                         6 328900000 328900000       0001973400000       000    0    0    0    0    0         2  7591196007186       21023540       21023540   512209780002  N  0                       I021130 01/02/2023       USD          116          699    282487983
01 37010133  VM730  M  AMOXIVAL 500MG. X12CA                       2 618346899 618346899       0001236693798       000    0    0    0    0    0         2  7591020000710       21023540       21023540   512209780002  N  0                           103 01/11/2023       USD          219          438    282487983
01 37010133  LT038  M  COVENTROL 6,25MG. X30CO                     2 702000000 702000000       0001404000000       000    0    0    0    0    0         2  7591585265630       21023540       21023540   512209780002  N  0                           122 01/10/2022       USD          248          497    282487983
01 37010133  LT993  M  ZONTRICON 500MG. X6CO                       118850000001885000000       0001885000000       000    0    0    0    0    0         2  7591585118462       21023571       21023571   512209780002  N  0                           089 01/11/2022       USD          667          667    282487983
02 37010133        105   63190935708     469266768      75082683   63735285159    0    0    0  000    0    0    0   12/05/2021 10:48:42 a.m.   PR           000           000             0            24           USD    282487983        22536
