01 37023670  VM375  M  ACEVAL 650MG. X10TA                         6 308750000 308750000       0001852500000       000    0    0    0    0    0         1  7591020000611       21033289       21033289   512380330001  N  0                           198 01/03/2026       USD          102          612    302692927
01 37023670  11795  M  AFLAMAX 50MG. X10TA                         6 361790000 361790000       0002170740000       000    0    0    0    0    0         1  7591196007186       21033289       21033289   512380330001  N  0                       I021130 01/02/2023       USD          120          717    302692927
01 37023670  VM115  M  BACTEVAL CAPS. X 24                         2 953557149 953557149       0001907114298       000    0    0    0    0    0         1  7591020007825       21033858       21033858   512380330001  N  0                           171 01/03/2023       USD          315          630    302692927
01 37023670  PA994  M  DIAGESIC SUSP.ORAL 120ML.                   210809760401080976040       0002161952080       000    0    0    0    0    0         1  7591243811728       21033289       21033289   512380330001  N  0                       9212401 01/03/2023       USD          357          714    302692927
01 37023670  GN146  M  ENALAPRIL GN 20MG. X30CO                    2 520000000 520000000       0001040000000       000    0    0    0    0    0         1  7591585378538       21033858       21033858   512380330001  N  0                           418 01/01/2023       USD          172          344    302692927
01 37023670  GN146  M  ENALAPRIL GN 20MG. X30CO                    4 520000000 520000000       0002080000000       000    0    0    0    0    0         1  7591585378538       21033858       21033858   512380330001  N  0                           420 01/03/2023       USD          172          687    302692927
01 37023670  FA017  M  FITEX 20MG. X2TA                            8 334327240 334327240       0002674617920       000    0    0    0    0    0         1  7591821904309       21033289       21033289   512380330001  N  0                       1908512 01/09/2021       USD          110          884    302692927
01 37023670  MY790  M  HEPAFOL B12 TAB. X30                        411366266411136626641       0004546506564       000    0    0    0    0    0         1  7592601100423       21033289       21033289   512380330001  N  0                        125102 01/04/2023       USD          376         1502    302692927
01 37023670  LO420  M  LACRIDOS SOL.OFT. 15CC.                     6 764692500 764692500       0004588155000       000    0    0    0    0    0         1  7591196000286       21033858       21033858   512380330001  N  0                        041115 01/04/2024       USD          253         1516    302692927
01 37023670  LN165  M  MADECASSOL 2% POLVO 5GR.                    211340146301134014630       0002268029260       000    0    0    0    0    0         1  7592348218108       21033858       21033858   512380330001  N  0                       2102027 01/02/2026       USD          375          749    302692927
01 37023670  11025  M  NOXPIRIN GOTAS PED.15ML.                    2 366010506 366010506       000 732021012       000    0    0    0    0    0         1  7592601302100       21033289       21033289   512380330001  N  0                        937902 01/11/2021       USD          121          242    302692927
01 37023670  LO690  M  RINOMAX SOL. NASAL 15ML.                    4 586264250 586264250       0002345057000       000    0    0    0    0    0         1  7591196000682       21033289       21033289   512380330001  N  0                       I011084 01/02/2023       USD          194          775    302692927
01 37023670  ED224  M  TALERC 10MG. GOTAS 15ML.                    3 351000000 351000000       0001053000000       000    0    0    0    0    0         1  7592803001825       21033289       21033289   512380330001  N  0                       2101467 01/03/2024       USD          116          348    302692927
01 37023670  ED119  M  TALERC 10MG. X10CO                          3 351000000 351000000       0001053000000       000    0    0    0    0    0         1  7592803001832       21033289       21033289   512380330001  N  0                       2102483 01/04/2023       USD          116          348    302692927
01 37023670  EL775  M  TALZIC SOL.GOTAS 20ML.                      2 617176430 617176430       0001234352860       000    0    0    0    0    0         1  7591062016670       21033289       21033289   512380330001  N  0                        20061A 01/06/2022       USD          204          408    302692927
01 37023670  QM360  M  TIOCOLFEN 600-4 X15TA                       123570300002357030000       0002357030000       000    0    0    0    0    0         1  7592454001779       21033289       21033289   512380330001  N  0                       3264254 01/03/2023       USD          779          779    302692927
01 37023670  14588  C  TOALLAS INC PP A. M X10                     1 342300647 342300647       000 342300647  54768104    0    0    0    0    0         1  7591251910161       21033858       21033858   512380330001  N  0                    20103014TM 01/10/2022       USD          113          113    302692927
01 37023670  14589  C  TOALLAS INC PP A. S X10                     1 229741379 229741379       000 229741379  36758621    0    0    0    0    0         1  7591251910154       21033858       21033858   512380330001  N  0                     2010281TS 01/10/2202       USD          076          076    302692927
01 37023670  LQ160  N  VENASPLANT CAPS. X30                        126968595942696859594       0002696859594       000    0    0    0    0    0         1  7592307001437       21033289       21033289   512380330001  N  0                      04271020 01/10/2022       USD          891          891    302692927
01 37023670  11210  C  ARNICA FC PLUS TERMO 90GR                   2 397800000 397800000       000 795600000 127296000    0    0    0    0    0         2  7593090000706       21033289       21033289   512380330002  N  0                       2009001 01/09/2023       USD          131          263    302692927
01 37023670  10349  C  TALCO ACIBOR P.PIES120GR.                   3 293670000 293670000       000 881010000 140961600    0    0    0    0    0         2  7592930000715       21033289       21033289   512380330002  N  0                    2304202101 01/04/2024       USD          097          291    302692927
01 37023670  10348  C  TALCO ACIBOR P.PIES60GR.                    3 197340000 197340000       000 592020000  94723200    0    0    0    0    0         2  7592930000708       21033289       21033289   512380330002  N  0                    1504202101 01/04/2024       USD          065          196    302692927
01 37023670  14512  M  ACEVAL 180MG. SOL.PED.120                   4 520406250 520406250       0002081625000       000    0    0    0    0    0         3  7591020008839       21033289       21033289   512380330003  N  0                            03 01/04/2023       USD          172          688    302692927
01 37023670  LC314  N  FLUVIRIN JBE. 120ML.                        3 767000000 767000000       0002301000000       000    0    0    0    0    0         3  7591585111166       21033289       21033289   512380330003  N  0                           222 01/11/2022       USD          253          760    302692927
01 37023670  13425  M  MIOVIT JBE SIN AZUCAR 90M                   3 765887196 850985773 2552957312297661588       000    0    0   10    0    0         3  7591818716687       21033289       21033289   512380330003  N  0                         00317 01/08/2022       USD          253          759    302692927
02 37023670         78   43441222176    2840672026     454507524   46736401726    0    0    0  000    0    0    0   20/05/2021 02:44:36 p.m.   PR           000           000             0            25           USD    302692927        15290
