01 37025750  12439  M  ACIDO FOLICO KL 5MG X30CO                   4 410800000 520000000 4368000001643200000       000    0    0   21    0    0         1  7591619000213       21036202       21036202   512403780001  N  0                          0223 01/09/2024       USD          135          539    305002584
01 37025750  LC424  M  ALIVETNOC FORTE GRAN.6SOB                   3 663000000 663000000       0001989000000       000    0    0    0    0    0         1  7591585116673       21036202       21036202   512403780001  N  0                           029 01/02/2023       USD          217          652    305002584
01 37025750  GN939  M  AMLODIPINA GN10MG. X10CO                    6 222300000 222300000       0001333800000       000    0    0    0    0    0         1  7591585178176       21036202       21036202   512403780001  N  0                           187 01/01/2023       USD          073          437    305002584
01 37025750  13282  M  AMODIS SUSP 60ML                            4 796250000 796250000       0003185000000       000    0    0    0    0    0         1  8940001255707       21036202       21036202   512403780001  N  0                       0A04145 01/12/2022       USD          261         1044    305002584
01 37025750  GN176  M  CARBAMAZEPINA GN 200X30CO                   210179000001017900000       0002035800000       000    0    0    0    0    0         1  7591585278265       21036202       21036202   512403780001  N  0                           305 01/11/2025       USD          334          667    305002584
01 37025750  MY109  M  CETRAL 10MG. GOTAS 10ML.                    4 464029170 464029170       0001856116680       000    0    0    0    0    0         1  7592601100706       21036202       21036202   512403780001  N  0                        926105 01/01/2022       USD          152          609    305002584
01 37025750  BQ190  M  FERCOR COMP. CAPS. X30                      211375000001137500000       0002275000000       000    0    0    0    0    0         1  7594000850206       21036202       21036202   512403780001  N  0                        201108 01/11/2022       USD          373          746    305002584
01 37025750  EL035  M  GENURIN 200MG. X10CO                        220570594202057059420       0004114118840       000    0    0    0    0    0         1  7591062901198       21036202       21036202   512403780001  N  0                        21018A 01/03/2023       USD          674         1349    305002584
01 37025750  VM001  M  IBUCOLVAL 600/4MG. X20TA                    220420400002042040000       0004084080000       000    0    0    0    0    0         1  7591020008648       21036202       21036202   512403780001  N  0                           228 01/04/2026       USD          670         1339    305002584
01 37025750  AP030  M  IBUTANCOL 600/4 X10TA                       4 927642105 927642105       0003710568420       000    0    0    0    0    0         1  7592601001188       21036202       21036202   512403780001  N  0                        134801 01/03/2024       USD          304         1217    305002584
01 37025750  MY129  M  IMAZOL DUAL 1DIA                            3 820707070 820707070       0002462121210       000    0    0    0    0    0         1  7592601101055       21036202       21036202   512403780001  N  0                        134501 01/03/2023       USD          269          807    305002584
01 37025750  MK039  M  IRBESARTAN +MK300MG. X7TA                   4 908960000 908960000       0003635840000       000    0    0    0    0    0         1  7591519007336       21036202       21036202   512403780001  N  0                         31840 01/03/2024       USD          298         1192    305002584
01 37025750  GQ964  M  IRBESARTAN ELTER150 X10TA                   6 809874000 899860000 5399160004859244000       000    0    0   10    0    0         1  7592454002547       21036202       21036202   512403780001  N  0                       3264265 01/03/2023       USD          266         1593    305002584
01 37025750  AP350  M  METREN 125MG.SUSP. 120ML.                   4 704110293 704110293       0002816441172       000    0    0    0    0    0         1  7592601200291       21036202       21036202   512403780001  N  0                        125201 01/04/2023       USD          231          923    305002584
01 37025750  12179  M  METRONIDAZOL BM500 100ML.                   3 260975000 260975000       000 782925000       000    0    0    0    0    0         1  6930169708193       21036202       21036202   512403780001  N  0                        190469 01/03/2022       USD          086          257    305002584
01 37025750  CO185  M  MIOVIT GRAGEAS X10                          4 598264349 664738166 2658952682393057396       000    0    0   10    0    0         1  7591818118030       21036202       21036202   512403780001  N  0                         10116 01/04/2024       USD          196          785    305002584
01 37025750  CO105  M  MIOVIT GRAGEAS X30                          215794184951754909439 3509818883158836990       000    0    0   10    0    0         1  7591818118047       21036202       21036202   512403780001  N  0                         10025 01/02/2024       USD          518         1036    305002584
01 37025750  13760  M  OXACILINA  1GR IM-IV X10                    141991300004199130000       0004199130000       000    0    0    0    0    0         1  7753820000189       21036202       21036202   512403780001  N  0                       2003066 01/03/2023       USD         1377         1377    305002584
01 37025750  KV760  M  TERAGRIP JBE.PED. 120ML.                    2 845000000 845000000       0001690000000       000    0    0    0    0    0         1  7591821101692       21036202       21036202   512403780001  N  0                      2011015B 01/02/2023       USD          277          554    305002584
01 37025750  XS024  N  VASELINA RECETTE 30GR.                      6 244530000 244530000       0001467180000 234748800    0    0    0    0    0         1  7594001451891       21036202       21036202   512403780001  N  0                      20042162 01/03/2023       USD          080          481    305002584
01 37025750  VP534  M  CARVIX CAPS.BLANDAS X30                     310026148641002614864       0003007844592       000    0    0    0    0    0         2  7592432009728       21036202       21036202   512403780002  N  0                        210035 01/01/2024       USD          329          986    305002584
01 37025750  VM494  M  DUROVAL 50MG. X10TA                         616016000001601600000       0009609600000       000    0    0    0    0    0         2  7591020008440       21036202       21036202   512403780002  N  0                           627 01/03/2026       USD          525         3151    305002584
01 37025750  VC215  M  FUGOLIN CR. 20 GR.                          3 775937500 775937500       0002327812500       000    0    0    0    0    0         2  7592782000130       21036202       21036202   512403780002  N  0                       2110004 01/02/2023       USD          254          763    305002584
01 37025750  14235  M  LOSARTAN P DAC55 50MGX30T                   6 530687300 624338000 5619042003184123800       000    0    0   15    0    0         2  8906121690255       21036202       21036202   512403780002  N  0                          V147 01/06/2023       USD          174         1044    305002584
01 37025750  VP400  M  VIT E VP 400MG. X30CA.BLA                   215738603741573860374       0003147720748       000    0    0    0    0    0         2  7592432005478       21036202       21036202   512403780002  N  0                        200320 01/11/2023       USD          516         1032    305002584
02 37025750         88   74968561348           000     234748800   75203310148    0    0    0  000    0    0    0   21/05/2021 12:52:36 p.m.   PR           000           000             0            25           USD    305002584        24580
