01 37020462  LT028  M  BIOTALOL 2,5MG. X30CO                       213650000001365000000       0002730000000       000    0    0    0    0    0         1  7591585217172       21031623       21031623   512318570001  N  0                           058 01/04/2023       USD          466          931    293194940
01 37020462  11898  M  BUCOXOLGAR FRU.RO X10TM                     2 591890000 591890000       0001183780000       000    0    0    0    0    0         1  7592454891363       21031623       21031623   512318570001  N  0                       3261467 01/02/2023       USD          202          404    293194940
01 37020462  CO265  M  CLORACE 500MG/4MG X10TA                     8 510460532 567178369 4537426964083684256       000    0    0   10    0    0         1  7591818116043       21031623       21031623   512318570001  N  0                         10109 01/03/2024       USD          174         1393    293194940
01 37020462  GQ719  M  CLOTRI-NEO-DEXA ELTER 20GR.                 313836420001537380000 4612140004150926000       000    0    0   10    0    0         1  7703763300051       21031623       21031623   512318570001  N  0                       3263314 01/03/2024       USD          472         1416    293194940
01 37020462  14215  M  DECOBEL 0.5MG X30TA                         3 858000000 858000000       0002574000000       000    0    0    0    0    0         1  7592806133110       21031623       21031623   512318570001  N  0                        103036 01/03/2023       USD          293          878    293194940
01 37020462  PO195  M  DECOBEL VIAL 8MG. 2ML.                      3 682500000 682500000       0002047500000       000    0    0    0    0    0         1  7592806112047       21031623       21031623   512318570001  N  0                        104049 01/04/2024       USD          233          698    293194940
01 37020462  MK103  M  DIOSMINA +MK 600MG. X14TA                   222711000002271100000       0004542200000       000    0    0    0    0    0         1  7591519051193       21031623       21031623   512318570001  N  0                         31681 01/01/2024       USD          775         1549    293194940
01 37020462  LO810  M  FISIOLIN GOTAS PED. 15ML.                   4 709190625 709190625       0002836762500       000    0    0    0    0    0         1  7591196002198       21031623       21031623   512318570001  N  0                       I020849 01/03/2023       USD          242          968    293194940
01 37020462  DP021  M  SILDENAFIL DP 50MG. X2TA                   10 208918637 208918637       0002089186370       000    0    0    0    0    0         1  7592616576596       21031623       21031623   512318570001  N  0                         10315 01/04/2023       USD          071          713    293194940
02 37020462         37   26238039126           000           000   26238039126    0    0    0  000    0    0    0   18/05/2021 03:59:18 p.m.   PR           000           000             0             9           USD    293194940         8949
