01 37028205  10129  C  AGUA OXG AMER C VO40 60CC                   6 175591000 175591000       0001053546000 168567360    0    0    0    0    0         1  7592566000608       21037913       21037913   512419810001  N  0                       1281060 01/08/2022       USD          058          346    304512991
01 37028205  14110  M  ACETAMINOFEN GOTAS X15ML                    3 335400000 335400000       0001006200000       000    0    0    0    0    0         2  7592236001997       21037894       21037351   512419810002  N  0                          1731 01/03/2023       USD          110          330    304512991
01 37028205  14110  M  ACETAMINOFEN GOTAS X15ML                    6 335400000 335400000       0002012400000       000    0    0    0    0    0         2  7592236001997       21037351       21037351   512419810002  N  0                          1731 01/03/2023       USD          110          661    304512991
01 37028205  14512  M  ACEVAL 180MG. SOL.PED.120                   3 520406250 520406250       0001561218750       000    0    0    0    0    0         2  7591020008839       21037894       21037894   512419810002  N  0                            03 01/04/2023       USD          171          513    304512991
01 37028205  PD280  M  CLENBUNAL JBE.PED. 120CC.                   310140000001014000000       0003042000000       000    0    0    0    0    0         2  7591955000113       21037913       21037913   512419810002  N  0                          0071 01/11/2024       USD          333          999    304512991
01 37028205  LT199  M  DIKLASON SUSP. 120CC.                       2 988000000 988000000       0001976000000       000    0    0    0    0    0         2  7591585218254       21037913       21037913   512419810002  N  0                           182 01/02/2023       USD          324          649    304512991
01 37028205  LC314  N  FLUVIRIN JBE. 120ML.                        2 845000000 845000000       0001690000000       000    0    0    0    0    0         2  7591585111166       21037894       21037894   512419810002  N  0                           222 01/11/2022       USD          277          555    304512991
01 37028205  CO520  M  KATIVIL SOL.ORAL 120ML.                     112834914231426101581 1426101581283491423       000    0    0   10    0    0         2  7591818111147       21037894       21037894   512419810002  N  0                         00370 01/09/2023       USD          421          421    304512991
01 37028205  CO640  M  KATIVIL SOL.ORAL 90ML.                      2 9701968731077996526 2155993061940393746       000    0    0   10    0    0         2  7591818244128       21037894       21037894   512419810002  N  0                         00373 01/09/2023       USD          319          637    304512991
01 37028205  13424  M  KATIVIL SOL.ORAL S/A 120M                   112834914231426101581 1426101581283491423       000    0    0   10    0    0         2  7591818716694       21037894       21037894   512419810002  N  0                         00316 01/08/2023       USD          421          421    304512991
01 37028205  CO011  M  MIOVIT JARABE 180ML.                        212933646701437071856 2874143722586729340       000    0    0   10    0    0         2  7591818251393       21037894       21037894   512419810002  N  0                         10071 01/03/2023       USD          425          849    304512991
01 37028205  VA054  M  MODERAN SOL.ORAL 120ML.                     124528501652452850165       0002452850165       000    0    0    0    0    0         2  7592349527124       21037894       21037894   512419810002  N  0                         P3600 01/08/2022       USD          805          805    304512991
02 37028205         32   20834774847    1053546000     168567360   22056888207    0    0    0  000    0    0    0   24/05/2021 05:17:25 p.m.   PR           000           000             0            11           USD    304512991         7188
