01 37024364  12826  M  ALBENDAZOL PX 400MG X10ML                   6 335521550 335521550       0002013129300       000    0    0    0    0    0         1  7594001100294       21034790       21034790   512387140001  N  0                          5896 01/05/2023       USD          111          665    302692927
01 37024364  EL685  M  ALBICAR 200MG X2TA                          4 328087240 328087240       0001312348960       000    0    0    0    0    0         1  7591062010036       21034790       21034790   512387140001  N  0                        21015A 01/02/2024       USD          108          434    302692927
01 37024364  MK106  M  AMLODIPINA +MK10MG. X30TA                   4 658580000 658580000       0002634320000       000    0    0    0    0    0         1  7591519001648       21034790       21034790   512387140001  N  0                         31671 01/01/2023       USD          218          870    302692927
01 37024364  VM780  M  AMOXIVAL 250MG.PPSO 90ML.                   210190625001019062500       0002038125000       000    0    0    0    0    0         1  7591020000758       21034790       21034790   512387140001  N  0                           413 01/10/2022       USD          337          673    302692927
01 37024364  13485  M  AZITROMICINA 200MG X15ML                    3 955500000 955500000       0002866500000       000    0    0    0    0    0         1  7598176000182       21034790       21034790   512387140001  N  0                       LEMH292 01/07/2022       USD          316          947    302692927
01 37024364  12025  M  CEFADROXILO DAC500 X10TA                    3 788238750 829725000 1244587502364716250       000    0    0    5    0    0         1  8906121690033       21034790       21034790   512387140001  N  0                          V115 01/06/2022       USD          260          781    302692927
01 37024364  MY134  M  MUPROBAN 2% UNG. 15GR.                      2 937292695 937292695       0001874585390       000    0    0    0    0    0         1  7592601101093       21034790       21034790   512387140001  N  0                        132801 01/02/2023       USD          310          619    302692927
01 37024364  DT360  N  SAL DE EPSOM DT X12 20GR.                   125876290872587629087       0002587629087       000    0    0    0    0    0         1 17591616001616       21034790       21034790   512387140001  N  0                        619052 01/10/2023       USD          855          855    302692927
01 37024364  DT370  N  SAL DE HIGUERA DT X12 20G                   126478272692647827269       0002647827269       000    0    0    0    0    0         1 17591616001630       21034790       21034790   512387140001  N  0                        633037 01/10/2023       USD          875          875    302692927
01 37024364  13111  M  SALBUTAMOL PGEN100 200D.                    120683000002068300000       0002068300000       000    0    0    0    0    0         1  7753820000264       21034790       21034790   512387140001  N  0                        190603 01/06/2022       USD          683          683    302692927
01 37024364  SQ170  C  LUBRIX GEL FRESA 60CC.                      2 471779100 471779100       000 943558200 150969312    0    0    0    0    0         2  7592904000444       21034790       21034790   512387140002  N  0                           105 01/02/2024       USD          156          312    302692927
01 37024364  BQ131  M  ACETAMINOFEN BQ120MG100ML                   6 477343750 477343750       0002864062500       000    0    0    0    0    0         3  7594000850855       21034790       21034790   512387140003  N  0                        210307 01/03/2023       USD          158          946    302692927
02 37024364         35   25271543756     943558200     150969312   26366071268    0    0    0  000    0    0    0   20/05/2021 05:00:09 p.m.   PR           000           000             0            12           USD    302692927         8661
