01 37037223  14702  M  AMOXICILINA KM500 X10CA                    12 398580000 398580000       0004782960000       000    0    0    0    0    0         1  6921875011134       21046423       21046423   512518800001  N  0                       2008470 01/08/2023       USD          129         1542    310086424
01 37037223  EL369  M  FLATORIL GOTAS 20CC.                        2 838413290 838413290       0001676826580       000    0    0    0    0    0         1  7591062166191       21046432       21046432   512518800001  N  0                        21017C 01/03/2023       USD          270          541    310086424
01 37037223  EL035  M  GENURIN 200MG. X10CO                        220570594202057059420       0004114118840       000    0    0    0    0    0         1  7591062901198       21046347       21046347   512518800001  N  0                        21018A 01/03/2023       USD          663         1327    310086424
01 37037223  GB850  M  GLICERINA GC SUPOS.AD. X6                   311917149391191714939       0003575144817       000    0    0    0    0    0         1  7591136923958       21046347       21046347   512518800001  N  0                       2103161 01/03/2023       USD          384         1153    310086424
01 37037223  LP425  M  GULAPER JBE.PED. 120ML.                     211180000001118000000       0002236000000       000    0    0    0    0    0         1  7591955001295       21046347       21046347   512518800001  N  0                          0043 01/04/2023       USD          361          721    310086424
01 37037223  LT237  M  KETOREL 30MG. IM-IV 1AMP.                   6 559000000 559000000       0003354000000       000    0    0    0    0    0         1  7591585217875       21046347       21046347   512518800001  N  0                           002 01/01/2023       USD          180         1082    310086424
01 37037223  11845  C  EVERY N.GEL FIJ.FRESH250                    4 404909231 404909231       0001619636924 259141908    0    0    0    0    0         2  7590005168223       21046347       21046347   512518800002  N  0                       2104164 01/04/2023       USD          131          522    310086424
01 37037223  11843  C  EVERY N.GEL FIJ.WINNER250                   2 404909231 404909231       000 809818462 129570954    0    0    0    0    0         2  7590005168216       21046347       21046347   512518800002  N  0                       2104162 01/04/2023       USD          131          261    310086424
01 37037223  14192  C  KODAK BAT SUPER RES 9VX1                    6 327600000 327600000       0001965600000 314496000    0    0    0    0    0         2   887930635409       21046423       21046423   512518800002  N  0                           10X 01/01/2030       USD          106          634    310086424
01 37037223  14198  C  KODAK XTRALIFE BAT.AAAX10                   113650000001365000000       0001365000000 218400000    0    0    0    0    0         2   887930422580       21046423       21046423   512518800002  N  0                           10X 01/01/2030       USD          440          440    310086424
01 37037223  14197  C  KODAK XTRALIFE BAT.AAX10U                   113650000001365000000       0001365000000 218400000    0    0    0    0    0         2   887930422573       21046423       21046423   512518800002  N  0                           10X 01/01/2030       USD          440          440    310086424
02 37037223         41   19739050237    7125055386    1140008862   28004114485    0    0    0  000    0    0    0   31/05/2021 04:27:32 p.m.   PR           000           000             0            11           USD    310086424         8663
