01 37031198  12826  M  ALBENDAZOL PX 400MG X10ML                   6 335521550 335521550       0002013129300       000    0    0    0    0    0         1  7594001100294       21040292       21040292   512457200001  N  0                          5896 01/05/2023       USD          110          659    305555000
01 37031198  AL120  C  ALGODON ALVE 10 GR.                        24 123487520 123487520       0002963700480 474192077    0    0    0    0    0         1  7591442000046       21040796       21040796   512457200001  N  0                        042021 01/04/2026       USD          040          970    305555000
01 37031198  AL125  C  ALGODON ALVE 25 GR.                         6 234626340 234626340       0001407758040 225241286    0    0    0    0    0         1  7591442000053       21040796       21040796   512457200001  N  0                        042021 01/04/2026       USD          077          461    305555000
01 37031198  GF109  M  AZITROMICINA GF PPSO15ML.                   313195000001319500000       0003958500000       000    0    0    0    0    0         1  7702605100538       21040796       21040796   512457200001  N  0                      OGC1707A 01/02/2022       USD          432         1296    305555000
01 37031198  GQ224  M  CETIRIZINA ELTER JBE60CC.                  12 512720000 512720000       0006152640000       000    0    0    0    0    0         1  7592454138239       21040292       21040292   512457200001  N  0                       3264253 01/03/2024       USD          168         2014    305555000
01 37031198  GN784  M  DESLORATADINA GN 5MG. X10                  12 383500000 383500000       0004602000000       000    0    0    0    0    0         1  7591585177469       21040292       21040292   512457200001  N  0                           088 01/03/2023       USD          126         1506    305555000
01 37031198  13655  M  DICLOFENAC P 50MGX10TA                     12 283140000 283140000       0003397680000       000    0    0    0    0    0         1   675696260030       21041018       21041018   512457200001  N  0                       DFC2501 01/08/2023       USD          093         1112    305555000
01 37031198  14624  M  DICLOFENAC S. GN50 X10CO                    6 221000000 221000000       0001326000000       000    0    0    0    0    0         1  7591585473967       21041018       21041018   512457200001  N  0                          6731 01/02/2026       USD          072          434    305555000
01 37031198  12079  M  DICLOFENAC S.AL75MG. X2A                    6 273701870 300771286 1624164961642211220       000    0    0    9    0    0         1       75971366       21040292       21040292   512457200001  N  0                       1320283 01/07/2023       USD          090          537    305555000
01 37031198  14115  M  DICLOFENAC SOD 50MG X20TA                   6 247000000 247000000       0001482000000       000    0    0    0    0    0         1  7592236002123       21040292       21040292   512457200001  N  0                     TD1020002 01/02/2023       USD          081          485    305555000
01 37031198  CO450  M  KETOPROFENO CO 2ML.X1AMP.                   6 462763419 462763419       0002776580514       000    0    0    0    0    0         1  7591818131039       21040292       21040292   512457200001  N  0                         10037 01/03/2025       USD          151          909    305555000
01 37031198  LC140  M  LETISAN SOL.GOTAS 20ML.                     6 598000000 598000000       0003588000000       000    0    0    0    0    0         1  7591585114884       21040292       21040292   512457200001  N  0                           493 01/10/2023       USD          196         1174    305555000
01 37031198  MG365  M  LISILET 20MG. X30COMPR.                     121710000002171000000       0002171000000       000    0    0    0    0    0         1  7591585214379       21041018       21041018   512457200001  N  0                           135 01/11/2023       USD          711          711    305555000
01 37031198  CO540  M  MIOVIT COMP. 3ML. X3A KIT                   414726680681636297853 6545191405890672272       000    0    0   10    0    0         1  7591818026366       21040796       21040796   512457200001  N  0                         10004 01/02/2024       USD          482         1928    305555000
01 37031198  CO560  M  MIOVIT GOTAS 20CC.                          3 470888474 523209415 1569628231412665422       000    0    0   10    0    0         1  7591818251331       21040292       21040292   512457200001  N  0                         10119 01/04/2023       USD          154          462    305555000
01 37031198  PB032  C  OVERSKIN 10% CR. 50GR.                      3 485139221 485139221       0001455417663 232866826    0    0    0    0    0         1  7591309900274       21040796       21040796   512457200001  N  0                      A2009333 01/09/2023       USD          159          476    305555000
01 37031198  PD210  M  PRAXONA 150MG. X10CO                        6 767000000 767000000       0004602000000       000    0    0    0    0    0         1  7591955000663       21040292       21040292   512457200001  N  0                          0053 01/02/2023       USD          251         1506    305555000
01 37031198  PD215  M  PRAXONA 150MG. X24CO                        215600000001560000000       0003120000000       000    0    0    0    0    0         1  7591955000670       21040292       21040292   512457200001  N  0                          0054 01/03/2023       USD          511         1021    305555000
01 37031198  14812  A  RESTAURALYTE 18GR. X12S                     125740000002574000000       0002574000000 411840000    0    0    0    0    0         1     7591970322       21040796       21040796   512457200001  N  0                        220421 01/04/2022       USD          842          842    305555000
01 37031198  12010  M  SILDENAFIL MY 50MG. X1TA                    6 158340000 158340000       000 950040000       000    0    0    0    0    0         1  7592601303213       21041074       21041074   512457200001  N  0                        158501 01/04/2023       USD          052          311    305555000
02 37031198        131   51659118728    5826876183    1344140189   58830135100    0    0    0  000    0    0    0   26/05/2021 01:12:26 p.m.   PR           000           000             0            20           USD    305555000        18814
