01 37047199  12123  C  BOROCANFOR ORIG.PVO.35GR                    2 462589569 462589569       000 925179138 148028662    0    0    0    0    0         1       75971427       21055097       21055097   512614830001  N  0                       2105301 01/05/2023       USD          149          297    311391735
01 37047199  SQ120  C  LUBRIX GEL 60CC.                            3 496470000 496470000       0001489410000 238305600    0    0    0    0    0         1  7592904000017       21054925       21054925   512614830001  N  0                           113 01/05/2024       USD          159          478    311391735
01 37047199  14109  M  ACETAMINOFEN JBE X120ML                    12 451230000 451230000       0005414760000       000    0    0    0    0    0         2  7592236001980       21054925       21054925   512614830002  N  0                          2431 01/03/2023       USD          145         1739    311391735
01 37047199  14113  M  BROMEXINA 4MGX120ML                         6 377000000 377000000       0002262000000       000    0    0    0    0    0         2  7592236002055       21054925       21054925   512614830002  N  0                          4551 01/05/2023       USD          121          726    311391735
01 37047199  AP230  M  FERROCE B12 JBE. 120ML.                     3 664170000 664170000       0001992510000       000    0    0    0    0    0         2  7592601200147       21054925       21054925   512614830002  N  0                        003301 01/08/2021       USD          213          640    311391735
01 37047199  11697  M  HEPAFOL FORTE JBE. 120ML.                   315795000001579500000       0004738500000       000    0    0    0    0    0         2  7592601301851       21054388       21054388   512614830002  N  0                        938303 01/09/2021       USD          507         1522    311391735
01 37047199  CO520  M  KATIVIL SOL.ORAL 120ML.                     213476659941497406660 2994813322695331988       000    0    0   10    0    0         2  7591818111147       21054925       21054925   512614830002  N  0                         00370 01/09/2023       USD          433          866    311391735
01 37047199  13424  M  KATIVIL SOL.ORAL S/A 120M                   213476659941497406660 2994813322695331988       000    0    0   10    0    0         2  7591818716694       21054925       21054925   512614830002  N  0                         00316 01/08/2023       USD          433          866    311391735
01 37047199  11821  M  LECHE MAGNESIA ALFA 60ML                    2 911430000 911430000       0001822860000       000    0    0    0    0    0         2  7468999181675       21054925       21054925   512614830002  N  0                       2007018 01/07/2025       USD          293          585    311391735
02 37047199         35   21621293976    2414589138     386334262   24422217376    0    0    0  000    0    0    0   07/06/2021 06:22:27 p.m.   PR           000           000             0             9           USD    311391735         7719
