01 37049962  11050  N  ACEITE COCO FG 30ML.                        6 480181455 480181455       0002881088730       000    0    0    0    0    0         1  0112244301154       21058526       21058526   512648920001  N  0                          2384 01/05/2024       USD          154          921    312770061
01 37049962  14225  M  ACETAMI. GDG PHAR 500 X10                  24 159315000 159315000       0003823560000       000    0    0    0    0    0         1  7598307000098       21057256       21057256   512648920001  N  0                         SM024 01/12/2023       USD          051         1222    312770061
01 37049962  13135  M  ANTAAR +MK 5MG X10TA                        2 717600000 717600000       0001435200000       000    0    0    0    0    0         1  7591519317725       21057256       21057256   512648920001  N  0                         31738 01/02/2024       USD          229          459    312770061
01 37049962  11624  M  BISOPROLOL AL2,5MG. X30TA                   210868722401168679828 1636151762173744480       000    0    0    7    0    0         1  7597758000114       21057256       21057256   512648920001  N  0                         DL111 01/05/2023       USD          347          695    312770061
01 37049962  12934  M  CANDESARTAN GF 8MG X14TA                    113384753341338475334       0001338475334       000    0    0    0    0    0         1  7702605103720       21058526       21058526   512648920001  N  0                       B00177A 01/01/2023       USD          428          428    312770061
01 37049962  14833  M  CEFADROXILO JL250 PSPO100                   3 956800000 956800000       0002870400000       000    0    0    0    0    0         1  7598650000202       21057256       21057256   512648920001  N  0                         D2844 01/07/2023       USD          306          918    312770061
01 37049962  LO509  M  DESLORAT 0,5MG. JBE.60ML.                   4 750323682 750323682       0003001294728       000    0    0    0    0    0         1  7591196004161       21058526       21058526   512648920001  N  0                        031022 01/03/2023       USD          240          960    312770061
01 37049962  12583  M  DICLOFENAC P KMP 50MGX10T                  24 180180000 180180000       0004324320000       000    0    0    0    0    0         1  6921875010823       21058526       21058526   512648920001  N  0                       2009432 01/09/2023       USD          058         1383    312770061
01 37049962  LO810  M  FISIOLIN GOTAS PED. 15ML.                   3 744650157 744650157       0002233950471       000    0    0    0    0    0         1  7591196002198       21058526       21058526   512648920001  N  0                       I020849 01/03/2023       USD          238          714    312770061
01 37049962  11499  M  FULGRAM 875MG-125MG X16CO                   131941000003194100000       0003194100000       000    0    0    0    0    0         1  7591585213198       21058526       21058526   512648920001  N  0                           603 01/12/2022       USD         1021         1021    312770061
01 37049962  LX102  M  MIGREN 650-50-1 X20CO                       2 806000000 806000000       0001612000000       000    0    0    0    0    0         1  7591585415738       21057256       21057256   512648920001  N  0                           519 01/04/2023       USD          258          515    312770061
01 37049962  MK735  M  PREDNISONA +MK50MG. X10TA                   211947000001194700000       0002389400000       000    0    0    0    0    0         1  7591519001044       21057256       21057256   512648920001  N  0                         31768 01/03/2026       USD          382          764    312770061
01 37049962  14881  M  SECNIDAZOL FM500MG. X4TA                   12 455000000 455000000       0005460000000       000    0    0    0    0    0         1  8906082150737       21058526       21058526   512648920001  N  0                         T0531 01/11/2023       USD          145         1746    312770061
01 37049962  VO320  M  SECNIDAZOL GENCER 1GR. X2                   6 654875000 654875000       0003929250000       000    0    0    0    0    0         1  7591020008181       21058526       21058526   512648920001  N  0                            29 01/05/2025       USD          209         1256    312770061
01 37049962  CH121  C  SECUREZZA POST PARTO X10                    4 306365387 306365387       0001225461548 196073848    0    0    0    0    0         1  7591353700059       21058526       21058526   512648920001  N  0                      10527206 01/05/2023       USD          098          392    312770061
01 37049962  MY104  N  SEDIVAL TAB. X30                            219358300001935830000       0003871660000       000    0    0    0    0    0         1  7592601100836       21058526       21058526   512648920001  N  0                        160501 01/02/2023       USD          619         1238    312770061
01 37049962  FS180  N  SEN HOJAS 5GR. X 25                         155308500005530850000       0005530850000       000    0    0    0    0    0         1  7592368001667       21057256       21057256   512648920001  N  0                       0421038 01/02/2023       USD         1768         1768    312770061
01 37049962  EL775  M  TALZIC SOL.GOTAS 20ML.                      3 617176430 617176430       0001851529290       000    0    0    0    0    0         1  7591062016670       21058526       21058526   512648920001  N  0                        20114A 01/09/2022       USD          197          592    312770061
01 37049962  14536  M  VALSARTAN GN80MG. X14CA                     4 518700000 518700000       0002074800000       000    0    0    0    0    0         1  7591585375872       21057256       21057256   512648920001  N  0                           193 01/02/2023       USD          166          663    312770061
01 37049962  RQ018  C  ACEITE CREM CHICHI B.200G                   3 382219635 382219635       0001146658905 183465425    0    0    0    0    0         2  7596097005873       21058526       21058526   512648920002  N  0                   00221871227 01/04/2025       USD          122          367    312770061
01 37049962  10321  C  ACEITE HIDR. CHICHI 200CC                   3 883519000 883519000       0002650557000 424089120    0    0    0    0    0         2  7596097006757       21058526       21058526   512648920002  N  0                   00621871218 01/04/2026       USD          282          847    312770061
01 37049962  RN100  C  GERDEX SOL. 240 CC.                         2 329008225 329008225       000 658016450 105282632    0    0    0    0    0         2  7591838000025       21057256       21057256   512648920002  N  0                       B241046 01/05/2024       USD          105          210    312770061
01 37049962  10010  C  PRE TRATAMI GOLD SED380CC                   2 618800000 618800000       0001237600000 198016000    0    0    0    0    0         2  7593723000882       21057256       21057256   512648920002  N  0                       1911294 01/11/2022       USD          198          396    312770061
02 37049962        116   53995623033    6918293903    1106927024   62020843960    0    0    0  000    0    0    0   09/06/2021 04:28:18 p.m.   PR           000           000             0            23           USD    312770061        19476
