01 37046989  11795  M  AFLAMAX 50MG. X10TA                         7 379879500 379879500       0002659156500       000    0    0    0    0    0         1  7591196007186       21054925       21054925   512614820001  N  0                       I021150 01/02/2023       USD          122          854    311391735
01 37046989  LO539  M  AFLAMAX 50MG. X20TA                         6 707957250 707957250       0004247743500       000    0    0    0    0    0         1  7591196004451       21054925       21054925   512614820001  N  0                       I021365 01/02/2023       USD          227         1364    311391735
01 37046989  LC309  M  ALIVET 4DIAS 8D-4N X12CO                    3 679250000 679250000       0002037750000       000    0    0    0    0    0         1  7591585116000       21054925       21054925   512614820001  N  0                           340 01/10/2022       USD          218          654    311391735
01 37046989  GN629  M  AZITROMICINA GN 500 X 5                     6 780000000 780000000       0004680000000       000    0    0    0    0    0         1  7591585279460       21055171       21055171   512614820001  N  0                           318 01/03/2023       USD          250         1503    311391735
01 37046989  PA385  M  BETADERM  C/GENT. CR.15GR                   311966144141196614414       0003589843242       000    0    0    0    0    0         1  7591243804041       21054925       21054925   512614820001  N  0                       9210301 01/09/2022       USD          384         1153    311391735
01 37046989  PA126  M  BETADERM CR. 0,05% 15GR.                    311323469091132346909       0003397040727       000    0    0    0    0    0         1  7591243804140       21054925       21054925   512614820001  N  0                       9217102 01/10/2022       USD          364         1091    311391735
01 37046989  PA054  M  BETADERM PLUS CREMA 15GR.                   312106678171210667817       0003632003451       000    0    0    0    0    0         1  7591243804164       21054925       21054925   512614820001  N  0                       9225403 01/01/2023       USD          389         1166    311391735
01 37046989  14215  M  DECOBEL 0.5MG X30TA                         2 858000000 858000000       0001716000000       000    0    0    0    0    0         1  7592806133110       21054925       21054925   512614820001  N  0                        103038 01/03/2023       USD          276          551    311391735
01 37046989  14853  M  ENALAPRIL JL10MG. X10TA                     6 156000000 156000000       000 936000000       000    0    0    0    0    0         1  7598650000288       21054925       21054925   512614820001  N  0                         T8856 01/07/2023       USD          050          301    311391735
01 37046989  VM020  M  ESQUIDONE 3MG. X30TA                        217397380001739738000       0003479476000       000    0    0    0    0    0         1  7591020080521       21054388       21054388   512614820001  N  0                            23 01/05/2023       USD          559         1117    311391735
01 37046989  ZA102  M  EVIGAX 125MG. X10CA.BLA                     210963200641096320064       0002192640128       000    0    0    0    0    0         1  7592432900032       21055097       21055097   512614820001  N  0                        210101 01/04/2024       USD          352          704    311391735
01 37046989  AP250  M  FERROCE TAB. X30                            221508500002150850000       0004301700000       000    0    0    0    0    0         1  7592601200161       21054925       21054925   512614820001  N  0                        104001 01/02/2023       USD          691         1381    311391735
01 37046989  CO018  M  KETOPROFENO CO100MG.X10TA                   6 527127621 527127621       0003162765726       000    0    0    0    0    0         1  7591818136058       21054388       21054388   512614820001  N  0                         10104 01/03/2025       USD          169         1016    311391735
01 37046989  14879  M  METFORMINA FM500MG. X30TA                   3 500500000 500500000       0001501500000       000    0    0    0    0    0         1  8906082150744       21054925       21054925   512614820001  N  0                         T1011 01/12/2023       USD          161          482    311391735
01 37046989  12015  M  OMEPRAZOL DAC20MG. X20CA                   12 461760000 461760000       0005541120000       000    0    0    0    0    0         1  8906121690101       21054388       21054388   512614820001  N  0                          V128 01/06/2023       USD          148         1779    311391735
01 37046989  GP300  M  ONDANSETRON KL 4MG. X10CO                   119500000001950000000       0001950000000       000    0    0    0    0    0         1  7594000490471       21055097       21055097   512614820001  N  0                          0014 01/03/2024       USD          626          626    311391735
01 37046989  GP310  M  ONDANSETRON KL 8MG. X10CO                   123400000002340000000       0002340000000       000    0    0    0    0    0         1  7594000490488       21055097       21055097   512614820001  N  0                          0016 01/03/2024       USD          751          751    311391735
01 37046989  11522  C  PAÑAL BEBE MIMLOT P X24                     213923000001392300000       0002784600000 445536000    0    0    0    0    0         1  1180201379262       21054925       21054925   512614820001  N  0                    CB3201224B 01/12/2023       USD          447          894    311391735
01 37046989  KL061  M  PLIDAN SOL.GOTAS 20ML.                      312870000001287000000       0003861000000       000    0    0    0    0    0         1  7591619517940       21054925       21054925   512614820001  N  0                          0019 01/01/2024       USD          413         1240    311391735
01 37046989  MK959  M  TIOCOLCHICOSIDO +MK4 X12                    214001000001400100000       0002800200000       000    0    0    0    0    0         1  7591519007749       21054925       21054925   512614820001  N  0                         31745 01/02/2024       USD          450          899    311391735
01 37046989  11795  M  AFLAMAX 50MG. X10TA                         5 379879500 379879500       0001899397500       000    0    0    0    0    0         2  7591196007186       21054925       21054925   512614820002  N  0                       I021150 01/02/2023       USD          122          610    311391735
01 37046989  VA012  M  ANTIFOM 40MG. X10CO                         311179370311117937031       0003353811093       000    0    0    0    0    0         2  7592349722925       21054925       21054925   512614820002  N  0                       2103017 01/03/2023       USD          359         1077    311391735
01 37046989  LO439  M  LORATADINA LO 10MG. X10TA                   3 327769943 327769943       000 983309829       000    0    0    0    0    0         2  7591196002990       21055097       21055097   512614820002  N  0                       I120064 01/01/2023       USD          105          316    311391735
01 37046989  13515  M  PROLARDII 10 SOBX1.3GR                      130313400003031340000       0003031340000       000    0    0    0    0    0         2  7709137132242       21055097       21055097   512614820002  N  0                       0093590 01/08/2022       USD          973          973    311391735
02 37046989         87   67293797696    2784600000     445536000   70523933696    0    0    0  000    0    0    0   07/06/2021 05:55:13 p.m.   PR           000           000             0            24           USD    311391735        22505
