01 37042817  14225  M  ACETAMI. GDG PHAR 500 X10                  24 159315000 159315000       0003823560000       000    0    0    0    0    0         1  7598307000098       21051121       21051121   512572600001  N  0                         SM024 01/12/2023       USD          051         1234    309732675
01 37042817  14837  M  CETIRIZINA JL10MG. X10TA                   12 291200000 291200000       0003494400000       000    0    0    0    0    0         1  7598650000226       21051121       21051121   512572600001  N  0                         T8819 01/06/2023       USD          094         1128    309732675
01 37042817  12583  M  DICLOFENAC P KMP 50MGX10T                  24 180180000 180180000       0004324320000       000    0    0    0    0    0         1  6921875010823       21051121       21051121   512572600001  N  0                       2009432 01/09/2023       USD          058         1396    309732675
01 37042817  14850  M  DICLOFENAC S. JL100 X10SU                   211856000001185600000       0002371200000       000    0    0    0    0    0         1  7598650000585       21051121       21051121   512572600001  N  0                          2733 01/08/2023       USD          383          766    309732675
01 37042817  GQ114  M  FLUDIL 10MG. X20TA                          114274000001427400000       0001427400000       000    0    0    0    0    0         1  7592454345057       21051121       21051121   512572600001  N  0                       3263381 01/02/2024       USD          461          461    309732675
01 37042817  14561  M  FUROSEMIDA LAND40MG. X100                   120475000002047500000       0002047500000       000    0    0    0    0    0         1  7598008000403       21051121       21051121   512572600001  N  0                         T9066 01/09/2023       USD          661          661    309732675
01 37042817  MY010  M  IMAZOL 100MG. X6CA.BL.VAG                   122614800002261480000       0002261480000       000    0    0    0    0    0         1  7592601100485       21051121       21051121   512572600001  N  0                        027307 01/06/2023       USD          730          730    309732675
01 37042817  11782  M  LETISAN 500MG. X10CA                        4 444600000 444600000       0001778400000       000    0    0    0    0    0         1  7591585314864       21051121       21051121   512572600001  N  0                           434 01/04/2024       USD          144          574    309732675
01 37042817  LX320  M  LETISAN 500MG. X30CA                        113650000001365000000       0001365000000       000    0    0    0    0    0         1  7591585414861       21051121       21051121   512572600001  N  0                           436 01/05/2024       USD          441          441    309732675
01 37042817  LC840  M  LETISAN SOL.ORAL 120ML.                     4 689000000 689000000       0002756000000       000    0    0    0    0    0         1  7591585214881       21051121       21051121   512572600001  N  0                           496 01/03/2024       USD          222          890    309732675
01 37042817  14360  C  TOALLAS H MIMLOT ALOE 25U                   3 181220000 181220000       000 543660000  86985600    0    0    0    0    0         1  8697420536244       21051121       21051121   512572600001  N  0                          1727 01/11/2023       USD          058          176    309732675
01 37042817  LT930  M  VIASEK COMPR. 50MG. X2                      8 348075000 348075000       0002784600000       000    0    0    0    0    0         1  7591585111005       21051121       21051121   512572600001  N  0                           094 01/04/2024       USD          112          899    309732675
01 37042817  SQ120  C  LUBRIX GEL 60CC.                            1 496470000 496470000       000 496470000  79435200    0    0    0    0    0         2  7592904000017       21051121       21051121   512572600002  N  0                           113 01/05/2024       USD          160          160    309732675
01 37042817  SQ170  C  LUBRIX GEL FRESA 60CC.                      1 524199000 524199000       000 524199000  83871840    0    0    0    0    0         2  7592904000444       21051121       21051121   512572600002  N  0                           105 01/02/2024       USD          169          169    309732675
01 37042817  SQ180  C  LUBRIX GEL LUB.CHOCO60CC.                   1 524199000 524199000       000 524199000  83871840    0    0    0    0    0         2  7592904000437       21051121       21051121   512572600002  N  0                           028 01/11/2023       USD          169          169    309732675
01 37042817  GQ107  M  ACETAMINOFEN ELTER JBE120                   6 463970000 463970000       0002783820000       000    0    0    0    0    0         3  7592454003100       21051121       21051121   512572600003  N  0                       3267272 01/04/2024       USD          150          899    309732675
01 37042817  11142  N  BEUSAN EXPECTO JBE.240ML                    2 663487500 663487500       0001326975000       000    0    0    0    0    0         3  7592710001277       21051121       21051121   512572600003  N  0                       1342505 01/05/2023       USD          214          428    309732675
01 37042817  LC314  N  FLUVIRIN JBE. 120ML.                        2 897000000 897000000       0001794000000       000    0    0    0    0    0         3  7591585111166       21051121       21051121   512572600003  N  0                           223 01/01/2023       USD          290          579    309732675
01 37042817  BQ250  M  IBUPROFENO BQ SUSP.120ML.                   4 788125000 812500000  975000003152500000       000    0    0    3    0    0         3  7594000850466       21051121       21051121   512572600003  N  0                        210410 01/04/2024       USD          254         1018    309732675
02 37042817        102   37491155000    2088528000     334164480   39913847480    0    0    0  000    0    0    0   03/06/2021 03:25:12 p.m.   PR           000           000             0            19           USD    309732675        12779
