01 37058042  14535  M  ACETAMINOFEN GN500 X10CO                    6 193700000 193700000       0001162200000       000    0    0    0    0    0         1  7591585376657       21066297       21066297   512727760001  N  0                           295 01/04/2023       USD          062          372    312042441
01 37058042  EL920  M  BRUGESIC 400MG CO X 10                      3 615757870 615757870       0001847273610       000    0    0    0    0    0         1  7591062902546       21066849       21066849   512727760001  N  0                        20112B 01/09/2022       USD          197          592    312042441
01 37058042  11251  M  CICLOKAN 500MG. X21CO                       226000000002600000000       0005200000000       000    0    0    0    0    0         1  7591619519227       21066285       21066285   512727760001  N  0                          0023 01/04/2023       USD          833         1666    312042441
01 37058042  GN739  M  DICLOFENAC P. GN50 X10CO                   20 203043750 203043750       0004060875000       000    0    0    0    0    0         1  7591585279248       21066297       21066297   512727760001  N  0                           755 01/03/2024       USD          065         1301    312042441
01 37058042  GB840  M  GLICERINA GC SUPOS.PED.X6                   3 927563696 927563696       0002782691088       000    0    0    0    0    0         1  7591136923873       21066849       21066849   512727760001  N  0                       2011134 01/11/2022       USD          297          892    312042441
01 37058042  VP784  M  ILANA 600MG.VAG. X1CA.BL                    310591981711151302360 2763125673177594513       000    0    0    8    0    0         1  7592432011523       21066849       21066849   512727760001  N  0                        200228 01/08/2023       USD          339         1018    312042441
01 37058042  14576  M  METRONIDAZ LAND500 X100TA                   120475000002047500000       0002047500000       000    0    0    0    0    0         1  7598008000564       21066849       21066849   512727760001  N  0                         T9083 01/09/2023       USD          656          656    312042441
01 37058042  14238  M  SILDENAFIL GDG.PH 50MGX2T                   6 213817500 213817500       0001282905000       000    0    0    0    0    0         1  7598307000050       21066849       21066849   512727760001  N  0                         SM004 01/07/2023       USD          069          411    312042441
01 37058042  VM033  M  TADAFOX 5MG. X30TA                         21 845000000 845000000       000       000       000    0    0    0    0    0         1  7591020080781       21066849       21066849   512727760001  N  0                            46 01/04/2023       USD          271         5687    312042441
01 37058042  LT439  M  TEKRON 200MG. X30CO                         131330000003133000000       0003133000000       000    0    0    0    0    0         1  7591585218568       21066849       21066849   512727760001  N  0                           182 01/03/2023       USD         1004         1004    312042441
01 37058042  12365  M  TIROXIN 25MCG X50TA                         214886300001488630000       0002977260000       000    0    0    0    0    0         1  7707355054223       21066849       21066849   512727760001  N  0                      16291020 01/10/2022       USD          477          954    312042441
01 37058042  10123  C  TINT AMCOL 7 RUB M LIGHT                    1 773500000 773500000       000 773500000 123760000    0    0    0    0    0         2  7592566002183       21066849       21066849   512727760002  N  0                       0901030 01/08/2028       USD          248          248    312042441
01 37058042  11387  C  TINT AMCOL8.0RU.CLA LIG                     1 773500000 773500000       000 773500000 123760000    0    0    0    0    0         2  7592566002190       21066849       21066849   512727760002  N  0                       0911030 01/08/2028       USD          248          248    312042441
01 37058042  PB006  N  WAMPOLE EMUL.T.FRUTI240ML                   2 537603308 537603308       0001075206616 172033059    0    0    0    0    0         3  7591309000967       21066849       21066849   512727760003  N  0                      A2105147 01/05/2023       USD          172          345    312042441
01 37058042  PB001  N  WAMPOLE EMULS. FRESA 240CC.                 2 537603308 537603308       0001075206616 172033059    0    0    0    0    0         3  7591309000530       21066849       21066849   512727760003  N  0                      A2105154 01/05/2023       USD          172          345    312042441
02 37058042         74   47566712443    1547000000     591586117   49705298560    0    0    0  000    0    0    0   15/06/2021 06:31:20 p.m.   PR           000           000             0            15           USD    312042441        15739
