01 37054192  14225  M  ACETAMI. GDG PHAR 500 X10                  30 159315000 159315000       0004779450000       000    0    0    0    0    0         1  7598307000098       21061582       21061582   512679380001  N  0                         SM024 01/12/2023       USD          051         1525    313364189
01 37054192  14819  M  ACICLOVIR JL5% CR. 15GR .                   3 858000000 858000000       0002574000000       000    0    0    0    0    0         1  7598650000240       21061620       21061620   512679380001  N  0                          2727 01/07/2023       USD          274          821    313364189
01 37054192  12586  M  ACICLOVIR KMPLUS 200MGX10                   4 377938536 377938536       0001511754144       000    0    0    0    0    0         1  6921875010748       21061620       21061620   512679380001  N  0                       2004421 01/04/2023       USD          121          482    313364189
01 37054192  MK635  M  ALBENDAZOL +MK200T.FRU.X2                   6 316030000 316030000       0001896180000       000    0    0    0    0    0         1  7591519007022       21061582       21061582   512679380001  N  0                         31452 01/09/2022       USD          101          605    313364189
01 37054192  EL010  M  ALBICAR 200MG. X6TA                         2 599071850 599071850       0001198143700       000    0    0    0    0    0         1  7591062010173       21061582       21061582   512679380001  N  0                        21015B 01/02/2024       USD          191          382    313364189
01 37054192  14916  M  AMOXICI-CLAV.MC875/125X14                   122796542652279654265       0002279654265       000    0    0    0    0    0         1   781159319754       21061582       21061582   512679380001  N  0                        201202 01/12/2023       USD          727          727    313364189
01 37054192  14702  M  AMOXICILINA KM500 X10CA                    18 398580000 398580000       0007174440000       000    0    0    0    0    0         1  6921875011134       21061582       21061582   512679380001  N  0                       2008470 01/08/2023       USD          127         2289    313364189
01 37054192  PF204  M  ATAMEL FORTE 650MG. X10TA                   4 618570442 618570442       0002474281768       000    0    0    0    0    0         1  7591257000552       21061582       21061582   512679380001  N  0                     026130021 01/05/2023       USD          197          790    313364189
01 37054192  11248  M  CRISOMET 50-500 X10TA                       214378227501437822750       0002875645500       000    0    0    0    0    0         1  7591821210332       21061620       21061620   512679380001  N  0                       2104075 01/04/2023       USD          459          918    313364189
01 37054192  12583  M  DICLOFENAC P KMP 50MGX10T                  24 180180000 180180000       0004324320000       000    0    0    0    0    0         1  6921875010823       21061582       21061582   512679380001  N  0                       2009432 01/09/2023       USD          057         1380    313364189
01 37054192  FA018  M  FITEX 20MG. X1TA                           12 129716370 129716370       0001556596440       000    0    0    0    0    0         1  7591821904293       21061652       21061652   512679380001  N  0                       2006366 01/10/2022       USD          041          497    313364189
01 37054192  10372  M  GYNOMET 15%-4%CR.VAG.40GR                   216224000001622400000       0003244800000       000    0    0    0    0    0         1  7591585119131       21061582       21061582   512679380001  N  0                           046 01/12/2022       USD          518         1035    313364189
01 37054192  KL400  M  HELAL 200MG. X2CO                           3 429000000 429000000       0001287000000       000    0    0    0    0    0         1  7591619102016       21061582       21061582   512679380001  N  0                          0024 01/02/2024       USD          137          411    313364189
01 37054192  14566  M  LEVON+ETINIL LAND X21TA                     210237500001023750000       0002047500000       000    0    0    0    0    0         1  7598008000465       21061582       21061582   512679380001  N  0                         T9073 01/09/2023       USD          327          653    313364189
01 37054192  MG365  M  LISILET 20MG. X30COMPR.                     221710000002171000000       0004342000000       000    0    0    0    0    0         1  7591585214379       21061582       21061582   512679380001  N  0                           135 01/11/2023       USD          693         1386    313364189
01 37054192  12302  M  NISTATINA 100,00 IU X30ML                   312152400001215240000       0003645720000       000    0    0    0    0    0         1 18906101702272       21061652       21061652   512679380001  N  0                         L0029 01/08/2023       USD          388         1163    313364189
01 37054192  12080  M  TIOCOLCHICOSIDO AL4MG.X2A                   3 9334061451003662522 2107691312800218435       000    0    0    7    0    0         1       75971359       21061652       21061652   512679380001  N  0                       2220147 01/08/2023       USD          298          894    313364189
01 37054192  VO105  M  VALSART H.GCER160/12,5X14                   310127000001012700000       0003038100000       000    0    0    0    0    0         1  7591020008600       21061582       21061582   512679380001  N  0                            13 01/01/2023       USD          323          970    313364189
01 37054192  13491  M  VALSARTAN 160MG X10 TAB                     3 795600000 795600000       0002386800000       000    0    0    0    0    0         1  7598176000236       21061582       21061582   512679380001  N  0                       TEMH259 01/07/2022       USD          254          762    313364189
01 37054192  MK339  M  VIAJESAN 50MG. X10TA                        3 543400000 543400000       0001630200000       000    0    0    0    0    0         1   769229220612       21061582       21061582   512679380001  N  0                        650221 01/02/2024       USD          173          520    313364189
01 37054192  LO439  M  LORATADINA LO 10MG. X10TA                   2 327769943 327769943       000 655539886       000    0    0    0    0    0         2  7591196002990       21061582       21061582   512679380002  N  0                       I120064 01/01/2023       USD          105          209    313364189
01 37054192  CH724  C  CHICCO LOC. 200CC.                          3 393249284 393249284       0001179747852 188759656    0    0    0    0    0         3  7591061660218       21061582       21061582   512679380003  N  0                         21503 01/05/2023       USD          125          376    313364189
01 37054192  BQ250  M  IBUPROFENO BQ SUSP.120ML.                   3 788125000 812500000  731250002364375000       000    0    0    3    0    0         4  7594000850466       21061582       21061582   512679380004  N  0                        210410 01/04/2024       USD          252          755    313364189
02 37054192        138   60086719138    1179747852     188759656   61455226646    0    0    0  000    0    0    0   11/06/2021 06:41:51 p.m.   PR           000           000             0            23           USD    313364189        19551
