01 37051424  13542  M  ACETAMINOFEN 650MGX10 COM                   4 222300000 222300000       000 889200000       000    0    0    0    0    0         1  7591585279057       21058676       21058676   512655560001  N  0                           046 01/04/2023       USD          071          285    312342019
01 37051424  13542  M  ACETAMINOFEN 650MGX10 COM                   2 222300000 222300000       000 444600000       000    0    0    0    0    0         1  7591585279057       21058676       21058676   512655560001  N  0                           046 01/04/2023       USD          071          142    312342019
01 37051424  14702  M  AMOXICILINA KM500 X10CA                     6 398580000 398580000       0002391480000       000    0    0    0    0    0         1  6921875011134       21058777       21058777   512655560001  N  0                       2008470 01/08/2023       USD          128          766    312342019
01 37051424  14831  M  BETAMETASONA JL4MG. X10A                    211440000001144000000       0002288000000       000    0    0    0    0    0         1  7598650000172       21059096       21059096   512655560001  N  0                        N16291 01/07/2023       USD          366          733    312342019
01 37051424  CO195  M  BONITROP 100MG. X20GRAG.                    212267445911363049546 2726099102453489182       000    0    0   10    0    0         1  7591818118016       21058777       21058777   512655560001  N  0                         10150 01/05/2026       USD          393          786    312342019
01 37051424  14185  C  CEP INTE DEN GALA PROF X5                   1 363285000 363285000       000 363285000  58125600    0    0    0    0    0         1  7595751003507       21059096       21059096   512655560001  N  0                           10X 01/12/2030       USD          116          116    312342019
01 37051424  14701  M  CLINDAMICINA KM600 X5A                      118345600001834560000       0001834560000       000    0    0    0    0    0         1  6937861391395       21058777       21058777   512655560001  N  0                        201080 01/10/2023       USD          587          587    312342019
01 37051424  14855  M  GLIBENCLAMIDA JL5MG.X10TA                   6 260000000 260000000       0001560000000       000    0    0    0    0    0         1  7598650000318       21058958       21058958   512655560001  N  0                         T8849 01/07/2023       USD          083          499    312342019
01 37051424  XS008  N  GOTAS VALERIANA XS 30ML.                    6 201630000 201630000       0001209780000       000    0    0    0    0    0         1  7594001450818       21058777       21058777   512655560001  N  0                      20042161 01/04/2024       USD          065          387    312342019
01 37051424  13515  M  PROLARDII 10 SOBX1.3GR                      130313400003031340000       0003031340000       000    0    0    0    0    0         1  7709137132242       21058676       21058676   512655560001  N  0                       0093590 01/08/2022       USD          971          971    312342019
01 37051424  MK100  M  RISPERIDONA +MK TAB.2MG.X20                 210374000001037400000       0002074800000       000    0    0    0    0    0         1  7591519009255       21058777       21058777   512655560001  N  0                         31988 01/05/2023       USD          332          664    312342019
01 37051424  ED379  M  VIZERUL 150MG. JBE.120ML.                   117550000001755000000       0001755000000       000    0    0    0    0    0         1  7592803002389       21058826       21058826   512655560001  N  0                       2104525 01/05/2023       USD          562          562    312342019
01 37051424  ED185  M  VIZERUL 150MG. X10CO                        2 676000000 676000000       0001352000000       000    0    0    0    0    0         1  7592803000989       21058826       21058826   512655560001  N  0                       2104523 01/04/2024       USD          216          433    312342019
01 37051424  ED660  M  VIZERUL 75MG. X10CO                         2 585000000 585000000       0001170000000       000    0    0    0    0    0         1  7592803001153       21058826       21058826   512655560001  N  0                       2103498 01/04/2024       USD          187          375    312342019
01 37051424  13828  C  CHAMPU COCO V. 350ML BIOR                   1 442000000 442000000       000 442000000  70720000    0    0    0    0    0         2  7596548003397       21059096       21059096   512655560002  N  0                      20110741 01/11/2022       USD          142          142    312342019
02 37051424         39   22454249182     805285000     128845600   23388379782    0    0    0  000    0    0    0   10/06/2021 01:28:25 p.m.   PR           000           000             0            15           USD    312342019         7447
