01 37055043  LC810  M  ALIVET GRAN.AD.LIMON 6S.                    4 729300000 729300000       0002917200000       000    0    0    0    0    0         1  7591585116710       21063582       21063582   512703490001  N  0                           241 01/04/2023       USD          234          935    312042441
01 37055043  10322  M  AZUTAN TOPICO BUCAL 180ML                   3 972856351 972856351       0002918569053       000    0    0    0    0    0         1  7591243803167       21063601       21063601   512703490001  N  0                       9206302 01/04/2023       USD          312          935    312042441
01 37055043  PO180  M  BACTRON SUSP. 100ML.                        3 858000000 858000000       0002574000000       000    0    0    0    0    0         1  7592806122015       21063989       21063989   512703490001  N  0                        102025 01/02/2026       USD          275          825    312042441
01 37055043  14838  M  CLOTRIMAZOL JL1% CR.20GR.                   3 628781400 628781400       0001886344200       000    0    0    0    0    0         1  7598650000257       21063627       21063627   512703490001  N  0                          2729 01/07/2023       USD          202          605    312042441
01 37055043  PA934  M  DIAGESIC 75MG. 3ML. X2A                     217592494561759249456       0003518498912       000    0    0    0    0    0         1  7591243811704       21063974       21063974   512703490001  N  0                       9212501 01/03/2023       USD          564         1128    312042441
01 37055043  LT414  M  DIKLASON 75MG. 3ML. X1A                     410075000001007500000       0004030000000       000    0    0    0    0    0         1  7591585219275       21063749       21063749   512703490001  N  0                           031 01/04/2023       USD          323         1291    312042441
01 37055043  12948  M  ENALAPRIL 10MG X100TA                       113751400001375140000       0001375140000       000    0    0    0    0    0         1 07469106377394       21063627       21063627   512703490001  N  0                           EP1 01/09/2023       USD          441          441    312042441
01 37055043  14118  M  FANASAL PED. X15ML GTAS                    12 286000000 286000000       0003432000000       000    0    0    0    0    0         1  7592236002222       21063601       21063601   512703490001  N  0                          3941 01/04/2023       USD          092         1100    312042441
01 37055043  EH350  M  FLUCONAZOL 150MGX2 CAP                      6 430916034 430916034       0002585496204       000    0    0    0    0    0         1  7703153020354       21063601       21063601   512703490001  N  0                       1337136 01/02/2024       USD          138          829    312042441
01 37055043  LO219  M  GENTAMICINA LO S.OFT.5CC.                   3 585667349 585667349       0001757002047       000    0    0    0    0    0         1  7591196002136       21063601       21063601   512703490001  N  0                        011289 01/01/2023       USD          188          563    312042441
01 37055043  12328  M  GENTAPLUS 0.3% 10ML                         3 409500000 409500000       0001228500000       000    0    0    0    0    0         1  8904030802042       21063601       21063601   512703490001  N  0                        190710 01/07/2022       USD          131          394    312042441
01 37055043  XS006  N  GOTAS DEL CARMEN XS 30ML.                   6 235950000 235950000       0001415700000       000    0    0    0    0    0         1  7594001450795       21063974       21063974   512703490001  N  0                      03022128 01/02/2024       USD          076          454    312042441
01 37055043  BQ230  M  LANCERAN GOTAS PED. 30ML.                   4 645474375 665437500  798525002581897500       000    0    0    3    0    0         1  7594000850220       21063601       21063601   512703490001  N  0                        210316 01/03/2024       USD          207          827    312042441
01 37055043  LT067  M  LETISAN 500MG. X10TM                       12 370175000 370175000       0004442100000       000    0    0    0    0    0         1  7591585514875       21063601       21063601   512703490001  N  0                           041 01/05/2023       USD          119         1424    312042441
01 37055043  14647  M  METFORMINA BIU500 X30TA                     7 709800000 709800000       0004968600000       000    0    0    0    0    0         1   795853122220       21063601       21063601   512703490001  N  0                     FMA12003A 01/08/2023       USD          227         1592    312042441
01 37055043  14575  M  METOCLOPRAMI LAN10 X100TA                   122522500002252250000       0002252250000       000    0    0    0    0    0         1  7598008000557       21063601       21063601   512703490001  N  0                         T9082 01/09/2023       USD          722          722    312042441
01 37055043  QM560  M  MOMEQ 0,1% CREMA 15GR.                      210253100001025310000       0002050620000       000    0    0    0    0    0         1  7592454889667       21063601       21063601   512703490001  N  0                       3255476 01/11/2022       USD          329          657    312042441
01 37055043  14246  M  PARACETAMOL REME 500X100T                   170272538047027253804       0007027253804       000    0    0    0    0    0         1   737186266882       21063601       21063601   512703490001  N  0                       P77901T 01/10/2022       USD         2252         2252    312042441
01 37055043  12576  M  SALBUTAMOL KMP 100X200DOS                   216607500001660750000       0003321500000       000    0    0    0    0    0         1  6921875010892       21063974       21063974   512703490001  N  0                       2009466 01/09/2023       USD          532         1064    312042441
01 37055043  LT930  M  VIASEK COMPR. 50MG. X2                      6 365478750 365478750       0002192872500       000    0    0    0    0    0         1  7591585111005       21063749       21063749   512703490001  N  0                           094 01/04/2024       USD          117          703    312042441
02 37055043         85   58475544220           000           000   58475544220    0    0    0  000    0    0    0   14/06/2021 03:11:13 p.m.   PR           000           000             0            20           USD    312042441        18740
