01 37062726  ET350  C  ADEMINA PLUS CR.CORP.60GR                   2 907721183 907721183       0001815442366 290470779    0    0    0    0    0         1  7591844000446       21069399       21069399   512777020001  N  0                    AP60210100 01/01/2024       USD          292          583    311380718
01 37062726  LO124  M  AIRON 10MG. X10TA                           2 767701935 808107300  808107301535403870       000    0    0    5    0    0         1  7591196002563       21070956       21070956   512777020001  N  0                       I021110 01/03/2023       USD          247          493    311380718
01 37062726  12084  M  BREXIN FORTE 650MG. X10TA                   6 292952941 292952941       0001757717646       000    0    0    0    0    0         1  7591818716755       21069940       21069940   512777020001  N  0                         10123 01/04/2024       USD          094          564    311380718
01 37062726  12587  M  CEFADROXILO KMP 500MGX10T                   4 819000000 819000000       0003276000000       000    0    0    0    0    0         1  6921875010786       21069399       21069399   512777020001  N  0                       2009462 01/09/2023       USD          263         1052    311380718
01 37062726  LT038  M  COVENTROL 6,25MG. X30CO                     2 859950000 859950000       0001719900000       000    0    0    0    0    0         1  7591585265630       21069508       21069508   512777020001  N  0                           124 01/03/2023       USD          276          552    311380718
01 37062726  MK579  M  DOL PLUS TAB. X10                           2 573300000 573300000       0001146600000       000    0    0    0    0    0         1  7591519005134       21069399       21069399   512777020001  N  0                         31834 01/03/2024       USD          184          368    311380718
01 37062726  MK579  M  DOL PLUS TAB. X10                           1 573300000 573300000       000 573300000       000    0    0    0    0    0         1  7591519005134       21069399       21069399   512777020001  N  0                         31935 01/05/2024       USD          184          184    311380718
01 37062726  VM494  M  DUROVAL 50MG. X10TA                         516900000001690000000       0008450000000       000    0    0    0    0    0         1  7591020008440       21069399       21069399   512777020001  N  0                           629 01/05/2026       USD          543         2714    311380718
01 37062726  CO500  M  MIOVIT COMP. 3ML. X1A KIT                   4 605983685 673315205 2693260802423934740       000    0    0   10    0    0         1  7591818113011       21069399       21069399   512777020001  N  0                         10039 01/03/2024       USD          195          778    311380718
01 37062726  NP024  M  NOTOLAC 20MG. X10TA                         2 724854558 724854558       0001449709116       000    0    0    0    0    0         1  7591821902022       21069399       21069399   512777020001  N  0                       2101002 01/03/2024       USD          233          466    311380718
01 37062726  FA239  M  NOTOLAC 30MG. X4TA.SUBL.                    3 640594500 709800000 2076165001921783500       000    0    5    5    0    0         1  7591821210134       21069399       21069399   512777020001  N  0                       2008742 01/09/2022       USD          206          617    311380718
01 37062726  11164  M  OMEPRAZOL GN 40MG. X10CA                    3 718250000 718250000       0002154750000       000    0    0    0    0    0         1  7591585173881       21069399       21069399   512777020001  N  0                           019 01/02/2023       USD          231          692    311380718
01 37062726  KV339  M  TERAGRIP FORTE 24H TAB. X14                 212041250001204125000       0002408250000       000    0    0    0    0    0         1  7591821802414       21069940       21069940   512777020001  N  0                21031372102053 01/04/2023       USD          387          773    311380718
01 37062726  KV204  M  TERAGRIP FORTE GRAN.X6SOB                   212041250001204125000       0002408250000       000    0    0    0    0    0         1  7591821802490       21069940       21069940   512777020001  N  0                       2104111 01/04/2023       USD          387          773    311380718
01 37062726  VO104  M  VALSART H.GCER80/12,5X14                    3 809817061 809817061       0002429451183       000    0    0    0    0    0         1  7591020008594       21069399       21069399   512777020001  N  0                            13 01/09/2022       USD          260          780    311380718
01 37062726  12124  C  BOROCANFOR COOL.PVO.35GR                    2 462589569 462589569       000 925179138 148028662    0    0    0    0    0         2       75971434       21069940       21069940   512777020002  N  0                       2104302 01/04/2023       USD          149          297    311380718
01 37062726  12123  C  BOROCANFOR ORIG.PVO.35GR                    2 462589569 462589569       000 925179138 148028662    0    0    0    0    0         2       75971427       21069940       21069940   512777020002  N  0                       2105301 01/05/2023       USD          149          297    311380718
01 37062726  SQ170  C  LUBRIX GEL FRESA 60CC.                      2 524199000 524199000       0001048398000 167743680    0    0    0    0    0         2  7592904000444       21070956       21069940   512777020002  N  0                           105 01/02/2024       USD          168          337    311380718
01 37062726  SQ170  C  LUBRIX GEL FRESA 60CC.                      1 524199000 524199000       000 524199000  83871840    0    0    0    0    0         2  7592904000444       21069940       21069940   512777020002  N  0                           105 01/02/2024       USD          168          168    311380718
01 37062726  SQ180  C  LUBRIX GEL LUB.CHOCO60CC.                   2 524199000 524199000       0001048398000 167743680    0    0    0    0    0         2  7592904000437       21070956       21069940   512777020002  N  0                           028 01/11/2023       USD          168          337    311380718
01 37062726  SQ180  C  LUBRIX GEL LUB.CHOCO60CC.                   1 524199000 524199000       000 524199000  83871840    0    0    0    0    0         2  7592904000437       21069940       21069940   512777020002  N  0                           028 01/11/2023       USD          168          168    311380718
01 37062726  SQ220  C  LUBRIX GEL PIÑA COL.60CC.                   2 524199000 524199000       0001048398000 167743680    0    0    0    0    0         2  7592904000468       21070956       21070956   512777020002  N  0                           029 01/11/2023       USD          168          337    311380718
02 37062726         55   33655050055    7859392642    1257502823   42771945520    0    0    0  000    0    0    0   18/06/2021 03:37:53 p.m.   PR           000           000             0            20           USD    311380718        13332
