01 37064360  12586  M  ACICLOVIR KMPLUS 200MGX10                   6 377938536 377938536       0002267631216       000    0    0    0    0    0         1  6921875010748       21072924       21072924   512799990001  N  0                       2004421 01/04/2023       USD          120          722    313859881
01 37064360  AL135  C  ALGODON ALVE 100 GR.                       12 948201020 948201020       000       0001820545958    0    0    0    0    0         1  7591442000077       21073056       21073056   512799990001  N  0                    26ABR2101G 01/04/2026       USD          302         3625    313859881
01 37064360  14873  M  CEFADROXILO FM500 X10TA                     5 773500000 773500000       0003867500000       000    0    0    0    0    0         1  8906082150645       21073056       21073056   512799990001  N  0                      ATCM2001 01/10/2023       USD          246         1232    313859881
01 37064360  AY171  C  JER 3CC 21X1-1/2 KX X100                    133150000003315000000       0003315000000 530400000    0    0    0    0    0         1 10813333013824       21072924       21072924   512799990001  N  0                        201116 01/11/2025       USD         1056         1056    313859881
01 37064360  12088  M  LEVOTIROXI DAC100MCG.30TA                   3 899470000 899470000       0002698410000       000    0    0    0    0    0         1  8906121690071       21071748       21071748   512799990001  N  0                          V143 01/06/2023       USD          287          860    313859881
01 37064360  13505  M  PEDIALY MAX 60 COCO 500ML                   2 891531034 891531034       0001783062068       000    0    0    0    0    0         1  7501033961540       21072924       21072924   512799990001  N  0                       23448MC 01/11/2022       USD          284          568    313859881
01 37064360  13507  M  PEDIALY MAX 60 FRES 500ML                   3 891531034 891531034       0002674593102       000    0    0    0    0    0         1  7501033961557       21072924       21072924   512799990001  N  0                       23444MC 01/11/2022       USD          284          852    313859881
01 37064360  11828  M  PREDNISONA CCM 5MG.X20TA                    3 596669727 596669727       0001790009181       000    0    0    0    0    0         1  7501384546816       21072924       21072924   512799990001  N  0                       0421360 01/04/2023       USD          190          570    313859881
01 37064360  14391  M  SUEROLITO 75MEQ FRUIT400                    2 557700000 557700000       0001115400000       000    0    0    0    0    0         1  7597767000358       21072924       21072924   512799990001  N  0                        262FP1 01/02/2023       USD          178          355    313859881
01 37064360  14392  M  SUEROLITO 75MEQ MANDA400                    2 557700000 557700000       0001115400000       000    0    0    0    0    0         1  7597767000327       21072924       21072924   512799990001  N  0                         242M1 01/02/2023       USD          178          355    313859881
02 37064360         39   17312005567   14693412240    2350945958   34356363765    0    0    0  000    0    0    0   21/06/2021 12:38:43 p.m.   PR           000           000             0            10           USD    313859881        10197
