01 37065415  12137  M  ATENOLOL BM100MG. X100TA                    113760500001376050000       0001376050000       000    0    0    0    0    0         1  6930169708063       21073216       21073216   512803050001  N  0                        190446 01/03/2022       USD          438          438    313859881
01 37065415  14114  M  CIPROFLOXACINA 500MGX10TA                   5 356200000 356200000       0001781000000       000    0    0    0    0    0         1  7592236002062       21073216       21073216   512803050001  N  0                     TC1220003 01/05/2022       USD          113          567    313859881
01 37065415  LO484  M  CLARIX SOL.NASAL AD.15ML.                   2 742298700 742298700       0001484597400       000    0    0    0    0    0         1  7591196003171       21073216       21073216   512803050001  N  0                        041913 01/04/2026       USD          236          473    313859881
01 37065415  14838  M  CLOTRIMAZOL JL1% CR.20GR.                   2 628781400 628781400       0001257562800       000    0    0    0    0    0         1  7598650000257       21073216       21073216   512803050001  N  0                          2729 01/07/2023       USD          200          401    313859881
01 37065415  13662  C  CURITAS IMP.PIELX20 ZUVIS                   1 188760000 188760000       000 188760000  30201600    0    0    0    0    0         1  7597297000316       21073216       21073216   512803050001  N  0                        202008 01/08/2025       USD          060          060    313859881
01 37065415  FA018  M  FITEX 20MG. X1TA                           10  91474000 130677143 392031430 914740000       000    0    0   30    0    0         1  7591821904293       21073216       21073216   512803050001  N  0                       2006366 01/10/2022       USD          029          291    313859881
01 37065415  MK117  M  FLAVOXATO +MK 200MG.X10TA                   2 9079200001008800000 2017600001815840000       000    0    0   10    0    0         1  7591519009330       21073216       21073216   512803050001  N  0                         31828 01/03/2023       USD          289          579    313859881
01 37065415  11613  M  FLORAX SUSP.PED. 5ML.X5                     133280000003328000000       0003328000000       000    0    0    0    0    0         1  7896685300183       21073216       21073216   512803050001  N  0                       2005106 01/05/2022       USD         1060         1060    313859881
01 37065415  PG110  M  NINAZO GOTAS AD. 15ML.                     12 422500000 422500000       0005070000000       000    0    0    0    0    0         1  7591821802957       21073216       21073216   512803050001  N  0                      2009014C 01/04/2022       USD          135         1615    313859881
01 37065415  VT135  C  CALAMINOL FRESH LOC.180ML                   215859442301585944230       0003171888460 507502154    0    0    0    0    0         2  7591808000031       21073216       21073216   512803050002  N  0                       2105502 01/05/2024       USD          505         1011    313859881
01 37065415  GQ110  M  BROXOL JBE. PED. 120 CC.                    6 962000000 962000000       0005772000000       000    0    0    0    0    0         3  7592454536370       21073216       21073216   512803050003  N  0                       3268618 01/06/2023       USD          306         1839    313859881
02 37065415         44   22799790200    3360648460     537703754   26698142414    0    0    0  000    0    0    0   21/06/2021 06:23:04 p.m.   PR           000           000             0            11           USD    313859881         8335
