01 37071329  EL007  M  ALRES GRAN. PSO X10SOB.                     121924632602192463260       0002192463260       000    0    0    0    0    0         1  7591062012924       21078907       21078907   512860160001  N  0                        21008A 01/02/2023       USD          689          689    318341351
01 37071329  PF204  M  ATAMEL FORTE 650MG. X10TA                   3 515475350 515475350       0001546426050       000    0    0    0    0    0         1  7591257000552       21078907       21078907   512860160001  N  0                     026130021 01/05/2023       USD          162          486    318341351
01 37071329  FA022  M  BONAMES 150MG. X1TA                         212967500001296750000       0002593500000       000    0    0    0    0    0         1  7591821903326       21078907       21078907   512860160001  N  0                       2105132 01/05/2025       USD          407          815    318341351
01 37071329  ED100  M  CINAREN CAPS. 75MG. X20                     216588000001658800000       0003317600000       000    0    0    0    0    0         1  7592803000118       21078907       21078907   512860160001  N  0                       2104504 01/04/2025       USD          521         1042    318341351
01 37071329  GT004  M  COVENTROL 12,5MG. X30CO                     213390000001339000000       0002678000000       000    0    0    0    0    0         1  7591585365644       21078907       21078907   512860160001  N  0                           125 01/03/2023       USD          421          841    318341351
01 37071329  PA994  M  DIAGESIC SUSP.ORAL 120ML.                   212066039691206603969       0002413207938       000    0    0    0    0    0         1  7591243811728       21078907       21078907   512860160001  N  0                       9226801 01/05/2023       USD          379          758    318341351
01 37071329  LO004  M  DICLORET SUSP.PED. 60ML.                    2 835340594 835340594       0001670681188       000    0    0    0    0    0         1  7591196004499       21078907       21078907   512860160001  N  0                       I110048 01/12/2022       USD          262          525    318341351
01 37071329  12209  M  DIOSMIL 500MG. X30CO                        233306728723330672872       0006661345744       000    0    0    0    0    0         1  7406076104261       21078907       21078907   512860160001  N  0                        C21043 01/03/2024       USD         1046         2093    318341351
01 37071329  PA050  M  ERILON 0,05% CREMA 15GR.                    211950509051195050905       0002390101810       000    0    0    0    0    0         1  7591243815757       21078907       21078907   512860160001  N  0                       9251803 01/03/2023       USD          375          751    318341351
01 37071329  PO460  M  FOLIFER B12 TAB. X30                        310530000001053000000       0003159000000       000    0    0    0    0    0         1  7592806133639       21078907       21078907   512860160001  N  0                        105067 01/05/2024       USD          331          992    318341351
01 37071329  11536  M  OLMECAR 20MG. X30CO                         214950000001495000000       0002990000000       000    0    0    0    0    0         1  7591585318794       21078907       21078907   512860160001  N  0                          0391 01/11/2022       USD          470          939    318341351
01 37071329  KV339  M  TERAGRIP FORTE 24H TAB. X14                 212967500001296750000       0002593500000       000    0    0    0    0    0         1  7591821802414       21078907       21078907   512860160001  N  0                21031382102053 01/03/2023       USD          407          815    318341351
01 37071329  SX140  C  TOALLAS C. SECUREZZA X 10                   3 309603819 309603819       000 928811457 148609833    0    0    0    0    0         1  7591353700028       21078907       21078907   512860160001  N  0                      10517106 01/05/2023       USD          097          292    318341351
02 37071329         28   34205825990     928811457     148609833   35283247280    0    0    0  000    0    0    0   25/06/2021 01:51:27 p.m.   PR           000           000             0            13           USD    318341351        11037
