01 37078771  RZ150  M  AC FOLICO PX 10MG. X30TA                    6 496829756 522978690 1568936042980978536       000    0    5    0    0    0         1  7594001101345       21084942       21084942   512927710001  N  0                          5921 01/05/2024       USD          154          926    322059835
01 37078771  14535  M  ACETAMINOFEN GN500 X10CO                   12 202800000 202800000       0002433600000       000    0    0    0    0    0         1  7591585376657       21085034       21085034   512927710001  N  0                           294 01/04/2023       USD          063          756    322059835
01 37078771  12826  M  ALBENDAZOL PX 400MG X10ML                  24 371309380 371309380       0008911425120       000    0    0    0    0    0         1  7594001100294       21084942       21084942   512927710001  N  0                          5949 01/06/2023       USD          115         2767    322059835
01 37078771  GN629  M  AZITROMICINA GN 500 X 5                     6 897000000 897000000       0005382000000       000    0    0    0    0    0         1  7591585279460       21085034       21085034   512927710001  N  0                           318 01/03/2023       USD          279         1671    322059835
01 37078771  14873  M  CEFADROXILO FM500 X10TA                     4 884000000 884000000       0003536000000       000    0    0    0    0    0         1  8906082150645       21085034       21085034   512927710001  N  0                      ATCM2001 01/10/2023       USD          274         1098    322059835
01 37078771  PO195  M  DECOBEL VIAL 8MG. 2ML.                      4 682500000 682500000       0002730000000       000    0    0    0    0    0         1  7592806112047       21084643       21084643   512927710001  N  0                        104049 01/04/2024       USD          212          848    322059835
01 37078771  GQ744  M  DESLORATADINA ELTER 5 X10                   4 456430000 456430000       0001825720000       000    0    0    0    0    0         1  7592454001311       21084643       21084643   512927710001  N  0                       3256038 01/11/2022       USD          142          567    322059835
01 37078771  11423  M  HIDROCLOROTI GN12,5 X30CO                   3 941850000 941850000       0002825550000       000    0    0    0    0    0         1  7591585172686       21084643       21084643   512927710001  N  0                           021 01/05/2023       USD          292          877    322059835
01 37078771  11442  M  KETOPROFENO PX 100 X10TA                    4 473742230 473742230       0001894968920       000    0    0    0    0    0         1  7594001101178       21084643       21084643   512927710001  N  0                          5893 01/05/2026       USD          147          588    322059835
01 37078771  14857  M  KETOROLACO JL30MG. X10A                     121765510002176551000       0002176551000       000    0    0    0    0    0         1  7598650000400       21084643       21084643   512927710001  N  0                        N16317 01/07/2023       USD          676          676    322059835
01 37078771  12186  M  MAXTHIO 4MG/2ML. IM X6A                     125116000002511600000       0002511600000       000    0    0    0    0    0         1  8699525755247       21084643       21084643   512927710001  N  0                       A080460 01/10/2022       USD          780          780    322059835
01 37078771  LO414  M  NAS SOL.GOTAS AD. 15ML.                     3 450957780 450957780       0001352873340       000    0    0    0    0    0         1  7591196003140       21085034       21085034   512927710001  N  0                       I100017 01/11/2022       USD          140          420    322059835
01 37078771  LO419  M  NAS SOL.NASAL PED.15ML.                     3 450957780 450957780       0001352873340       000    0    0    0    0    0         1  7591196003027       21085034       21085034   512927710001  N  0                        110829 01/11/2022       USD          140          420    322059835
01 37078771  10904  N  VENOSAN AI 300MG. X90CA                     216707648101670764810       0003341529620       000    0    0    0    0    0         1  7592946000068       21084643       21084643   512927710001  N  0                      01210068 01/03/2024       USD          519         1038    322059835
01 37078771  ED185  M  VIZERUL 150MG. X10CO                        2 676000000 676000000       0001352000000       000    0    0    0    0    0         1  7592803000989       21084643       21084643   512927710001  N  0                       2104523 01/04/2024       USD          210          420    322059835
01 37078771  ED660  M  VIZERUL 75MG. X10CO                         2 585000000 585000000       0001170000000       000    0    0    0    0    0         1  7592803001153       21084643       21084643   512927710001  N  0                       2103498 01/04/2024       USD          182          363    322059835
01 37078771  GN759  M  DESLORATADINA GN S.ORAL60                  12 637000000 637000000       0007644000000       000    0    0    0    0    0         2  7591585177445       21084643       21084643   512927710002  N  0                           051 01/03/2023       USD          198         2373    322059835
01 37078771  BQ250  M  IBUPROFENO BQ SUSP.120ML.                   3 788125000 812500000  731250002364375000       000    0    0    3    0    0         2  7594000850466       21084643       21084643   512927710002  N  0                        210410 01/04/2024       USD          245          734    322059835
01 37078771  JN100  N  JENGIMIEL JBE.AD. 120ML.                    210075000001007500000       0002015000000       000    0    0    0    0    0         2  7592520000019       21084643       21084643   512927710002  N  0                        020221 01/02/2023       USD          313          626    322059835
01 37078771  JN110  N  JENGIMIEL JBE.PED. 120ML.                   210075000001007500000       0002015000000       000    0    0    0    0    0         2  7592520000026       21084643       21084643   512927710002  N  0                        021120 01/11/2022       USD          313          626    322059835
01 37078771  RZ260  M  MISULVAN COMP.AD.JBE. 120ML                 2 551472480 551472480       0001102944960       000    0    0    0    0    0         2  7594001101567       21084942       21084942   512927710002  N  0                          5933 01/06/2023       USD          171          342    322059835
01 37078771  RZ280  M  MISULVAN JBE.AD. 120ML.                     3 547055990 547055990       0001641167970       000    0    0    0    0    0         2  7594001100607       21084942       21084942   512927710002  N  0                          5931 01/06/2024       USD          170          510    322059835
01 37078771  11634  M  MUCOMAX 30MG. SOL.ORAL120                   2 997800114 997800114       0001995600228       000    0    0    0    0    0         2  7592616579061       21084643       21084643   512927710002  N  0                         10423 01/05/2023       USD          310          620    322059835
02 37078771        107   64555758034           000           000   64555758034    0    0    0  000    0    0    0   01/07/2021 04:57:57 p.m.   PR           000           000             0            23           USD    322059835        20045
