01 37070384  12587  M  CEFADROXILO KMP 500MGX10T                   4 819000000 819000000       0003276000000       000    0    0    0    0    0         1  6921875010786       21077722       21077722   512847220001  N  0                       2009462 01/09/2023       USD          257         1029    318341351
01 37070384  12581  M  CEFIXIMA KMPLUS 400MGX10C                   137674000003767400000       0003767400000       000    0    0    0    0    0         1  6921875010809       21077722       21077722   512847220001  N  0                       2009465 01/09/2023       USD         1183         1183    318341351
01 37070384  14994  A  CITRATO CALCIO D3 PT 30TA                   221210393752121039375       0004242078750       000    0    0    0    0    0         1  7597189000097       21077722       21077722   512847220001  N  0                        103031 01/03/2023       USD          666         1333    318341351
01 37070384  14838  M  CLOTRIMAZOL JL1% CR.20GR.                  11 628781400 628781400       0006916595400       000    0    0    0    0    0         1  7598650000257       21077722       21077722   512847220001  N  0                          2729 01/07/2023       USD          198         2173    318341351
01 37070384  11288  M  COLYPAN 200MG. X10TA                        6 919100000 919100000       0005514600000       000    0    0    0    0    0         1  7591821210264       21077722       21077722   512847220001  N  0                       2105225 01/05/2024       USD          289         1732    318341351
01 37070384  PB245  M  DENCORUB GEL 40 GR.                         2 630054786 630054786       0001260109572       000    0    0    0    0    0         1  7591309010416       21077522       21077522   512847220001  N  0                       2105007 01/05/2023       USD          198          396    318341351
01 37070384  PB015  C  DENCORUB ICE GEL 40GR.                      2 358402205 358402205       000 716804410 114688706    0    0    0    0    0         1  7591309001049       21077522       21077522   512847220001  N  0                      A2105127 01/05/2024       USD          113          225    318341351
01 37070384  12926  M  DICLOFENAC S. AL100 10SUP                   210434467141304308392 5217233562086893428       000    0    0   20    0    0         1  7597758000633       21077722       21077722   512847220001  N  0                      K1ABG010 01/05/2023       USD          328          656    318341351
01 37070384  LC289  N  FEMADONNA 40MG. X20CO                       310530000001053000000       0003159000000       000    0    0    0    0    0         1  7591585212214       21077757       21077757   512847220001  N  0                           050 01/11/2022       USD          331          992    318341351
01 37070384  GN534  M  KETOPROFENO GN I.M.2ML.X2                   4 637000000 637000000       0002548000000       000    0    0    0    0    0         1  7591585170781       21077757       21077757   512847220001  N  0                           090 01/03/2023       USD          200          800    318341351
01 37070384  14567  M  LEVONORGESTREL LAND1.5 X1                  15 523250000 523250000       0007848750000       000    0    0    0    0    0         1  7598008000472       21077522       21077522   512847220001  N  0                         T9074 01/09/2023       USD          164         2466    318341351
01 37070384  LN165  M  MADECASSOL 2% POLVO 5GR.                    212756250001275625000       0002551250000       000    0    0    0    0    0         1  7592348218108       21077522       21077522   512847220001  N  0                       2102027 01/02/2026       USD          401          801    318341351
01 37070384  VP003  M  NYTAXIN 500MG. X6CA.BL.                     217472000001747200000       0003494400000       000    0    0    0    0    0         1  7592432018010       21077522       21077522   512847220001  N  0                        200241 01/09/2022       USD          549         1098    318341351
01 37070384  FA444  M  TAPAZOL TAB. 5MG. X60                       210692500001069250000       0002138500000       000    0    0    0    0    0         1  7591821903234       21077722       21077722   512847220001  N  0                       2104609 01/05/2024       USD          336          672    318341351
01 37070384  KV204  M  TERAGRIP FORTE GRAN.X6SOB                   312967500001296750000       0003890250000       000    0    0    0    0    0         1  7591821802490       21077757       21077757   512847220001  N  0                       2104125 01/04/2023       USD          407         1222    318341351
01 37070384  KX100  C  TEST DE EMBARAZO KX                         2 910000000 910000000       0001820000000 291200000    0    0    0    0    0         1   813333014589       21077522       21077522   512847220001  N  0                     W00101159 01/11/2022       USD          286          572    318341351
02 37070384         63   52693827150    2536804410     405888706   55636520266    0    0    0  000    0    0    0   24/06/2021 03:13:30 p.m.   PR           000           000             0            16           USD    318341351        17349
