01 37087826  MK599  M  AC FOLICO +MK 10MG. X20TA                   3 489060000 489060000       0001467180000       000  000  000  000  000  000         1  7591519004892       21094822       21094822   513028520001  N  0                         31913 01/05/2023       USD          151          452    324732197
01 37087826  AO120  M  AMITAFEN FORTE650 X14TA                     3 478400000 478400000       0001435200000       000  000  000  000  000  000         1  7591519006674       21094822       21094822   513028520001  N  0                         31771 01/02/2024       USD          147          442    324732197
01 37087826  10827  M  ANTAAR 5MG. X30TA                           116341000001634100000       0001634100000       000  000  000  000  000  000         1  7591519051896       21094822       21094822   513028520001  N  0                         31905 01/04/2024       USD          503          503    324732197
01 37087826  12137  M  ATENOLOL BM100MG. X100TA                    217082000001708200000       0003416400000       000  000  000  000  000  000         1  6930169708063       21094822       21094822   513028520001  N  0                        190446 01/03/2022       USD          526         1052    324732197
01 37087826  PO180  M  BACTRON SUSP. 100ML.                        3 962000000 962000000       0002886000000       000  000  000  000  000  000         1  7592806122015       21094822       21094822   513028520001  N  0                        104044 01/04/2026       USD          296          889    324732197
01 37087826  PA275  M  BETAGEN SOLSPEN 1ML.1AMP.                   415972828031597282803       0006389131212       000  000  000  000  000  000         1  7591243804409       21094501       21094501   513028520001  N  0                         92384 01/11/2022       USD          492         1968    324732197
01 37087826  GN091  M  CAPTOPRIL GN 25MG.X30CO                     4 604500000 604500000       0002418000000       000  000  000  000  000  000         1  7591585370167       21094822       21094822   513028520001  N  0                           117 01/08/2024       USD          186          745    324732197
01 37087826  11555  M  ESOZ 20MG. X7CAPS.MGE                       2 770250000 770250000       0001540500000       000  000  000  000  000  000         1  7592454891264       21094501       21094501   513028520001  N  0                       3263447 01/02/2023       USD          237          474    324732197
01 37087826  13884  M  FISIOLIN SO.NASAL 3ML.X10                   210297447881029744788       0002059489576       000  000  000  000  000  000         1  7591196006158       21094822       21094822   513028520001  N  0                       I070963 01/08/2023       USD          317          634    324732197
01 37087826  FA018  M  FITEX 20MG. X1TA                            6 157774968 197218710 236662452 946649808       000  000  000 2000  000  000         1  7591821904293       21094822       21094822   513028520001  N  0                       1908512 01/09/2021       USD          049          292    324732197
01 37087826  MK052  M  FLUCONAZOL +MK150MG. X2CA                   4 478465000 478465000       0001913860000       000  000  000  000  000  000         1  7591519001594       21094822       21094822   513028520001  N  0                         31736 01/02/2023       USD          147          589    324732197
01 37087826  LO219  M  GENTAMICINA LO S.OFT.5CC.                   3 644234083 644234083       0001932702249       000  000  000  000  000  000         1  7591196002136       21094501       21094501   513028520001  N  0                        011289 01/01/2023       USD          198          595    324732197
01 37087826  10372  M  GYNOMET 15%-4%CR.VAG.40GR                   116224000001622400000       0001622400000       000  000  000  000  000  000         1  7591585119131       21094547       21094547   513028520001  N  0                           054 01/02/2023       USD          500          500    324732197
01 37087826  MK809  M  IVERMECTINA +MK 6MG. X4TA                   3 393900000 393900000       0001181700000       000  000  000  000  000  000         1  7591519007121       21094822       21094822   513028520001  N  0                         31926 01/04/2023       USD          121          364    324732197
01 37087826  MK805  M  LORATADINA +MK 10MG.X10TA                   6 319345000 319345000       0001916070000       000  000  000  000  000  000         1  7591519000788       21094822       21094822   513028520001  N  0                         31964 01/04/2024       USD          098          590    324732197
01 37087826  MK735  M  PREDNISONA +MK50MG. X10TA                   211947000001194700000       0002389400000       000  000  000  000  000  000         1  7591519001044       21094501       21094501   513028520001  N  0                         31768 01/03/2026       USD          368          736    324732197
01 37087826  11279  N  SENOKOT C.DOCUSATO X10TA                    211524889131152488913       0002304977826       000  000  000  000  000  000         1  7591821210295       21094822       21094822   513028520001  N  0                       2010063 01/10/2022       USD          355          710    324732197
01 37087826  FA444  M  TAPAZOL TAB. 5MG. X60                       311456250001145625000       0003436875000       000  000  000  000  000  000         1  7591821903234       21094822       21094822   513028520001  N  0                       2104609 01/05/2024       USD          353         1058    324732197
01 37087826  KV199  M  TERAGRIP FORTE NOC X6 SOB.                  312921187501389375000 2917687503876356250       000  000  000  700  000  000         1  7591821801882       21094822       21094822   513028520001  N  0                       2105141 01/05/2023       USD          398         1194    324732197
01 37087826  ED185  M  VIZERUL 150MG. X10CO                        2 806000000 806000000       0001612000000       000  000  000  000  000  000         1  7592803000989       21094547       21094547   513028520001  N  0                       2104523 01/04/2024       USD          248          496    324732197
01 37087826  MK005  M  AMLODIPINA +MK 5MG. X10TA                   2 244205000 244205000       000 488410000       000  000  000  000  000  000         2  7591519001334       21094822       21094822   513028520002  N  0                         31717 01/02/2025       USD          075          150    324732197
01 37087826  VM209  M  DUROVAL 50MG. X3TA                         10 556291139 556291139       0005562911390       000  000  000  000  000  000         2  7591020005029       21094501       21094501   513028520002  N  0                           628 01/05/2026       USD          171         1713    324732197
01 37087826  12397  M  FESTAL 210MG X10GRG                         1 851955000 851955000       000 851955000       000  000  000  000  000  000         2  7591044407526       21094822       21094822   513028520002  N  0                         31748 01/03/2023       USD          262          262    324732197
01 37087826  12086  M  VIT E VP 400MG. X15CA.BLA                   2 895622762 995136402 1990272801791245524       000  000  000 1000  000  000         2  7592432901428       21094501       21094501   513028520002  N  0                        200291 01/10/2023       USD          276          552    324732197
02 37087826         74   55073513835           000           000   55073513835    0    0    0  000    0    0    0   08/07/2021 02:20:03 p.m.   PR           000           000             0            24           USD    324732197        16960
