01 37083124  GN629  M  AZITROMICINA GN 500 X 5                     8 949000000 949000000       0007592000000       000    0    0    0    0    0         1  7591585279460       21090310       21090310   512981190001  N  0                           319 01/05/2023       USD          293         2342    324185460
01 37083124  VP990  M  CEVAX 500MG. X30CA.BLA                      312558000001255800000       0003767400000       000    0    0    0    0    0         1  7592432007649       21090310       21090310   512981190001  N  0                        210135 01/05/2023       USD          387         1162    324185460
01 37083124  14624  M  DICLOFENAC S. GN50 X10CO                    6 221000000 221000000       0001326000000       000    0    0    0    0    0         1  7591585473967       21090310       21090310   512981190001  N  0                          6731 01/02/2026       USD          068          409    324185460
01 37083124  11499  M  FULGRAM 875MG-125MG X16CO                   133540000003354000000       0003354000000       000    0    0    0    0    0         1  7591585213198       21090310       21090310   512981190001  N  0                           603 01/12/2022       USD         1035         1035    324185460
01 37083124  AP550  M  IBUTAN 600MG. X10TA                         3 757250000 757250000       0002271750000       000    0    0    0    0    0         1  7592601200536       21090310       21090310   512981190001  N  0                        134401 01/05/2025       USD          234          701    324185460
01 37083124  GN101  M  LOSARTAN P. GN 50MG. X30                    3 497250000 585000000 2632500001491750000       000    0   15    0    0    0         1  7591585278951       21090310       21090310   512981190001  N  0                           356 01/01/2023       USD          153          460    324185460
01 37083124  GN101  M  LOSARTAN P. GN 50MG. X30                    1 497250000 585000000  87750000 497250000       000    0   15    0    0    0         1  7591585278951       21090310       21090310   512981190001  N  0                           356 01/01/2023       USD          153          153    324185460
01 37083124  MG604  M  FULGRAM 600/42,9SUSP.60CC                   222945000002294500000       0004589000000       000    0    0    0    0    0         2  7591585113139       21090310       21090310   512981190002  N  0                           329 01/04/2023       USD          708         1416    324185460
01 37083124  AP270  M  IBUTAN 100MG. SUSP.60ML.                    3 858000000 858000000       0002574000000       000    0    0    0    0    0         2  7592601200192       21090310       21090310   512981190002  N  0                        922501 01/08/2023       USD          265          794    324185460
02 37083124         30   27463150000           000           000   27463150000    0    0    0  000    0    0    0   05/07/2021 01:04:31 p.m.   PR           000           000             0             9           USD    324185460         8471
