01 37097514  14979  M  ACETAMIN CLORFEN BQ 120ML                   4 784875000 784875000       0003139500000       000  000  000  000  000  000         1  7594000851234       21104190       21104190   513121140001  N  0                        210511 01/05/2023       USD          228          912    344339473
01 37097514  ET350  C  ADEMINA PLUS CR.CORP.60GR                   210421688711042168871       0002084337742 333494039  000  000  000  000  000         1  7591844000446       21104190       21104190   513121140001  N  0                    AP60210100 01/01/2024       USD          303          605    344339473
01 37097514  13485  M  AZITROMICINA 200MG X15ML                    411700000001170000000       0004680000000       000  000  000  000  000  000         1  7598176000182       21104190       21104190   513121140001  N  0                       21L0412 01/03/2024       USD          340         1359    344339473
01 37097514  MY185  M  BENDAMEN 100MG. X6TA                        2 844480000 844480000       0001688960000       000  000  000  000  000  000         1  7592601100218       21104190       21104190   513121140001  N  0                        111601 01/02/2023       USD          245          490    344339473
01 37097514  GQ719  M  CLOTRI-NEO-DEXA ELTER20GR                   415373800001537380000       0006149520000       000  000  000  000  000  000         1  7703763300051       21104190       21104190   513121140001  N  0                       3268048 01/05/2024       USD          446         1786    344339473
01 37097514  MK052  M  FLUCONAZOL +MK150MG. X2CA                   6 478465000 478465000       0002870790000       000  000  000  000  000  000         1  7591519001594       21104190       21104190   513121140001  N  0                         31736 01/02/2023       USD          139          834    344339473
01 37097514  GB840  M  GLICERINA GC SUPOS.PED.X6                   410257000001025700000       0004102800000       000  000  000  000  000  000         1  7591136923873       21104190       21104190   513121140001  N  0                       2104135 01/04/2023       USD          298         1191    344339473
01 37097514  13488  M  PREDNISOLONA 5MGX30TAB                      3 863200000 863200000       0002589600000       000  000  000  000  000  000         1  7598176000175       21104190       21104190   513121140001  N  0                        T00140 01/11/2023       USD          251          752    344339473
01 37097514  14881  M  SECNIDAZOL FM500MG. X4TA                    3 520000000 520000000       0001560000000       000  000  000  000  000  000         1  8906082150737       21104190       21104190   513121140001  N  0                         T0531 01/11/2023       USD          151          453    344339473
01 37097514  11808  M  APIRET 180SOL.ORAL 60ML.                    8 354658710 354658710       0002837269680       000  000  000  000  000  000         2  7591196007155       21104190       21104190   513121140002  N  0                       I051015 01/05/2023       USD          103          824    344339473
01 37097514  LC314  N  FLUVIRIN JBE. 120ML.                        311570000001157000000       0003471000000       000  000  000  000  000  000         2  7591585111166       21104190       21104190   513121140002  N  0                           224 01/04/2023       USD          336         1008    344339473
02 37097514         43   33089439680    2084337742     333494039   35507271461    0    0    0  000    0    0    0   16/07/2021 01:45:41 p.m.   PR           000           000             0            11           USD    344339473        10215
