01 37090706  14108  M  ACETAMINOFEN 500MGX20                      24 200200000 200200000       0004804800000       000  000  000  000  000  000         1  7592236001973       21097662       21097662   513057960001  N  0                     TA1460006 01/06/2023       USD          061         1467    327592539
01 37090706  14819  M  ACICLOVIR JL5% CR. 15GR .                   2 949520000 949520000       0001899040000       000  000  000  000  000  000         1  7598650000240       21097812       21097812   513057960001  N  0                          2727 01/07/2023       USD          290          580    327592539
01 37090706  CO006  M  AEROFLAT GOTAS 80MG.20ML.                   310666338791066633879       0003199901637       000  000  000  000  000  000         1  7591818210406       21097662       21097662   513057960001  N  0                         10015 01/05/2023       USD          326          977    327592539
01 37090706  13645  M  CEFADROXILO BUKA 500MGX10                   4 802230000 802230000       0003208920000       000  000  000  000  000  000         1   675696259997       21097611       21097611   513057960001  N  0                        CD0102 01/09/2023       USD          245          980    327592539
01 37090706  13652  M  CETIRIZINA 10MGX10TA BUKA                  12 300300000 300300000       0003603600000       000  000  000  000  000  000         1  0675696260009       21097662       21097662   513057960001  N  0                        CTR202 01/11/2023       USD          092         1100    327592539
01 37090706  PD475  M  CLONIPRES 0,150MG. X20CO                    2 715000000 715000000       0001430000000       000  000  000  000  000  000         1  7591955000182       21097695       21097695   513057960001  N  0                          0014 01/10/2022       USD          218          437    327592539
01 37090706  PB120  M  DENCORUB CREM 40 GR                         4 423566243 423566243       0001694264972       000  000  000  000  000  000         1  7591309010409       21097695       21097695   513057960001  N  0                       2106009 01/06/2023       USD          129          517    327592539
01 37090706  KF200  M  DERMAZOL 0,05% UNG.30GR.                    315730000001573000000       0004719000000       000  000  000  000  000  000         1  7591619519043       21097314       21097314   513057960001  N  0                          0048 01/03/2023       USD          480         1440    327592539
01 37090706  13893  M  DESAZONA 4MG. X100TA                        142120000004212000000       0004212000000       000  000  000  000  000  000         1  7750215026250       21097695       21097695   513057960001  N  0                       2042211 01/04/2024       USD         1286         1286    327592539
01 37090706  14695  M  DEXAMETASONA KM8 2ML.X10A                   416130400001716000000 4118400006452160000       000  000  000  600  000  000         1  6942189211263       21097695       21097695   513057960001  N  0                        201018 01/10/2023       USD          492         1970    327592539
01 37090706  VC003  M  GENCIVOL COMPU SOL.15ML.                    3 613437500 613437500       0001840312500       000  000  000  000  000  000         1  7592782000529       21097611       21097611   513057960001  N  0                       20B0009 01/12/2022       USD          187          562    327592539
01 37090706  12723  M  LAGRICOF SOL. OF X15ML                      2 973587359 973587359       0001947174718       000  000  000  000  000  000         1  7591818716861       21097662       21097662   513057960001  N  0                        203201 01/03/2024       USD          297          594    327592539
01 37090706  KQ003  N  LINAZA MOLIDA INTERV250GR                   123604657452360465745       0002360465745       000  000  000  000  000  000         1  7593434002717       21097314       21097314   513057960001  N  0                       1200150 01/12/2022       USD          721          721    327592539
01 37090706  14878  M  LOSARTAN P. FM50MG.X30TA                    4 624000000 780000000 6240000002496000000       000  000  000 2000  000  000         1  8906082150751       21097695       21097695   513057960001  N  0                         T1009 01/12/2023       USD          190          762    327592539
01 37090706  11652  M  MONTELUKAST LS 10MG. X10                    3 714870000 714870000       0002144610000       000  000  000  000  000  000         1  7592454891295       21097314       21097314   513057960001  N  0                       3268610 01/06/2023       USD          218          655    327592539
01 37090706  14375  M  PARACETA PORTU500 X100TA                    323400000002340000000       0007020000000       000  000  000  000  000  000         1  7750215496886       21096855       21096855   513057960001  N  0                       2021631 01/02/2024       USD          714         2143    327592539
01 37090706  CO125  M  PINVEX SOL.TOP.BUCAL 10ML                   2 711089540 711089540       0001422179080       000  000  000  000  000  000         1  7591818111055       21097314       21097314   513057960001  N  0                         10005 01/02/2026       USD          217          434    327592539
01 37090706  FS290  N  SOL FISIOLOGICA 30CC. X6                    111323000001132300000       0001132300000       000  000  000  000  000  000         1  7592368000660       21097611       21097611   513057960001  N  0                       0321061 01/09/2022       USD          346          346    327592539
01 37090706  VC004  M  SOLUNOVAR COMP.SOL. 30ML.                   3 614250000 614250000       0001842750000       000  000  000  000  000  000         1  7592782000598       21097611       21097611   513057960001  N  0                       20A0001 01/10/2022       USD          188          563    327592539
01 37090706  14152  M  SULTAMICILINA ZIEL750 X10                   21023457782510234577825       000       000       000  000  000  000  000  000         1  0763331474659       21097662       21097662   513057960001  N  0                     EBT210019 01/02/2023       USD         3124         6248    327592539
02 37090706         83   77898634302           000           000   77898634302    0    0    0  000    0    0    0   12/07/2021 03:02:42 p.m.   PR           000           000             0            20           USD    327592539        23779
