01 37095880  RZ150  M  AC FOLICO PX 10MG. X30TA                    6 496829756 522978690 1568936042980978536       000  000  500  000  000  000         1  7594001101345       21102518       21102518   513106910001  N  0                          5925 01/06/2024       USD          146          879    339165191
01 37095880  RZ150  M  AC FOLICO PX 10MG. X30TA                    2 496829756 522978690  52297868 993659512       000  000  500  000  000  000         1  7594001101345       21102518       21102518   513106910001  N  0                          5925 01/06/2024       USD          146          293    339165191
01 37095880  11795  M  AFLAMAX 50MG. X10TA                        12 334293960 41786745010028818804011527520       000  000 2000  000  000  000         1  7591196007186       21102496       21102496   513106910001  N  0                       I021130 01/02/2023       USD          099         1183    339165191
01 37095880  LC309  M  ALIVET 4DIAS 8D-4N X12CO                    2 701675000 701675000       0001403350000       000  000  000  000  000  000         1  7591585116000       21102518       21102518   513106910001  N  0                           340 01/10/2022       USD          207          414    339165191
01 37095880  NP099  N  CALCIBON NATAL FORT X30TA                   120925108452250011661 1575008162092510845 334801735  000  000  700  000  000         1  7591821102071       21102518       21102518   513106910001  N  0                       2011052 01/11/2022       USD          617          617    339165191
01 37095880  GN176  M  CARBAMAZEPINA GN 200X30CO                   310764000001076400000       0003229200000       000  000  000  000  000  000         1  7591585278265       21102518       21102518   513106910001  N  0                           315 01/02/2026       USD          317          952    339165191
01 37095880  GN025  M  CETIRIZINA GN10MG. X10CO                   10 273000000 273000000       0002730000000       000  000  000  000  000  000         1  7591585174581       21102518       21102518   513106910001  N  0                           108 01/05/2024       USD          080          805    339165191
01 37095880  LT414  M  DIKLASON 75MG. 3ML. X1A                     611180000001118000000       0006708000000       000  000  000  000  000  000         1  7591585219275       21102518       21102518   513106910001  N  0                           031 01/04/2023       USD          330         1978    339165191
01 37095880  14558  M  ENALAPRIL LAND10 X100TA                     118999500001899950000       0001899950000       000  000  000  000  000  000         1  7598008000366       21102518       21102518   513106910001  N  0                         T9063 01/09/2023       USD          560          560    339165191
01 37095880  VC001  M  FRIXONIL SOL.SPRAY 60ML.                    2 811687500 811687500       0001623375000       000  000  000  000  000  000         1  7592782001830       21102518       21102518   513106910001  N  0                       2040008 01/04/2022       USD          239          479    339165191
01 37095880  AY295  C  GASAS ESTER KX3X3 50-S X2                   124700000002470000000       0002470000000 395200000  000  000  000  000  000         1 10813333014159       21102518       21102518   513106910001  N  0                      20191009 01/11/2024       USD          728          728    339165191
01 37095880  VP784  M  ILANA 600MG.VAG. X1CA.BL                    212094283941209428394       0002418856788       000  000  000  000  000  000         1  7592432011523       21102518       21102518   513106910001  N  0                        200229 01/08/2023       USD          357          713    339165191
01 37095880  LO003  M  IPORET SUSP.PED. 60ML.                      2 803129475 803129475       0001606258950       000  000  000  000  000  000         1  7591196004253       21102518       21102518   513106910001  N  0                       I020838 01/05/2022       USD          237          474    339165191
01 37095880  AY171  C  JER 3CC 21X1-1/2 KX X100                    133150000003315000000       0003315000000 530400000  000  000  000  000  000         1 10813333013824       21102496       21102496   513106910001  N  0                        201116 01/11/2025       USD          977          977    339165191
01 37095880  AY171  C  JER 3CC 21X1-1/2 KX X100                    133150000003315000000       0003315000000 530400000  000  000  000  000  000         1 10813333013824       21102174       21102174   513106910001  N  0                        201116 01/11/2025       USD          977          977    339165191
01 37095880  CO450  M  KETOPROFENO CO 2ML.X1AMP.                   6 509039761 509039761       0003054238566       000  000  000  000  000  000         1  7591818131039       21102518       21102518   513106910001  N  0                         10037 01/03/2025       USD          150          901    339165191
01 37095880  11782  M  LETISAN 500MG. X10CA                        6 494000000 494000000       0002964000000       000  000  000  000  000  000         1  7591585314864       21102518       21102518   513106910001  N  0                           435 01/04/2024       USD          146          874    339165191
01 37095880  15010  M  METOCLOPRAMIDA QF JBE.120                   4 461500000 461500000       0001846000000       000  000  000  000  000  000         1  7598484000843       21102496       21102496   513106910001  N  0                          6761 01/06/2023       USD          136          544    339165191
01 37095880  LO580  M  QUINOTIC HC OTICA 5ML.                      411604131601160413160       0004641652640       000  000  000  000  000  000         1  7591196000637       21102518       21102518   513106910001  N  0                        051739 01/05/2023       USD          342         1369    339165191
01 37095880  EL299  M  TRITTICO TAB. 100MG. X30                    326446899702644689970       0007934069910       000  000  000  000  000  000         1  7591062011644       21101809       21101809   513106910001  N  0                        21026A 01/06/2025       USD          780         2339    339165191
01 37095880  RZ390  M  ANANTY FORTE SUSP.PED.120                   6 507136630 507136630       0003042819780       000  000  000  000  000  000         2  7594001101581       21102518       21102518   513106910002  N  0                          5951 01/06/2023       USD          150          897    339165191
02 37095880         81   55180448047    9100000000    1790801735   66071249782    0    0    0  000    0    0    0   15/07/2021 11:12:38 a.m.   PR           000           000             0            21           USD    339165191        18953
