01 37090851  13542  M  ACETAMINOFEN GN650 X10CO                   10 258700000 258700000       0002587000000       000  000  000  000  000  000         1  7591585279057       21097812       21097812   513057970001  N  0                           053 01/05/2023       USD          079          790    327592539
01 37090851  PA054  M  BETADERM PLUS CREMA 15GR.                   614016232501401623250       0008409739500       000  000  000  000  000  000         1  7591243804164       21097662       21097662   513057970001  N  0                       9257701 01/06/2023       USD          428         2567    327592539
01 37090851  12583  M  DICLOFENAC P KMP 50MGX10T                  24 156142272 188760000 7828254723747414528       000  000 1200  600  000  000         1  6921875010823       21097611       21097611   513057970001  N  0                       2009432 01/09/2023       USD          048         1144    327592539
01 37090851  12583  M  DICLOFENAC P KMP 50MGX10T                   6 156142272 188760000 195706368 936853632       000  000 1200  600  000  000         1  6921875010823       21097611       21097611   513057970001  N  0                       2009432 01/09/2023       USD          048          286    327592539
01 37090851  MK101  M  GABAPENTINA +MK300MG. X20                   210426000001042600000       0002085200000       000  000  000  000  000  000         1  7591519008562       21097662       21097662   513057970001  N  0                         31910 01/04/2024       USD          318          637    327592539
01 37090851  13939  M  LACRIFORT SOL.OFT. 10ML.                    310300825081030082508       0003090247524       000  000  000  000  000  000         1  7591196007179       21097812       21097812   513057970001  N  0                        061291 01/06/2023       USD          314          943    327592539
01 37090851  SA520  M  MESIGYNA INSTAYECT 1ML.                     225798500002579850000       0005159700000       000  000  000  000  000  000         1  7501303443318       21097314       21097314   513057970001  N  0                       XB30LG4 01/05/2022       USD          788         1575    327592539
01 37090851  CO185  M  MIOVIT GRAGEAS X10                          2 672715024 731211983 1169939181345430048       000  000  000  800  000  000         1  7591818118030       21097611       21097611   513057970001  N  0                         10118 01/04/2024       USD          205          411    327592539
01 37090851  KL061  M  PLIDAN SOL.GOTAS 20ML.                      612870000001287000000       0007722000000       000  000  000  000  000  000         1  7591619517940       21097314       21097314   513057970001  N  0                          0021 01/04/2024       USD          393         2357    327592539
01 37090851  LO690  M  RINOMAX SOL. NASAL 15ML.                    1 710991969 710991969       000 710991969       000  000  000  000  000  000         1  7591196000682       21097314       21096626   513057970001  N  0                       I011084 01/02/2023       USD          217          217    327592539
01 37090851  LO690  M  RINOMAX SOL. NASAL 15ML.                    5 710991969 710991969       0003554959845       000  000  000  000  000  000         1  7591196000682       21097314       21096626   513057970001  N  0                       I011084 01/02/2023       USD          217         1085    327592539
01 37090851  LO690  M  RINOMAX SOL. NASAL 15ML.                    4 710991969 710991969       0002843967876       000  000  000  000  000  000         1  7591196000682       21096626       21096626   513057970001  N  0                       I011084 01/02/2023       USD          217          868    327592539
01 37090851  11425  C  ADEMINA GEL LI.MANOS 100                    2 565509101 565509101       0001131018202 180962912  000  000  000  000  000         2  7591844000712       21097314       21097314   513057970002  N  0                     AGC200104 01/06/2023       USD          173          345    327592539
01 37090851  12250  C  DECOLORANTE POL AZUL 30GR                   3 353600000 353600000       0001060800000 169728000  000  000  000  000  000         2  7593723001216       21097314       21097314   513057970002  N  0                       2012413 01/12/2023       USD          108          324    327592539
01 37090851  PB089  C  OVERSKIN 40% CR. 50GR.                      6 815365017 815365017       0004892190102 782750416  000  000  000  000  000         2  7591309000622       21097314       21097314   513057970002  N  0                      A2105156 01/03/2024       USD          249         1493    327592539
01 37090851  LO444  M  APIRET 180SOL.ORAL 120ML.                   8 747169794 747169794       0005977358352       000  000  000  000  000  000         3  7591196002785       21097611       21097611   513057970003  N  0                        051962 01/06/2023       USD          228         1825    327592539
01 37090851  GN019  M  CETIRIZINA GN SOL. 60ML.                    6 397800000 397800000       0002386800000       000  000  000  000  000  000         3  7591585174598       21097662       21097662   513057970003  N  0                           082 01/05/2023       USD          121          729    327592539
02 37090851         96   50557663274    7084008304    1133441329   58775112907    0    0    0  000    0    0    0   12/07/2021 03:46:19 p.m.   PR           000           000             0            16           USD    327592539        17596
