01 37108788  GN121  M  AC FOLICO GN 10MG. X30CO                    6 538902000 549900000  659880003233412000       000  000  000  000  000  200         1  7591585271495       21113877       21113877   513244990001  N  0                           039 01/03/2023       USD          143          857    377369322
01 37108788  GN153  M  AC FOLICO GN 5MG. X30CO                     3 573300000 585000000  351000001719900000       000  000  000  000  000  200         1  7591585271488       21114433       21114433   513244990001  N  0                           024 01/05/2023       USD          152          456    377369322
01 37108788  13542  M  ACETAMINOFEN GN650 X10CO                   10 238238000 286000000 4776200002382380000       000  000 1500  000  000  200         1  7591585279057       21114404       21114404   513244990001  N  0                           053 01/05/2023       USD          063          631    377369322
01 37108788  14702  M  AMOXICILINA KM500 X10CA                     6 437109400 474500000 2243436002622656400       000  000  000  600  000  200         1  6921875011134       21114005       21114005   513244990001  N  0                       2008470 01/08/2023       USD          116          695    377369322
01 37108788  14871  M  AZITROMICINA FM200 15ML.                    6 428064000 62400000011756160002568384000       000  000 3000  000  000  200         1  8906082150782       21114433       21114433   513244990001  N  0                      PLS20001 01/11/2022       USD          113          681    377369322
01 37108788  14871  M  AZITROMICINA FM200 15ML.                    2 428064000 624000000 391872000 856128000       000  000 3000  000  000  200         1  8906082150782       21114433       21114433   513244990001  N  0                      PLS20001 01/11/2022       USD          113          227    377369322
01 37108788  14870  M  AZITROMICINA FM500 X3TA                    12 392392000 57200000021552960004708704000       000  000 3000  000  000  200         1  8906082150638       21114278       21114278   513244990001  N  0                         T0518 01/11/2023       USD          104         1248    377369322
01 37108788  14300  M  NEUMOCORT INH.200MCGX200D                   242322280004318600000 1727440008464456000       000  000  000  000  000  200         1  7795373012912       21114013       21114013   513244990001  N  0                           194 01/02/2023       USD         1122         2243    377369322
01 37108788  12579  M  PENICILINA KMP 2.400.00UI                   4 343051041 372395833 2934479201372204164       000  000  000  600  000  200         1  6921875010779       21114030       21114005   513244990001  N  0                       2009461 01/09/2023       USD          091          364    377369322
01 37108788  12579  M  PENICILINA KMP 2.400.00UI                   6 343051041 372395833 2934479202058306246       000  000  000  600  000  200         1  6921875010779       21114005       21114005   513244990001  N  0                       2009461 01/09/2023       USD          091          545    377369322
01 37108788  CH794  C  SECUREZZA CLASSIC MED. X6                   212045205731229102625  491641042409041146 385446583  000  000  000  000  200         1  7591353515004       21114387       21114387   513244990001  N  0                      10622101 01/06/2023       USD          319          638    377369322
01 37108788  13602  M  Z20 20MG. X50TA.OROD.                       219830078042023477351  809390943966015608       000  000  000  000  000  200         1  7406076105183       21114030       21114030   513244990001  N  0                        A21052 01/01/2023       USD          525         1051    377369322
02 37108788         61   33952546418    2409041146     385446583   36747034147    0    0    0  000    0    0    0   23/07/2021 03:32:50 p.m.   PR           000           000             0            11           USD    377369322         9636
