01 37149175  11044  N  ACHICORIA FG JBE. 120ML.                    2 696460757 710674242  284269701392921514       000  000  000  000  000  200         1       25525755       21148890       21148890   513651330001  N  0                          2376 01/06/2024       USD          169          338    412346432
01 37149175  FA022  M  BONAMES 150MG. X1TA                         215848878501667250000 1647243003169775700       000  000  000  300  000  200         1  7591821903326       21148754       21148754   513651330001  N  0                       2105132 01/05/2025       USD          384          769    412346432
01 37149175  15080  M  BUTILBRO HIOS BM10MG.X10                    211593400001183000000  473200002318680000       000  000  000  000  000  200         1  7598127001053       21148727       21148727   513651330001  N  0                        210168 01/01/2024       USD          281          562    412346432
01 37149175  13119  M  CLOPIDROGREL BM 75MGX30TA                   219110000001950000000  780000003822000000       000  000  000  000  000  200         1  6972718560074       21148890       21148890   513651330001  N  0                        210432 01/04/2024       USD          463          927    412346432
01 37149175  KL264  M  DERMOSUPRIL CR. 0,05% 15GR.                 217836000001820000000  728000003567200000       000  000  000  000  000  200         1  7591619520865       21148731       21148731   513651330001  N  0                          0001 01/05/2025       USD          433          865    412346432
01 37149175  GN784  M  DESLORATADINA GN 5MG. X10                   6 426790000 435500000  522600002560740000       000  000  000  000  000  200         1  7591585177469       21148890       21148890   513651330001  N  0                           088 01/03/2023       USD          104          621    412346432
01 37149175  12845  M  DEXTROSALINA 0.45% 500ML                    2 808735200 825240000  330096001617470400       000  000  000  000  000  200         1  7595624200200       21148708       21148708   513651330001  N  0                    1912191902 01/12/2022       USD          196          392    412346432
01 37149175  GN146  M  ENALAPRIL GN 20MG. X30CO                    6 533856960 561600000 1664582403203141760       000  000  000  300  000  200         1  7591585378538       21148708       21148708   513651330001  N  0                           420 01/03/2023       USD          129          777    412346432
01 37149175  12621  C  EVERY N. GEL FIJ STRON100                   3 317464667 323943538  19436613 952394001 152383040  000  000  000  000  200         1  7590005168193       21148708       21148708   513651330001  N  0                       2105109 01/05/2023       USD          077          231    412346432
01 37149175  13510  C  EVERY N.D.BOL.BIO BABY P.                   2 373487844 381110045  15244402 746975688 119516110  000  000  000  000  200         1  7590005162801       21148708       21148708   513651330001  N  0                       2106014 01/06/2023       USD          091          181    412346432
01 37149175  13511  C  EVERY N.D.BOL.BIO NATUREL                   2 373487844 381110045  15244402 746975688 119516110  000  000  000  000  200         1  7590005162818       21148708       21148708   513651330001  N  0                     PS2105196 01/05/2023       USD          091          181    412346432
01 37149175  13513  C  EVERY N.D.BOL.BIO POWDER9                   2 373487844 381110045  15244402 746975688 119516110  000  000  000  000  200         1  7590005162832       21148708       21148708   513651330001  N  0                     PS2104013 01/04/2023       USD          091          181    412346432
01 37149175  VC003  M  GENCIVOL COMPU SOL.15ML.                    4 732550000 747500000  598000002930200000       000  000  000  000  000  200         1  7592782000529       21148768       21148768   513651330001  N  0                       2150008 01/06/2023       USD          178          711    412346432
01 37149175  FS010  N  GLICERINA FSI 30ML. X6                      125398464002591680000  518336002539846400       000  000  000  000  000  200         1  7592368000486       21148708       21148708   513651330001  N  0                       0621054 01/09/2022       USD          616          616    412346432
01 37149175  10372  M  GYNOMET 15%-4%CR.VAG.40GR                   318217868761916460000 2840193725465360628       000  000  000  300  000  200         1  7591585119131       21148708       21148708   513651330001  N  0                           054 01/02/2023       USD          442         1325    412346432
01 37149175  SP059  M  IRBESARTAN SP TAB.150X10                    6 796250000 812500000  975000004777500000       000  000  000  000  000  200         1  7590027002345       21148708       21148708   513651330001  N  0                           801 01/07/2023       USD          193         1159    412346432
01 37149175  14846  M  KETOPROFENO ZIEL100 X5A                     129430657413003128307  600625662943065741       000  000  000  000  000  200         1  0781584377633       21148890       21148890   513651330001  N  0                     EP0121011 01/03/2023       USD          714          714    412346432
01 37149175  13111  M  SALBUTAMOL PGEN100 200D.                    224970400002548000000 1019200004994080000       000  000  000  000  000  200         1  7753820000264       21148708       21148708   513651330001  N  0                        190603 01/06/2022       USD          606         1211    412346432
01 37149175  15082  M  SANA 2% CR.VAG. 20GR.                       211147500001137500000  455000002229500000       000  000  000  000  000  200         1  7598127001091       21148708       21148708   513651330001  N  0                        210310 01/03/2024       USD          270          541    412346432
01 37149175  CH789  C  SECUREZZA CLASSIC GDE. X6                   217117914791746725999  698690403423582958 547773273  000  000  000  000  200         1  7591353515011       21147948       21147948   513651330001  N  0                      10804201 01/08/2023       USD          415          830    412346432
01 37149175  GP220  M  DALTAZEN 60MG. X20CO                        212740000001300000000  520000002548000000       000  000  000  000  000  200         2  7594000490303       21148727       21148727   513651330002  N  0                          0053 01/06/2023       USD          309          618    412346432
01 37149175  GN739  M  DICLOFENAC P. GN50 X10CO                   12 235053000 266500000 3773640002820636000       000  000  000 1000  000  200         2  7591585279248       21148708       21148708   513651330002  N  0                           755 01/03/2024       USD          057          684    412346432
01 37149175  12086  M  VIT E VP 400MG. X15CA.BLA                   211187412451141572699  456629082237482490       000  000  000  000  000  200         2  7592432901428       21148890       21148890   513651330002  N  0                        210007 01/11/2023       USD          271          543    412346432
02 37149175         70   55137600633    6616904023    1058704644   62813209300    0    0    0  000    0    0    0   23/08/2021 11:11:49 a.m.   PR           000           000             0            23           USD    412346432        14976
