01 37158454  12134  M  AMPICILINA BM500 X100CA                     228665000002925000000 1170000005733000000       000  000  000  000  000  200         1  6930169708278       21156684       21156684   513740240001  N  0                        190457 01/03/2022       USD          693         1387    413429805
01 37158454  12960  M  ATENOLOL 100MG X100TA                       218918900001930500000  772200003783780000       000  000  000  000  000  200         1 07460260000449       21156684       21156684   513740240001  N  0                          AT14 01/07/2023       USD          458          915    413429805
01 37158454  PD565  M  BARGONIL UNG. 10GR.                         311466000001170000000  702000003439800000       000  000  000  000  000  200         1  7591955000045       21156684       21156684   513740240001  N  0                          0100 01/01/2022       USD          277          832    413429805
01 37158454  12563  C  BRIUTCARE AD C/PIEL X12UN                   129236006802983266000  596653202923600680 467776109  000  000  000  000  200         1   796029455210       21156054       21156054   513740240001  N  0                       SH19229 01/10/2024       USD          707          707    413429805
01 37158454  11895  M  BUCOXOLGAR STO FRU.RO120                    1 646172800 824200000 178027200 646172800       000  000  000 2000  000  200         1  7592454891332       21156684       21156684   513740240001  N  0                       3246001 01/05/2022       USD          156          156    413429805
01 37158454  11896  M  BUCOXOLGAR STO MI-LIM120                    1 646172800 824200000 178027200 646172800       000  000  000 2000  000  200         1  7592454891356       21156684       21156684   513740240001  N  0                       3254794 01/09/2022       USD          156          156    413429805
01 37158454  11894  M  BUCOXOLGAR STO MTA120                       1 646172800 824200000 178027200 646172800       000  000  000 2000  000  200         1  7592454891349       21156684       21156684   513740240001  N  0                       3245367 01/04/2022       USD          156          156    413429805
01 37158454  15340  M  CEFOTAXIMA LAND1G. 1VIAL                    6 616616000 629200000  755040003699696000       000  000  000  000  000  200         1  7598008000809       21156684       21156684   513740240001  N  0                       CT42101 01/03/2023       USD          149          895    413429805
01 37158454  GN025  M  CETIRIZINA GN10MG. X10CO                   12 363090000 370500000  889200004357080000       000  000  000  000  000  200         1  7591585174581       21156684       21156684   513740240001  N  0                           110 01/07/2024       USD          088         1054    413429805
01 37158454  LN335  M  COMPLEJO B LN COMP. X1A                     4 625056250 637812500  510250002500225000       000  000  000  000  000  200         1  7592348205009       21156778       21156778   513740240001  N  0                            31 01/10/2023       USD          151          605    413429805
01 37158454  GN146  M  ENALAPRIL GN 20MG. X30CO                    6 550368000 561600000  673920003302208000       000  000  000  000  000  200         1  7591585378538       21156684       21156684   513740240001  N  0                           420 01/03/2023       USD          133          799    413429805
01 37158454  11346  C  ESPECULO VAG.U.SOFT PRIMA                   2 487559800 497510000  19900400 975119600 156019136  000  000  000  000  200         1  7596466002267       21156684       21156684   513740240001  N  0                           10X 01/07/2026       USD          118          236    413429805
01 37158454  12397  M  FESTAL 210MG X10GRAG                        611236680001274000000 9019920006742008000       000  000  000 1000  000  200         1  7591044407526       21156684       21156684   513740240001  N  0                         31760 01/03/2023       USD          272         1631    413429805
01 37158454  VC450  M  FUGOLIN CR.VAG. 50GR.                       322295000002275000000 1365000006688500000       000  000  000  000  000  200         1  7592782000307       21156684       21156684   513740240001  N  0                       2140008 01/04/2023       USD          539         1618    413429805
01 37158454  TQ530  M  GLIDAN 80MG. X20TA                          311466000001170000000  702000003439800000       000  000  000  000  000  200         1  7591955002469       21156684       21156684   513740240001  N  0                          0027 01/05/2024       USD          277          832    413429805
01 37158454  AY171  C  JER 3CC 21X1-1/2 KX X100                    142679000004355000000  871000004267900000 682864000  000  000  000  000  200         1 10813333013824       21156792       21156792   513740240001  N  0                        201116 01/11/2025       USD         1032         1032    413429805
01 37158454  14880  M  OMEPRAZOL FM20MG. X10CA                    12 229320000 234000000  561600002751840000       000  000  000  000  000  200         1  8906082150706       21156684       21156684   513740240001  N  0                         C1001 01/12/2023       USD          055          666    413429805
01 37158454  11828  M  PREDNISONA CCM 5MG.X20TA                    2 706740385 721163658  288465461413480770       000  000  000  000  000  200         1  7501384546816       21156778       21156778   513740240001  N  0                       0421360 01/04/2023       USD          171          342    413429805
01 37158454  EL374  M  TACHIPIRIN FORTE SUSP.120                   610336158201054710020 1265652006201694920       000  000  000  000  000  200         1  7591062017301       21156684       21156684   513740240001  N  0                        21038A 01/08/2024       USD          250         1500    413429805
01 37158454  RQ016  C  COLONIA CHICHI BABY 200CC                   2 659422931 672880542  269152221318845862 211015338  000  000  000  000  200         2  7596097006740       21156778       21156778   513740240002  N  0                   00720871220 01/09/2025       USD          160          319    413429805
01 37158454  10250  C  COLONIA CHICHI RENE 200CC                   2 579383085 591207230  236482901158766170 185402587  000  000  000  000  200         2  7596097001608       21156778       21156778   513740240002  N  0                   00821871204 01/06/2026       USD          140          280    413429805
01 37158454  11347  C  ESPECULO VAG.CRISTA PRIMA                   2 553298200 564590000  225836001106596400 177055424  000  000  000  000  200         2  7596466000089       21156684       21156684   513740240002  N  0                           10X 01/12/2030       USD          134          268    413429805
02 37158454         80   55991631090   11750828712    1880132594   69622592396    0    0    0  000    0    0    0   30/08/2021 10:51:28 a.m.   PR           000           000             0            22           USD    413429805        16385
