01 37167620  14949  M  AZITROMICINA PORT200 15ML                   314820000001482000000       0004446000000       000  000  000  000  000  000         1  7750215017562       21164376       21164376   513829220001  N  0                       2094230 01/09/2023       USD          365         1095    405878711
01 37167620  14114  M  CIPROFLOXACINA 500MGX10TA                   8 481000000 481000000       0003848000000       000  000  000  000  000  000         1  7592236002062       21163758       21163758   513829220001  N  0                     TC1220004 01/02/2023       USD          118          948    405878711
01 37167620  14234  M  CLONEDEX 1+0.50+0.04 X20G                   6 775008000 861120000 5166720004650048000       000  000 1000  000  000  000         1  7598578000117       21164376       21164376   513829220001  N  0                            37 01/03/2023       USD          191         1146    405878711
01 37167620  14846  M  KETOPROFENO ZIEL100 X5A                     130194887113019488711       0003019488711       000  000  000  000  000  000         1  0781584377633       21164401       21164401   513829220001  N  0                     EP0121011 01/03/2023       USD          744          744    405878711
01 37167620  GN166  M  LOSARTAN P. GN 100 X30CO                    313520000001352000000       0004056000000       000  000  000  000  000  000         1  7591585378927       21164376       21164376   513829220001  N  0                           155 01/05/2024       USD          333          999    405878711
01 37167620  GN694  M  MELOXICAM GN 15MG. X10CO                    3 793000000 793000000       0002379000000       000  000  000  000  000  000         1  7591585178022       21164522       21164522   513829220001  N  0                           076 01/05/2023       USD          195          586    405878711
01 37167620  12572  M  MEROPENEM KMPLUS 1G X1VIA                   342120000004212000000       000       000       000  000  000  000  000  000         1  6921875010854       21164376       21164376   513829220001  N  0                     213042022 01/05/2024       USD         1038         3113    405878711
01 37167620  GN869  M  METFORMINA GN 500MG.X30CO                   3 854100000 854100000       0002562300000       000  000  000  000  000  000         1  7591585174680       21164376       21164376   513829220001  N  0                           122 01/07/2024       USD          210          631    405878711
01 37167620  PO550  M  MILAX POLVO 120GR.                          122230000002223000000       0002223000000       000  000  000  000  000  000         1  7592806132038       21164522       21164522   513829220001  N  0                        106101 01/06/2024       USD          548          548    405878711
01 37167620  PG110  M  NINAZO GOTAS AD. 15ML.                     24 585000000 585000000       000       000       000  000  000  000  000  000         1  7591821802957       21164522       21164522   513829220001  N  0                       2107253 01/02/2023       USD          144         3459    405878711
01 37167620  NP024  M  NOTOLAC 20MG. X10TA                         211709191001170919100       0002341838200       000  000  000  000  000  000         1  7591821902022       21164522       21164522   513829220001  N  0                       2101002 01/03/2024       USD          288          577    405878711
01 37167620  14880  M  OMEPRAZOL FM20MG. X10CA                     8 234000000 234000000       0001872000000       000  000  000  000  000  000         1  8906082150706       21164522       21164522   513829220001  N  0                         C1001 01/12/2023       USD          058          461    405878711
01 37167620  14238  M  SILDENAFIL GDG.PH 50MGX2T                   4 331240000 331240000       0001324960000       000  000  000  000  000  000         1  7598307000050       21163758       21163758   513829220001  N  0                         SM004 01/07/2023       USD          082          326    405878711
01 37167620  KX100  C  TEST DE EMBARAZO KX                         212350000001235000000       0002470000000 395200000  000  000  000  000  000         1   813333014589       21164376       21164376   513829220001  N  0                     W00101159 01/11/2022       USD          304          609    405878711
01 37167620  PA226  M  YONAL 15MG. JBE. 120ML.                     614693034491469303449       0008815820694       000  000  000  000  000  000         1  7591243856705       21164376       21164376   513829220001  N  0                       9266702 01/08/2024       USD          362         2172    405878711
01 37167620  10324  C  LOCION JAB AVISPA 120ML.                    2 919319002 919319002       0001838638004 294182081  000  000  000  000  000         2  7591635910206       21164401       21164401   513829220002  N  0                       0130421 01/04/2023       USD          226          453    405878711
01 37167620  10131  C  TINT AMCOL2.0 NEG PRU C/A                   2 912548000 912548000       0001825096000 292015360  000  000  000  000  000         2  7592566000011       21163758       21163758   513829220002  N  0                       0851030 01/03/2028       USD          225          450    405878711
01 37167620  GN759  M  DESLORATADINA GN S.ORAL60                   6 702000000 702000000       0004212000000       000  000  000  000  000  000         3  7591585177445       21164376       21164376   513829220003  N  0                           051 01/03/2023       USD          173         1038    405878711
01 37167620  NP039  M  VALPRON 250MG. JBE.180ML.                   235880006503588000650       0007176001300       000  000  000  000  000  000         3  7591821901964       21164376       21164376   513829220003  N  0                       2010054 01/11/2022       USD          884         1768    405878711
02 37167620         89   79602456905    6133734004     981397441   86717588350    0    0    0  000    0    0    0   06/09/2021 01:02:20 p.m.   PR           000           000             0            19           USD    405878711        21124
