01 37178027  14946  M  CLOPIDOGREL ZIEL75 X30TA                    112395795761907045501 6674659251239579576       000  000  000 3500  000  000         1  0781584377619       21172636       21172636   513931190001  N  0                        T10228 01/02/2024       USD          306          306    405752865
01 37178027  14145  M  ATORVASTATINA ZIEL20X30TA                   11281534577228845460210069200251281534577       000  000  000 4400  000  000         1  0731299120826       21172636       21172636   513931190001  N  0                     EGT210083 01/02/2024       USD          316          316    405752865
01 37178027  PO175  M  BACITRACINA PO UNG. 15GR.                   4 780000000 780000000       0003120000000       000  000  000  000  000  000         1  7592806141016       21172512       21172512   513931190001  N  0                        105073 01/05/2024       USD          192          769    405752865
01 37178027  12563  C  BRIUTCARE AD C/PIEL X12UN                   129832660002983266000       0002983266000 477322560  000  000  000  000  000         1   796029455210       21172628       21172628   513931190001  N  0                       SH19229 01/10/2024       USD          735          735    405752865
01 37178027  14534  M  CEFADROXILO GN500 X10CA                     311076000001107600000       0003322800000       000  000  000  000  000  000         1  7591585470225       21172512       21172512   513931190001  N  0                           561 01/05/2024       USD          273          819    405752865
01 37178027  15429  M  GLIBENCLAMIDA BUKA5 X30TA                   216250000001625000000       0003250000000       000  000  000  000  000  000         1  0675696260153       21172512       21172512   513931190001  N  0                       GLE4501 01/11/2023       USD          400          801    405752865
01 37178027  FS010  N  GLICERINA FSI 30ML. X6                      124620960002591680000 1295840002462096000       000  000  000  500  000  000         1  7592368000486       21172512       21172512   513931190001  N  0                       0621054 01/09/2022       USD          607          607    405752865
01 37178027  LX103  M  CARNISIN 1G.S.ORAL S/A180                   227950000002795000000       0005590000000       000  000  000  000  000  000         2  7591585112323       21172512       21172512   513931190002  N  0                           054 01/04/2023       USD          689         1378    405752865
01 37178027  10614  N  CITRATO POTASIO10%FSI240                    2 9617562501012375000 1012375001923512500       000  000  000  500  000  000         2  7592368003456       21172532       21172532   513931190002  N  0                       0821067 01/08/2022       USD          237          474    405752865
01 37178027  ED219  M  TALERC 1MG.SOL.ORAL 120ML                   4 747500000 747500000       0002990000000       000  000  000  000  000  000         2  7592803001818       21172512       21172512   513931190002  N  0                       2108612 01/08/2023       USD          184          737    405752865
02 37178027         21   25179522653    2983266000     477322560   28640111213    0    0    0  000    0    0    0   13/09/2021 04:43:48 p.m.   PR           000           000             0            10           USD    405752865         6941
