01 37185855  EL685  M  ALBICAR 200MG X2TA                          3 413718010 426513412  383862061241154030       000  000  300  000  000  000         1  7591062010036       21178757       21178757   514008010001  N  0                        21025A 01/08/2024       USD          102          307    404861340
01 37185855  EL685  M  ALBICAR 200MG X2TA                          1 413718010 426513412  12795402 413718010       000  000  300  000  000  000         1  7591062010036       21178757       21178757   514008010001  N  0                        21025A 01/08/2024       USD          102          102    404861340
01 37185855  EL010  M  ALBICAR 200MG. X6TA                         3 755429603 778793405  700914062266288809       000  000  300  000  000  000         1  7591062010173       21178757       21178757   514008010001  N  0                        21025B 01/08/2024       USD          187          560    404861340
01 37185855  EL010  M  ALBICAR 200MG. X6TA                         1 755429603 778793405  23363802 755429603       000  000  300  000  000  000         1  7591062010173       21178757       21178757   514008010001  N  0                        21025B 01/08/2024       USD          187          187    404861340
01 37185855  FA018  M  FITEX 20MG. X1TA                            6 229562654 236662530  425992561377375924       000  000  300  000  000  000         1  7591821904293       21177741       21177741   514008010001  N  0                       2006366 01/10/2022       USD          057          340    404861340
01 37185855  LR460  M  FLUCONAZOL LF 150MG X 2CA                   6 465432578 479827400  863689322792595468       000  000  300  000  000  000         1  7594000020609       21178757       21178757   514008010001  N  0                         L2105 01/06/2023       USD          115          690    404861340
01 37185855  LN165  M  MADECASSOL 2% POLVO 5GR.                    217679039821767903982       0003535807964       000  000  000  000  000  000         1  7592348218108       21177741       21177741   514008010001  N  0                       2106028 01/06/2026       USD          437          873    404861340
01 37185855  14881  M  SECNIDAZOL FM500MG. X4TA                    3 567450000 585000000  526500001702350000       000  000  300  000  000  000         1  8906082150737       21178757       21178757   514008010001  N  0                         T0531 01/11/2023       USD          140          420    404861340
01 37185855  KV199  M  TERAGRIP FORTE NOC X6 SOB.                  216672500001667250000       0003334500000       000  000  000  000  000  000         1  7591821801882       21178757       21178757   514008010001  N  0                       2105144 01/06/2023       USD          412          824    404861340
01 37185855  KX100  C  TEST DE EMBARAZO KX                         212350000001235000000       0002470000000 395200000  000  000  000  000  000         1   813333014589       21178757       21178757   514008010001  N  0                     W00101159 01/11/2022       USD          305          610    404861340
02 37185855         29   17419219808    2470000000     395200000   20284419808    0    0    0  000    0    0    0   17/09/2021 04:14:17 p.m.   PR           000           000             0            10           USD    404861340         4913
