01 37187204  PB610  M  ADEL UNG. 50 GR.                            311520048391187633855 1068870483456014517 552962323  000  300  000  000  000         1  7591309003692       21180169       21180169   514029020001  N  0                      A2108278 01/08/2024       USD          285          855    404183044
01 37187204  KV004  M  ANTILAX 2MG. X10TA                          3 527728500 544050000  489645001583185500       000  000  300  000  000  000         1  7591821102095       21180287       21180287   514029020001  N  0                       2010043 01/10/2022       USD          131          392    404183044
01 37187204  PO185  M  BACTRON TAB. X20                            612610000001300000000 2340000007566000000       000  000  300  000  000  000         1  7592806133073       21180169       21180169   514029020001  N  0                        105078 01/05/2026       USD          312         1872    404183044
01 37187204  EL920  M  BRUGESIC 400MG CO X 10                      6 776470674 800485231 1440873424658824044       000  000  300  000  000  000         1  7591062902546       21180169       21180169   514029020001  N  0                        21024A 01/05/2023       USD          192         1153    404183044
01 37187204  14157  M  CEFADROXILO ZIEL500 X10TA                   6 795428679 820029566 1476053224772572074       000  000  300  000  000  000         1  0731299120918       21180216       21180216   514029020001  N  0                     ECC210008 01/02/2024       USD          197         1181    404183044
01 37187204  14157  M  CEFADROXILO ZIEL500 X10TA                   2 795428679 820029566  492017741590857358       000  000  300  000  000  000         1  0731299120918       21180216       21180216   514029020001  N  0                     ECC210008 01/02/2024       USD          197          394    404183044
01 37187204  15081  M  CETIRIZINA BM10MG. X10TA                    6 315250000 325000000  585000001891500000       000  000  300  000  000  000         1  7598127001251       21180169       21180169   514029020001  N  0                        210173 01/01/2024       USD          078          468    404183044
01 37187204  14114  M  CIPROFLOXACINA 500MGX10TA                   6 479180000 494000000  889200002875080000       000  000  300  000  000  000         1  7592236002062       21180216       21180216   514029020001  N  0                     TC1220004 01/02/2023       USD          119          711    404183044
01 37187204  13896  M  CLAVUTRIM 500/125MG X10TA                   231492500003149250000       0006298500000       000  000  000  000  000  000         1  7750215026632       21180169       21180169   514029020001  N  0                       2027611 01/02/2023       USD          779         1558    404183044
01 37187204  13119  M  CLOPIDROGREL BM 75MGX30TA                   318915000001950000000 1755000005674500000       000  000  300  000  000  000         1  6972718560074       21180169       21180169   514029020001  N  0                        210432 01/04/2024       USD          468         1404    404183044
01 37187204  11113  C  CREM ENCIA NIÑO 100GR.                      2 370500000 370500000       000 741000000 118560000  000  000  000  000  000         1  7595751001374       21180216       21180216   514029020001  N  0                       2012007 01/12/2023       USD          092          183    404183044
01 37187204  14694  M  DEXAMETASONA KM4 1ML.X10A                   214778947371477894737       0002955789474       000  000  000  000  000  000         1  6942189211256       21180169       21180169   514029020001  N  0                        201019 01/10/2023       USD          366          731    404183044
01 37187204  14229  M  ESOMEPRAZOL GDG.PH 40MGX7                   2 709800000 709800000       0001419600000       000  000  000  000  000  000         1  7598307000012       21180287       21180287   514029020001  N  0                         SM012 01/07/2022       USD          176          351    404183044
01 37187204  15505  M  ESOMEPRAZOL LS20MG. X14TA                   2 978900000 978900000       0001957800000       000  000  000  000  000  000         1  7592454890076       21180287       21180287   514029020001  N  0                       3270560 01/06/2023       USD          242          484    404183044
01 37187204  11464  C  GASAS EST.4X4 ALGOB X25S                    214665625001466562500       0002933125000 469300000  000  000  000  000  000         1 17593255000418       21180287       21180287   514029020001  N  0                       1201013 01/01/2026       USD          363          726    404183044
01 37187204  LT237  M  KETOREL 30MG. IM-IV 1AMP.                   3 680940000 702000000  631800002042820000       000  000  300  000  000  000         1  7591585217875       21180216       21180216   514029020001  N  0                           002 01/01/2023       USD          168          505    404183044
01 37187204  LT237  M  KETOREL 30MG. IM-IV 1AMP.                   1 680940000 702000000  21060000 680940000       000  000  300  000  000  000         1  7591585217875       21180216       21180216   514029020001  N  0                           002 01/01/2023       USD          168          168    404183044
01 37187204  14878  M  LOSARTAN P. FM50MG.X30TA                    3 624195000 643500000  579150001872585000       000  000  300  000  000  000         1  8906082150751       21180287       21180287   514029020001  N  0                         T1009 01/12/2023       USD          154          463    404183044
01 37187204  14878  M  LOSARTAN P. FM50MG.X30TA                    1 624195000 643500000  19305000 624195000       000  000  300  000  000  000         1  8906082150751       21180287       21180287   514029020001  N  0                         T1009 01/12/2023       USD          154          154    404183044
01 37187204  14880  M  OMEPRAZOL FM20MG. X10CA                    12 226980000 234000000  842400002723760000       000  000  300  000  000  000         1  8906082150706       21180169       21180169   514029020001  N  0                         C1001 01/12/2023       USD          056          674    404183044
01 37187204  14242  M  QUETIAPINA CCM 100MGX30TA                   268541277776854127777       000       000       000  000  000  000  000  000         1  7501384545680       21180169       21180169   514029020001  N  0                       2941020 01/10/2022       USD         1696         3392    404183044
01 37187204  EL775  M  TALZIC SOL.GOTAS 20ML.                      3 598661137 617176430  555458791795983411       000  000  300  000  000  000         1  7591062016670       21180169       21180169   514029020001  N  0                        20114B 01/09/2022       USD          148          444    404183044
01 37187204  12136  M  TONERVOL 5MG. X10TA                         210007988901000798890       0002001597780       000  000  000  000  000  000         1  7591821210431       21180216       21180216   514029020001  N  0                       1909074 01/11/2021       USD          248          495    404183044
02 37187204         80   72150359712    3674125000    1140822323   76965307035    0    0    0  000    0    0    0   20/09/2021 09:39:40 a.m.   PR           000           000             0            23           USD    404183044        18760
