01 37181053  11081  M  BRUDOL 200MG/65MG. X20CO                    2 945320350 945320350       0001890640700       000  000  000  000  000  000         1  7591062901105       21175307       21175307   513966740001  N  0                        20001A 01/01/2022       USD          234          469    403165431
01 37181053  14534  M  CEFADROXILO GN500 X10CA                     610743720001107600000 1993680006446232000       000  000  300  000  000  000         1  7591585470225       21175307       21175307   513966740001  N  0                           561 01/05/2024       USD          266         1599    403165431
01 37181053  15377  M  DICLOPTIC 0,1% SOL.OF.5ML                   122490000002249000000       0002249000000       000  000  000  000  000  000         1  7750778000575       21175307       21175307   513966740001  N  0                        205101 01/05/2023       USD          558          558    403165431
01 37181053  ED330  M  DIFENAC 1%  GEL 30GR.                       210140000001014000000       0002028000000       000  000  000  000  000  000         1  7592803000385       21175307       21175307   513966740001  N  0                       2105528 01/05/2023       USD          252          503    403165431
01 37181053  12622  C  EVERY N. GEL FIJ POWER100                   3 314225232 323943538  29154918 942675696 150828111  000  300  000  000  000         1  7590005168209       21175307       21175307   513966740001  N  0                       2105111 01/05/2023       USD          078          234    403165431
01 37181053  FA018  M  FITEX 20MG. X1TA                            6 229562654 236662530  425992561377375924       000  000  300  000  000  000         1  7591821904293       21175307       21175307   513966740001  N  0                       2006366 01/10/2022       USD          057          342    403165431
01 37181053  PD360  M  FLODONT UNG.BUCAL 15GR.                     2 910000000 910000000       0001820000000       000  000  000  000  000  000         1  7591955000496       21175307       21175307   513966740001  N  0                          0042 01/04/2024       USD          226          451    403165431
01 37181053  EL505  M  PROVICAR 1GR.SO.ORAL60ML                    216522143301652214330       0003304428660       000  000  000  000  000  000         1  7591062011064       21175307       21175307   513966740001  N  0                        21010A 01/03/2023       USD          410          820    403165431
01 37181053  15082  M  SANA 2% CR.VAG. 20GR.                       311033750001137500000 1023750003310125000       000  000  300  000  000  000         1  7598127001091       21175307       21175307   513966740001  N  0                        210310 01/03/2024       USD          274          821    403165431
01 37181053  15082  M  SANA 2% CR.VAG. 20GR.                       111033750001137500000  341250001103375000       000  000  300  000  000  000         1  7598127001091       21175307       21175307   513966740001  N  0                        210310 01/03/2024       USD          274          274    403165431
01 37181053  14238  M  SILDENAFIL GDG.PH 50MGX2T                   6 195076700 201110000  361998001170460200       000  000  300  000  000  000         1  7598307000050       21175307       21175307   513966740001  N  0                         SM004 01/07/2023       USD          048          290    403165431
01 37181053  14238  M  SILDENAFIL GDG.PH 50MGX2T                   2 195076700 201110000  12066600 390153400       000  000  300  000  000  000         1  7598307000050       21175307       21175307   513966740001  N  0                         SM004 01/07/2023       USD          048          097    403165431
01 37181053  12619  C  EVERY N. GEL FIJ WINN100G                   3 314225232 323943538  29154918 942675696 150828111  000  300  000  000  000         2  7590005168179       21175307       21175307   513966740002  N  0                   PS2106126S2 01/06/2023       USD          078          234    403165431
02 37181053         39   25089790884    1885351392     301656223   27276798499    0    0    0  000    0    0    0   15/09/2021 09:59:16 a.m.   PR           000           000             0            13           USD    403165431         6691
