01 37195545  15518  M  AFLAMAX 50MG. 25B. X5TA                     127367031253040781250 3040781252736703125       000  000  000 1000  000  000         1  7591196006189       21185930       21185930   514107810001  N  0                       I071163 01/07/2023       USD          677          677    404087150
01 37195545  14780  M  ATORVASTATINA DAC40 X30TA                   217222400001722240000       0003444480000       000  000  000  000  000  000         1  7598578000254       21185930       21185930   514107810001  N  0                          V187 01/01/2024       USD          426          852    404087150
01 37195545  GN176  M  CARBAMAZEPINA GN 200X30CO                   311381500001339000000 6025500003414450000       000  000  000 1500  000  000         1  7591585278265       21185930       21185930   514107810001  N  0                           322 01/04/2026       USD          282          845    404087150
01 37195545  14215  M  DECOBEL 0.5MG X30TA                         312480000001248000000       0003744000000       000  000  000  000  000  000         1  7592806133110       21185930       21185930   514107810001  N  0                        107126 01/07/2023       USD          309          927    404087150
01 37195545  GN784  M  DESLORATADINA GN 5MG. X10                   6 442000000 442000000       0002652000000       000  000  000  000  000  000         1  7591585177469       21185930       21185930   514107810001  N  0                           089 01/06/2023       USD          109          656    404087150
01 37195545  LQ270  N  EPIVITAL CAPS. X15                          135895600003589560000       0003589560000       000  000  000  000  000  000         1  7592430000505       21185930       21185930   514107810001  N  0                      04120721 01/07/2023       USD          888          888    404087150
01 37195545  TQ530  M  GLIDAN 80MG. X20TA                          311700000001170000000       0003510000000       000  000  000  000  000  000         1  7591955002469       21185930       21185930   514107810001  N  0                          0027 01/05/2024       USD          290          869    404087150
01 37195545  SP760  M  KETOPROFENO SP100MG.X10CO                   3 689000000 689000000       0002067000000       000  000  000  000  000  000         1  7590027001362       21185930       21185930   514107810001  N  0                           951 01/07/2024       USD          170          512    404087150
01 37195545  PD124  M  TRIDETARMON CR. 15GR.                       215600000001560000000       0003120000000       000  000  000  000  000  000         1  7591955000762       21185930       21185930   514107810001  N  0                          0081 01/04/2023       USD          386          772    404087150
01 37195545  CV210  C  SANALO JABON A.B. 85GR.                     3 514800000 514800000       0001544400000 247104000  000  000  000  000  000         2  7591138073552       21185930       21185930   514107810002  N  0                        210611 01/06/2024       USD          127          382    404087150
01 37195545  10824  M  REHIDROSOL FRESA  600ML                     212221212121222121212       0002444242424       000  000  000  000  000  000         3  7592637397415       21185930       21185930   514107810003  N  0                       2100097 01/05/2023       USD          302          605    404087150
01 37195545  11944  M  REHIDROSOL MANZANA 600ML.                   212907252191290725219       0002581450438       000  000  000  000  000  000         3  7592637398528       21185930       21185930   514107810003  N  0                       2100059 01/04/2023       USD          319          639    404087150
01 37195545  11584  M  REHIDROSOL UVA 600ML.                       211790975351179097535       0002358195070       000  000  000  000  000  000         3  7592637398443       21185930       21185930   514107810003  N  0                       2100105 01/06/2023       USD          292          584    404087150
02 37195545         33   35662081057    1544400000     247104000   37453585057    0    0    0  000    0    0    0   24/09/2021 09:00:14 a.m.   PR           000           000             0            13           USD    404087150         9208
