01 37192954  14108  M  ACETAMINOFEN 500MGX20                      12 305760000 312000000  748800003669120000       000  000  000  200  000  000         1  7592236001973       21184086       21184086   514085080001  N  0                     TA1460008 01/01/2024       USD          076          910    403212857
01 37192954  13542  M  ACETAMINOFEN GN650 X10CO                   12 258960000 312000000 6364800003107520000       000  000  000 1700  000  000         1  7591585279057       21184086       21184086   514085080001  N  0                           055 01/06/2023       USD          064          771    403212857
01 37192954  14869  M  AMOXICILINA FM500 X10CA                     8 585000000 585000000       0004680000000       000  000  000  000  000  000         1  8906082150676       21184086       21184086   514085080001  N  0                     ACAMX2013 01/12/2023       USD          145         1161    403212857
01 37192954  15081  M  CETIRIZINA BM10MG. X10TA                    8 325000000 325000000       0002600000000       000  000  000  000  000  000         1  7598127001251       21184086       21184086   514085080001  N  0                        210173 01/01/2024       USD          081          645    403212857
01 37192954  13896  M  CLAVUTRIM 500/125MG X10TA                   131492500003149250000       0003149250000       000  000  000  000  000  000         1  7750215026632       21184086       21184086   514085080001  N  0                       2027611 01/02/2023       USD          781          781    403212857
01 37192954  14234  M  CLONEDEX 1+0.50+0.04 X20G                   5 861120000 861120000       0004305600000       000  000  000  000  000  000         1  7598578000117       21184086       21184086   514085080001  N  0                            37 01/03/2023       USD          214         1068    403212857
01 37192954  PO195  M  DECOBEL VIAL 8MG. 2ML.                      4 917280000 936000000  748800003669120000       000  000  000  200  000  000         1  7592806112047       21184353       21184353   514085080001  N  0                        104052 01/04/2024       USD          227          910    403212857
01 37192954  14694  M  DEXAMETASONA KM4 1ML.X10A                   214778947371477894737       0002955789474       000  000  000  000  000  000         1  6942189211256       21184353       21184353   514085080001  N  0                        201019 01/10/2023       USD          367          733    403212857
01 37192954  GN146  M  ENALAPRIL GN 20MG. X30CO                    6 474760000 572000000 5834400002848560000       000  000  000 1700  000  000         1  7591585378538       21184086       21184086   514085080001  N  0                           422 01/05/2023       USD          118          706    403212857
01 37192954  FA018  M  FITEX 20MG. X1TA                            8 231929279 236662530  378660081855434232       000  000  000  200  000  000         1  7591821904293       21184086       21184086   514085080001  N  0                       2006366 01/10/2022       USD          058          460    403212857
01 37192954  14878  M  LOSARTAN P. FM50MG.X30TA                    6 643500000 643500000       0003861000000       000  000  000  000  000  000         1  8906082150751       21184086       21184086   514085080001  N  0                         T1009 01/12/2023       USD          160          958    403212857
01 37192954  GN694  M  MELOXICAM GN 15MG. X10CO                    4 793000000 793000000       0003172000000       000  000  000  000  000  000         1  7591585178022       21184086       21184086   514085080001  N  0                           075 01/05/2023       USD          197          787    403212857
01 37192954  PG110  M  NINAZO GOTAS AD. 15ML.                     12 585000000 585000000       0007020000000       000  000  000  000  000  000         1  7591821802957       21184086       21184086   514085080001  N  0                       2107253 01/02/2023       USD          145         1741    403212857
01 37192954  14238  M  SILDENAFIL GDG.PH 50MGX2T                   8 201110000 201110000       0001608880000       000  000  000  000  000  000         1  7598307000050       21184086       21184086   514085080001  N  0                         SM004 01/07/2023       USD          050          399    403212857
01 37192954  LT930  M  VIASEK COMPR. 50MG. X2                      6 327015000 363350000 2180100001962090000       000  000  000 1000  000  000         1  7591585111005       21184086       21184086   514085080001  N  0                          0941 01/04/2024       USD          081          487    403212857
02 37192954        102   50464363706           000           000   50464363706    0    0    0  000    0    0    0   23/09/2021 08:46:16 a.m.   PR           000           000             0            15           USD    403212857        12516
