01 37205516  14869  M  AMOXICILINA FM500 X10CA                     8 585000000 585000000       0004680000000       000  000  000  000  000  000         1  8906082150676       21193344       21193344   514207850001  N  0                     ACAMX2013 01/12/2023       USD          140         1119    418178184
01 37205516  15081  M  CETIRIZINA BM10MG. X10TA                   12 292500000 292500000       0003510000000       000  000  000  000  000  000         1  7598127001251       21193155       21193155   514207850001  N  0                        210173 01/01/2024       USD          070          839    418178184
01 37205516  FA007  M  DOTRON 50MG. X20CA                          2 756000050 756000050       0001512000100       000  000  000  000  000  000         1  7591821903968       21193155       21193155   514207850001  N  0                       2001690 01/03/2022       USD          181          362    418178184
01 37205516  11423  M  HIDROCLOROTI GN12,5 X30CO                   412597000001482000000 8892000005038800000       000  000  000 1500  000  000         1  7591585172686       21193155       21193155   514207850001  N  0                           023 01/06/2023       USD          301         1205    418178184
01 37205516  13507  M  PEDIALY MAX 60 FRES 500ML                   311379461601137946160       0003413838480       000  000  000  000  000  000         1  7501033961557       21193155       21193155   514207850001  N  0                       29406MC 01/05/2023       USD          272          816    418178184
01 37205516  KV204  M  TERAGRIP FORTE GRAN.X6SOB                   216672500001667250000       0003334500000       000  000  000  000  000  000         1  7591821802490       21193155       21193155   514207850001  N  0                       2108382 01/09/2023       USD          399          797    418178184
01 37205516  KV199  M  TERAGRIP FORTE NOC X6 SOB.                  216672500001667250000       0003334500000       000  000  000  000  000  000         1  7591821801882       21193155       21193155   514207850001  N  0                       2106319 01/08/2023       USD          399          797    418178184
01 37205516  QF300  M  BROMEXINA QF8MG.JBE.120ML                   6 572000000 572000000       0003432000000       000  000  000  000  000  000         2  7598484000041       21193344       21193344   514207850002  N  0                          9781 01/08/2023       USD          137          821    418178184
01 37205516  GN759  M  DESLORATADINA GN S.ORAL60                   6 702000000 702000000       0004212000000       000  000  000  000  000  000         2  7591585177445       21193155       21193155   514207850002  N  0                           052 01/05/2023       USD          168         1007    418178184
02 37205516         45   32467638580           000           000   32467638580    0    0    0  000    0    0    0   30/09/2021 11:17:00 a.m.   PR           000           000             0             9           USD    418178184         7764
