01 37217551  14471  M  ACETAMINOFEN FM500 X10TA                   12       215       215       000      2580       000  000  000  000  000  000         1  8906082150683       21205095       21205095   514324010001  N  0                         T1075 01/12/2023       USD          052          620          416
01 37217551  GQ920  M  ALBENDAZOL LS400MG. 20ML.                   6       659      1014      2130      3954       000  000  000 3500  000  000         1  7592454120364       21205095       21205095   514324010001  N  0                       3270616 01/06/2023       USD          158          950          416
01 37217551  AL120  C  ALGODON ALVE 10 GR.                        24       164       164       000      3936       630  000  000  000  000  000         1  7591442000046       21205095       21205095   514324010001  N  0                    AGOSTO2021 01/08/2026       USD          039          946          416
01 37217551  12581  M  CEFIXIMA KMPLUS 400MGX10C                   2      5525      5525       000     11050       000  000  000  000  000  000         1  6921875010809       21203402       21203402   514324010001  N  0                       2107409 01/07/2024       USD         1328         2656          416
01 37217551  GN025  M  CETIRIZINA GN10MG. X10CO                    6       410       410       000      2460       000  000  000  000  000  000         1  7591585174581       21205095       21205095   514324010001  N  0                           111 01/07/2024       USD          099          591          416
01 37217551  14341  C  CHICCO GEL AB 100CC.                        6       248       248       000      1488       238  000  000  000  000  000         1  7591061660508       21203402       21203402   514324010001  N  0                     20631A252 01/06/2022       USD          060          358          416
01 37217551  11288  M  COLYPAN 200MG. X10TA                        3      1317      1317       000      3951       000  000  000  000  000  000         1  7591821210264       21205149       21205149   514324010001  N  0                       2107131 01/08/2024       USD          317          950          416
01 37217551  14319  C  CURE AID WASHPRO CURITA20                   2       439       439       000       878       140  000  000  000  000  000         1  6223003734060       21205095       21205095   514324010001  N  0                         15C20 01/02/2025       USD          106          211          416
01 37217551  13848  M  DICLOFENAC P. FM50 X10TA                   12       215       215       000      2580       000  000  000  000  000  000         1  8906082150621       21205095       21205095   514324010001  N  0                         T1017 01/12/2023       USD          052          620          416
01 37217551  SP059  M  IRBESARTAN SP TAB.150X10                    6       813       813       000      4878       000  000  000  000  000  000         1  7590027002345       21205095       21205095   514324010001  N  0                           801 01/07/2023       USD          195         1173          416
01 37217551  14878  M  LOSARTAN P. FM50MG.X30TA                    6       787       787       000      4722       000  000  000  000  000  000         1  8906082150751       21205157       21205157   514324010001  N  0                         T1009 01/12/2023       USD          189         1135          416
01 37217551  12186  M  MAXTHIO 4MG/2ML. IM X6A                     2      3319      3319       000      6638       000  000  000  000  000  000         1  8699525755247       21205095       21205095   514324010001  N  0                       A090486 01/11/2023       USD          798         1596          416
01 37217551  CO540  M  MIOVIT COMP. 3ML. X3A KIT                   6      2495      2495       000     14970       000  000  000  000  000  000         1  7591818026366       21205095       21205095   514324010001  N  0                         10279 01/07/2024       USD          600         3599          416
01 37217551  CO540  M  MIOVIT COMP. 3ML. X3A KIT                   3      1522      2495      2919      4566       000  000  000 3900  000  000         1  7591818026366       21203402       21203402   514324010001  N  0                         10279 01/07/2024       USD          366         1098          416
01 37217551  15199  M  NEUROMIX COMPLE B X3A                       6       948      1115      1002      5688       000  000  000 1500  000  000         1  7591585113382       21203402       21203402   514324010001  N  0                           003 01/05/2023       USD          228         1367          416
01 37217551  PG110  M  NINAZO GOTAS AD. 15ML.                     12       650       650       000      7800       000  000  000  000  000  000         1  7591821802957       21205095       21205095   514324010001  N  0                      2107254B 01/02/2023       USD          156         1875          416
01 37217551  ZP290  M  OVUMIX 750-200  X7 O.VAG.                   1      3366      3366       000      3366       000  000  000  000  000  000         1  7796285273231       21205149       21205149   514324010001  N  0                         1456A 01/08/2023       USD          809          809          416
01 37217551  14375  M  PARACETA PORTU500 X100TA                    1      3088      3088       000      3088       000  000  000  000  000  000         1  7750215496886       21203402       21203402   514324010001  N  0                       2043131 01/04/2024       USD          742          742          416
01 37217551  13528  C  PROTECTO LAB. CACAO 4.2GR                   3       400       400       000      1200       192  000  000  000  000  000         1  7591415011772       21205149       21205149   514324010001  N  0                       2107004 01/07/2022       USD          096          288          416
01 37217551  14240  M  VALSARTAN.H 160/12,5MGX14                   3      1686      1686       000      5058       000  000  000  000  000  000         1  7598307000135       21205095       21205095   514324010001  N  0                         SM020 01/12/2023       USD          405         1216          416
01 37217551  FA007  M  DOTRON 50MG. X20CA                          2      1170      1170       000      2340       000  000  000  000  000  000         2  7591821903968       21203402       21203402   514324010002  N  0                       2001690 01/03/2022       USD          281          562          416
01 37217551  11590  C  BARR DER.CLINE NEUTRA80                     6       344       344       000      2064       330  000  000  000  000  000         3  7595481001255       21203402       21203402   514324010003  N  0                        201001 01/10/2024       USD          083          496          416
01 37217551  PD990  M  FERGANIC FOLIC JBE.120CC.                   2      2990      2990       000      5980       000  000  000  000  000  000         4  7591955002803       21205095       21205095   514324010004  N  0                          0106 01/03/2024       USD          719         1438          416
02 37217551        132         95669          9566          1531        106766    0    0    0  000    0    0    0   11/10/2021 08:17:50 p.m.   PR           000           000             0            23           USD          416        25297
