01 37215689  13542  M  ACETAMINOFEN GN650 X10CO                   10       348       348       000      3480       000  000  000  000  000  000         1  7591585279057       21202969       21202969   514305850001  N  0                           058 01/07/2023       USD          084          837          416
01 37215689  15081  M  CETIRIZINA BM10MG. X10TA                    6       351       351       000      2106       000  000  000  000  000  000         1  7598127001251       21202812       21202812   514305850001  N  0                        210173 01/01/2024       USD          084          506          416
01 37215689  12583  M  DICLOFENAC P KMP 50MGX10T                  12       163       163       000      1956       000  000  000  000  000  000         1  6921875010823       21202913       21202913   514305850001  N  0                       2009432 01/09/2023       USD          039          470          416
01 37215689  KV011  M  FEMMEXTRA 200-10 X10CA                      2      1697      1697       000      3394       000  000  000  000  000  000         1  7591821802773       21202812       21202812   514305850001  N  0                       2104648 01/05/2023       USD          408          816          416
01 37215689  14876  M  IBUPRO+TIOCOL FM600/4 X10                   2      1430      1430       000      2860       000  000  000  000  000  000         1  8906082150775       21202812       21202812   514305850001  N  0                         T1092 01/01/2024       USD          344          688          416
01 37215689  SP490  M  LORATADINA SP COMPR. 10X10                  8       365       365       000      2920       000  000  000  000  000  000         1  7590027000662       21202812       21202812   514305850001  N  0                          1101 01/08/2023       USD          088          702          416
01 37215689  12549  M  LUMBAX 600MG. X10TA                         2      1170      1170       000      2340       000  000  000  000  000  000         1  7592349001051       21202812       21202812   514305850001  N  0                       2108001 01/08/2023       USD          281          562          416
01 37215689  14865  M  METRONIDAZOL JL500 X10TA                    4       468       468       000      1872       000  000  000  000  000  000         1  7598650000516       21202812       21202812   514305850001  N  0                         T8888 01/07/2023       USD          112          450          416
01 37215689  14579  M  NIFEDIPINA LAND30 X100TA                    1      4651      4651       000      4651       000  000  000  000  000  000         1  7598008000595       21202812       21202812   514305850001  N  0                         T9687 01/03/2024       USD         1118         1118          416
01 37215689  12250  C  DECOLORANTE POL AZUL 30GR                   2       416       416       000       832       133  000  000  000  000  000         2  7593723001216       21202812       21202812   514305850002  N  0                       2012413 01/12/2023       USD          100          200          416
01 37215689  LP425  M  GULAPER JBE.PED. 120ML.                     3      1560      1560       000      4680       000  000  000  000  000  000         3  7591955001295       21202812       21202812   514305850003  N  0                          0047 01/07/2023       USD          375         1125          416
02 37215689         52         30259           832           133         31224    0    0    0  000    0    0    0   08/10/2021 06:44:11 p.m.   PR           000           000             0            11           USD          416         7474
