01 37235386  QO270  M  ANALPER FORTE TAB. 650X10                   6       328       468       840      1968       000  000 3000  000  000  000         1  7592454000802       21222406       21222406   514511540001  N  0                       3268606 01/05/2023       USD          077          464          424
01 37235386  MK088  M  AZITROMICINA +MK 500 X 3                    8       553       650       776      4424       000  000  000 1500  000  000         1  7591519002027       21220475       21220587   514511540001  N  0                         32272 01/09/2023       USD          130         1043          424
01 37235386  MO180  M  BENZODIAZOL LIM.MIEL 16TM                   1      1124      1124       000      1124       000  000  000  000  000  000         1  7592601301516       21220475       21220587   514511540001  N  0                        134902 01/07/2024       USD          265          265          424
01 37235386  12208  M  DAYFLU NOC 500-2  X5CBL                     4       468       468       000      1872       000  000  000  000  000  000         1  7592432901404       21222479       21222479   514511540001  N  0                        200309 01/11/2022       USD          110          442          424
01 37235386  PA994  M  DIAGESIC SUSP.ORAL 120ML.                   2      1651      1651       000      3302       000  000  000  000  000  000         1  7591243811728       21222535       21222535   514511540001  N  0                       9226801 01/05/2023       USD          389          779          424
01 37235386  GM139  M  ESPIRONOLACTONA MY 25X20                    2      1508      1508       000      3016       000  000  000  000  000  000         1  7592601300984       21220730       21220730   514511540001  N  0                        156807 01/09/2023       USD          356          711          424
01 37235386  MK805  M  LORATADINA +MK 10MG.X10TA                  12       377       377       000      4524       000  000  000  000  000  000         1  7591519000788       21222406       21222406   514511540001  N  0                         32273 01/09/2024       USD          089         1067          424
01 37235386  MO140  M  PERTEN CREMA 1% 20GR.                       2      1369      1369       000      2738       000  000  000  000  000  000         1  7592601101154       21220475       21220587   514511540001  N  0                        133201 01/05/2024       USD          323          646          424
01 37235386  GM204  M  SILDENAFIL MY 50MG. X2TA                   12       279       279       000      3348       000  000  000  000  000  000         1  7592601301400       21222406       21222406   514511540001  N  0                        158508 01/08/2023       USD          066          790          424
02 37235386         49         26316           000           000         26316    0    0    0  000    0    0    0   25/10/2021 05:01:35 p.m.   PR           000           000             0             9           USD          424         6207
