01 37235997  AV190  C  CR REPE.AVISPA100GR.TUBO                    2       977      1028       102      1954       313  000  000  500  000  000         1  7591635000204       21222535       21222535   514511520001  N  0                       0090321 01/06/2023       USD          230          461          424
01 37235997  12250  C  DECOLORANTE POL AZUL 30GR                   3       478       478       000      1434       229  000  000  000  000  000         1  7593723001216       21220738       21220738   514511520001  N  0                       2012413 01/12/2023       USD          113          338          424
01 37235997  14420  C  GEL AB PULP PLUS ACTIV90                    1       502       502       000       502       080  000  000  000  000  000         1  7591251000138       21222406       21222406   514511520001  N  0                        210401 01/04/2025       USD          118          118          424
01 37235997  13585  C  GEL ANTIB.GELSADEN X50GR                    3       219       243       072       657       105  000  000 1000  000  000         1  7591818000014       21222406       21222406   514511520001  N  0                         00502 01/11/2023       USD          052          155          424
01 37235997  SQ120  C  LUBRIX GEL 60CC.                            1       758       758       000       758       121  000  000  000  000  000         1  7592904000017       21222430       21222430   514511520001  N  0                           113 01/05/2024       USD          179          179          424
01 37235997  SQ170  C  LUBRIX GEL FRESA 60CC.                      1       782       782       000       782       125  000  000  000  000  000         1  7592904000444       21222430       21222430   514511520001  N  0                           117 01/06/2024       USD          184          184          424
01 37235997  SQ180  C  LUBRIX GEL LUB.CHOCO60CC.                   1       782       782       000       782       125  000  000  000  000  000         1  7592904000437       21222430       21222430   514511520001  N  0                           112 01/05/2024       USD          184          184          424
01 37235997  10136  C  TINT AM COL 7 RUB MED C/A                   2      1003      1003       000      2006       321  000  000  000  000  000         1  7592566000080       21220475       21220587   514511520001  N  0                       0421031 01/03/2029       USD          237          473          424
01 37235997  CO430  M  BENCIDAMINA CO T.BUCAL120                   3       942      1047       315      2826       000  000  000 1000  000  000         2  7591818139004       21222406       21222406   514511520002  N  0                         10202 01/06/2025       USD          222          666          424
01 37235997  GN019  M  CETIRIZINA GN SOL. 60ML.                    8       557       655       784      4456       000  000  000 1500  000  000         2  7591585174598       21220475       21220587   514511520002  N  0                           084 01/09/2024       USD          131         1051          424
01 37235997  GN759  M  DESLORATADINA GN S.ORAL60                   4       645       759       912      2580       000  000  000 1500  000  000         2  7591585177445       21222535       21220652   514511520002  N  0                           052 01/05/2023       USD          152          608          424
01 37235997  GN759  M  DESLORATADINA GN S.ORAL60                   4       645       759       912      2580       000  000  000 1500  000  000         2  7591585177445       21220652       21220652   514511520002  N  0                           052 01/05/2023       USD          152          608          424
01 37235997  12516  M  REHIDROSOL FRAMBUES 600ML                   2      1287      1287       000      2574       000  000  000  000  000  000         2  7592637398535       21222430       21222430   514511520002  N  0                       2100134 01/06/2023       USD          304          607          424
01 37235997  10824  M  REHIDROSOL FRESA  600ML                     2      1271      1271       000      2542       000  000  000  000  000  000         2  7592637397415       21222430       21222430   514511520002  N  0                       2100096 01/05/2023       USD          300          600          424
01 37235997  11584  M  REHIDROSOL UVA 600ML.                       2      1179      1179       000      2358       000  000  000  000  000  000         2  7592637398443       21222430       21222430   514511520002  N  0                       2100105 01/06/2023       USD          278          556          424
01 37235997  12551  M  SUEROLITO 75MEQ FRESA400                    2       995       995       000      1990       000  000  000  000  000  000         2  7597767000020       21222430       21222430   514511520002  N  0                         096F1 01/06/2023       USD          235          469          424
01 37235997  12552  M  SUEROLITO 75MEQ UVA400                      2       995       995       000      1990       000  000  000  000  000  000         2  7597767000037       21222430       21222430   514511520002  N  0                         226U1 01/06/2023       USD          235          469          424
02 37235997         43         23896          8875          1420         34191    0    0    0  000    0    0    0   25/10/2021 06:53:02 p.m.   PR           000           000             0            16           USD          424         7729
