01 37257352  13895  M  AMOXI+AC POR250/62.5 60ML                   3      2417      2686       807      7251       000  000  000 1000  000  000         1  7750215007204       21240180       21240180   514730330001  N  0                       2054901 01/05/2023       USD          543         1629          445
01 37257352  LT031  M  BIOTALOL 5MG. X30CO                         2      1827      1827       000      3654       000  000  000  000  000  000         1  7591585217165       21240180       21240180   514730330001  N  0                           117 01/04/2023       USD          411          821          445
01 37257352  GN176  M  CARBAMAZEPINA GN 200X30CO                   3      1546      1546       000      4638       000  000  000  000  000  000         1  7591585278265       21240180       21240180   514730330001  N  0                           324 01/09/2026       USD          347         1042          445
01 37257352  11803  M  CIPROFLOXACINA MC500X10TA                   6       715       715       000      4290       000  000  000  000  000  000         1   614143659027       21240170       21240170   514730330001  N  0                        200301 01/03/2023       USD          161          964          445
01 37257352  CO265  M  CLORACE 500MG/4MG X10TA                     3      1001      1001       000      3003       000  000  000  000  000  000         1  7591818116043       21240180       21240180   514730330001  N  0                         10110 01/04/2024       USD          225          675          445
01 37257352  15286  C  CORTA CUTICULA COREL B                      1      1808      1808       000      1808       289  000  000  000  000  000         1  7597046000147       21240170       21240170   514730330001  N  0                           10X 01/01/2030       USD          406          406          445
01 37257352  AY295  C  GASAS ESTER KX3X3 50-S X2                   1      3640      3640       000      3640       582  000  000  000  000  000         1 10813333014159       21240180       21240180   514730330001  N  0                      20080306 01/09/2025       USD          818          818          445
01 37257352  11502  M  LOPERAM 2MG. X10TA                          3       739      1056       951      2217       000  000  000 3000  000  000         1  7592349723571       21240180       21240180   514730330001  N  0                       2105444 01/05/2026       USD          166          498          445
01 37257352  14954  M  METRONIDAZOL PORT250 120                    3      1591      1989      1194      4773       000  000  000 2000  000  000         1  7750215796597       21240180       21240180   514730330001  N  0                       2054091 01/05/2024       USD          358         1073          445
01 37257352  14375  M  PARACETA PORTU500 X100TA                    1      2984      3315       331      2984       000  000  000 1000  000  000         1  7750215496886       21240180       21240180   514730330001  N  0                       2021631 01/02/2024       USD          671          671          445
01 37257352  14812  A  RESTAURALYTE 18GR. X12S                     1      3971      3971       000      3971       635  000  000  000  000  000         1     7591970322       21240180       21240180   514730330001  N  0                        290721 01/07/2022       USD          892          892          445
01 37257352  LT930  M  VIASEK 50MG. X2CO                          12       646       646       000      7752       000  000  000  000  000  000         1  7591585111005       21240180       21240180   514730330001  N  0                           095 01/07/2024       USD          145         1742          445
01 37257352  10586  C  GEL MASAJE STEFANY 130GR.                   3       536       536       000      1608       257  000  000  000  000  000         2  7595630000375       21240180       21240180   514730330002  N  0                    0608202101 01/08/2024       USD          120          361          445
01 37257352  YZ007  C  KODAK XLIFE BAT.ALC.AAAX2                   4       520       520       000      2080       333  000  000  000  000  000         2   887930329469       21240195       21240195   514730330002  N  0                           10X 01/01/2030       USD          117          467          445
01 37257352  10117  C  LOC CORP.DERMOX A/E200                      1       745       745       000       745       119  000  000  000  000  000         2  7590005183080       21240180       21240180   514730330002  N  0                       2104237 01/04/2023       USD          167          167          445
01 37257352  10116  C  LOC CORP.DERMOX SECA200                     1       745       745       000       745       119  000  000  000  000  000         2  7590005183189       21240180       21240180   514730330002  N  0                       2105180 01/05/2023       USD          167          167          445
01 37257352  10535  C  PROT LAB.CEREZA NEVADA4GR                   1       502       528       026       502       080  000  000  500  000  000         2  7591635910244       21240195       21240195   514730330002  N  0                       0461020 01/10/2022       USD          113          113          445
01 37257352  11075  C  PROT LAB.COCO NEVADA4GR                     1       502       528       026       502       080  000  000  500  000  000         2  7591635910275       21240195       21240195   514730330002  N  0                       0350819 01/06/2022       USD          113          113          445
01 37257352  10538  C  PROT LAB.NTURAL NEVADA4GR                   1       502       528       026       502       080  000  000  500  000  000         2  7591635910282       21240195       21240195   514730330002  N  0                       0410920 01/10/2022       USD          113          113          445
01 37257352  10614  N  CITRATO POTASIO10%FSI240                    2      1240      1240       000      2480       000  000  000  000  000  000         3  7592368003456       21240170       21240170   514730330003  N  0                       1021070 01/10/2022       USD          279          557          445
01 37257352  RN100  C  GERDEX SOL. 240 CC.                         2       519       519       000      1038       166  000  000  000  000  000         4  7591838000025       21240195       21240195   514730330004  N  0                       B243082 01/09/2024       USD          117          233          445
02 37257352         55         47013         13170          2743         62926    0    0    0  000    0    0    0   08/11/2021 04:54:23 p.m.   PR           000           000             0            21           USD          445        13524
