01 37265752  14108  M  ACETAMINOFEN 500MGX20                      10       322       322       000      3220       000  000  000  000  000  000         1  7592236001973       21246524       21246524   514815730001  N  0                     TA1460010 01/03/2024       USD          072          720          447
01 37265752  13542  M  ACETAMINOFEN GN650 X10CO                   12       365       365       000      4380       000  000  000  000  000  000         1  7591585279057       21246524       21246524   514815730001  N  0                           073 01/10/2023       USD          082          980          447
01 37265752  LC309  M  ALIVET 4DIAS 8D-4N X12CO                    2      1156      1156       000      2312       000  000  000  000  000  000         1  7591585116000       21246524       21246524   514815730001  N  0                           341 01/12/2022       USD          259          517          447
01 37265752  LC424  M  ALIVETNOC FORTE GRAN.6SOB                   2      1412      1412       000      2824       000  000  000  000  000  000         1  7591585116673       21246524       21246524   514815730001  N  0                           047 01/10/2023       USD          316          632          447
01 37265752  GN629  M  AZITROMICINA GN 500 X 5                     6      1136      1420      1704      6816       000  000  000 2000  000  000         1  7591585279460       21246524       21246524   514815730001  N  0                           319 01/05/2023       USD          254         1525          447
01 37265752  14917  M  AZITROMICINA MC500 X3TA                    12       488       488       000      5856       000  000  000  000  000  000         1   781159319747       21246524       21246524   514815730001  N  0                        210626 01/06/2024       USD          109         1310          447
01 37265752  11805  M  CEFADROXILO MC500 X10CA                     4       962       962       000      3848       000  000  000  000  000  000         1  0614143659034       21246718       21246718   514815730001  N  0                        201203 01/12/2023       USD          215          861          447
01 37265752  15244  M  ENOXA-K 40MG/0,4ML X1JP                     1      3697      3697       000      3697       000  000  000  000  000  000         1  7598578000285       21246680       21246680   514815730001  N  0                       PO1HO52 01/05/2023       USD          827          827          447
01 37265752  ZP002  M  ORALZINC MNDARINA.PVO.1S                    2      1213      1213       000      2426       000  000  000  000  000  000         1  7591651722302       21246524       21246524   514815730001  N  0                       2106030 01/06/2023       USD          271          543          447
01 37265752  LT043  M  PEGYT 75MG. X20CA                           1      2042      2042       000      2042       000  000  000  000  000  000         1  7591585317018       21246524       21246524   514815730001  N  0                           049 01/07/2024       USD          457          457          447
01 37265752  14110  M  ACETAMINOFEN GOTAS X15ML                    6       519       519       000      3114       000  000  000  000  000  000         2  7592236001997       21246524       21246524   514815730002  N  0                          4451 01/05/2023       USD          116          697          447
01 37265752  GN759  M  DESLORATADINA GN S.ORAL60                   6       670       837      1002      4020       000  000  000 2000  000  000         2  7591585177445       21246718       21246718   514815730002  N  0                           052 01/05/2023       USD          150          899          447
01 37265752  MG604  M  FULGRAM 600/42,9SUSP.60CC                   2      4415      4415       000      8830       000  000  000  000  000  000         2  7591585113139       21246524       21246524   514815730002  N  0                           338 01/09/2023       USD          988         1975          447
02 37265752         66         53385           000           000         53385    0    0    0  000    0    0    0   12/11/2021 03:36:48 p.m.   PR           000           000             0            13           USD          447        11943
