01 37269944  PO175  M  BACITRACINA PO UNG. 15GR.                   4       988       988       000      3952       000  000  000  000  000  000         1  7592806141016       21250008       21250008   514858160001  N  0                        108139 01/08/2024       USD          220          880          449
01 37269944  14234  M  CLONEDEX 1+0.50+0.04 X20G                   4       972       972       000      3888       000  000  000  000  000  000         1  7598578000117       21250008       21250008   514858160001  N  0                            46 01/05/2023       USD          216          866          449
01 37269944  GN146  M  ENALAPRIL GN 20MG. X30CO                    6       536       631       570      3216       000  000  000 1500  000  000         1  7591585378538       21250008       21250008   514858160001  N  0                           425 01/09/2023       USD          119          716          449
01 37269944  14117  M  FANASAL  AD. X 15ML GTAS                   12       436       436       000      5232       000  000  000  000  000  000         1  7598484000218       21250127       21250127   514858160001  N  0                         12911 01/11/2023       USD          097         1165          449
01 37269944  11499  M  FULGRAM 875MG-125MG X16CO                   2      5500      6471      1942     11000       000  000  000 1500  000  000         1  7591585213198       21250008       21250008   514858160001  N  0                           606 01/05/2023       USD         1225         2450          449
01 37269944  VC003  M  GENCIVOL COMPU SOL.15ML.                    3      1170      1170       000      3510       000  000  000  000  000  000         1  7592782000529       21250008       21250008   514858160001  N  0                       21A0001 01/10/2023       USD          261          782          449
01 37269944  SP002  M  MONTELUKAST SP10MG. X10TA                   4      1056      1056       000      4224       000  000  000  000  000  000         1  7590027002154       21250191       21250191   514858160001  N  0                          1391 01/10/2023       USD          235          941          449
01 37269944  12680  M  SOL ISOTONICA BC0,9% 500                    6       975       975       000      5850       000  000  000  000  000  000         1  7597767000068       21250127       21250127   514858160001  N  0                      21062419 01/06/2024       USD          217         1303          449
01 37269944  14192  C  KODAK BAT SUPER RES 9VX1                    4       581       581       000      2324       372  000  000  000  000  000         2   887930635409       21250127       21250127   514858160002  N  0                           10X 01/01/2030       USD          129          518          449
01 37269944  14193  C  KODAK BAT. SUPER RES. DX2                   2      1039      1039       000      2078       332  000  000  000  000  000         2   887930069365       21250127       21250127   514858160002  N  0                           10X 01/01/2030       USD          231          463          449
02 37269944         47         40872          4402           704         45978    0    0    0  000    0    0    0   16/11/2021 02:38:53 p.m.   PR           000           000             0            10           USD          449        10083
