01 37274985  PO180  M  BACTRON SUSP. 100ML.                        4      1456      1456       000      5824       000  000  000  000  000  000         1  7592806122015       21253943       21253943   514904560001  N  0                        107112 01/07/2026       USD          321         1286          453
01 37274985  14157  M  CEFADROXILO ZIEL500 X10TA                   4       910       910       000      3640       000  000  000  000  000  000         1  0731299120918       21254093       21254093   514904560001  N  0                     ECC210009 01/06/2024       USD          201          804          453
01 37274985  14114  M  CIPROFLOXACINA 500MGX10TA                  10       538       538       000      5380       000  000  000  000  000  000         1  7592236002062       21254093       21254093   514904560001  N  0                     TC1220005 01/05/2023       USD          119         1188          453
01 37274985  11235  C  KIT DE NEBUL.PED.PRIMASAL                   3      1249      1249       000      3747       600  000  000  000  000  000         1  7596466001253       21254038       21254038   514904560001  N  0                     007211019 01/10/2026       USD          276          827          453
01 37274985  11802  M  LEVONORGES MC0,75MG. X2TA                   6      1364      1364       000      8184       000  000  000  000  000  000         1   614143659058       21254141       21254141   514904560001  N  0                        210812 01/08/2024       USD          301         1807          453
01 37274985  LC409  M  MIGREN 650-50-1 X10CO                       4       841       841       000      3364       000  000  000  000  000  000         1  7591585115737       21253943       21253943   514904560001  N  0                           537 01/09/2023       USD          186          743          453
01 37274985  DT370  N  SAL DE HIGUERA DT X12 20G                   1      5279      5279       000      5279       000  000  000  000  000  000         1 17591616001630       21253943       21253943   514904560001  N  0                        213501 01/06/2024       USD         1165         1165          453
01 37274985  13025  C  EVERY N. CH SECO RE 350ML                   2       997       997       000      1994       319  000  000  000  000  000         2  7590005226022       21253943       21253943   514904560002  N  0                       2103191 01/03/2023       USD          220          440          453
01 37274985  11845  C  EVERY N.GEL FIJ.FRESH250                    2       620       620       000      1240       198  000  000  000  000  000         2  7590005168223       21253943       21253943   514904560002  N  0                     2107005F1 01/07/2023       USD          137          274          453
01 37274985  11843  C  EVERY N.GEL FIJ.WINNER250                   2       620       620       000      1240       198  000  000  000  000  000         2  7590005168216       21253943       21253943   514904560002  N  0                       2106030 01/06/2023       USD          137          274          453
01 37274985  GN019  M  CETIRIZINA GN SOL. 60ML.                   10       585       688      1030      5850       000  000  000 1500  000  000         3  7591585174598       21254157       21254157   514904560003  N  0                           084 01/09/2024       USD          129         1291          453
01 37274985  VL380  C  MELODY CH. 200CC.                           3       770       810       120      2310       370  000  000  500  000  000         3   736674026045       21254093       21254093   514904560003  N  0                      11720103 01/06/2025       USD          170          510          453
01 37274985  12023  A  RESTAURAFLOR SUSP. 10ML.                    4       459       459       000      1836       294  000  000  000  000  000         3     7591970321       21254038       21254038   514904560003  N  0                      20211016 01/10/2022       USD          101          405          453
02 37274985         55         39357         10531          1979         51867    0    0    0  000    0    0    0   18/11/2021 04:22:22 p.m.   PR           000           000             0            13           USD          453        11013
