01 37277258  14148  M  AZITROMICINA ZIEL500 X3TA                   6       650       650       000      3900       000  000  000  000  000  000         1  0763331474666       21255852       21255852   514924510001  N  0                     EGT210247 01/08/2024       USD          143          859          454
01 37277258  CO265  M  CLORACE 500MG/4MG X10TA                     3      1001      1001       000      3003       000  000  000  000  000  000         1  7591818116043       21255852       21255852   514924510001  N  0                         10216 01/06/2024       USD          220          661          454
01 37277258  11113  C  CREM ENCIA NIÑO 100GR.                      2       497       497       000       994       159  000  000  000  000  000         1  7595751001374       21255914       21255914   514924510001  N  0                       2103022 01/03/2024       USD          109          219          454
01 37277258  14117  M  FANASAL  AD. X 15ML GTAS                   10       436       436       000      4360       000  000  000  000  000  000         1  7598484000218       21255852       21255852   514924510001  N  0                         12911 01/11/2023       USD          096          960          454
01 37277258  PO460  M  FOLIFER B12 TAB. X30                        3      1781      1781       000      5343       000  000  000  000  000  000         1  7592806133639       21255852       21255852   514924510001  N  0                        106099 01/06/2024       USD          392         1177          454
01 37277258  GB850  M  GLICERINA GC SUPOS.AD. X6                   2      1797      1797       000      3594       000  000  000  000  000  000         1  7592349923957       21255914       21255914   514924510001  N  0                       2108166 01/08/2023       USD          396          792          454
01 37277258  15184  M  IBUPROFENO AG800MG. X50TA                   1      3463      3463       000      3463       000  000  000  000  000  000         1  7706569000385       21255914       21255914   514924510001  N  0                        21A546 01/02/2024       USD          763          763          454
01 37277258  AY171  C  JER 3CC 21X1-1/2 KX X100                    1      5200      5200       000      5200       832  000  000  000  000  000         1 10813333013824       21255852       21255852   514924510001  N  0                        210225 01/03/2026       USD         1145         1145          454
01 37277258  14121  M  METFORMINA 500MGX 30TAB                     4       458       458       000      1832       000  000  000  000  000  000         1  7592236002345       21255852       21255852   514924510001  N  0                      TM730012 01/03/2024       USD          101          404          454
01 37277258  CH098  C  AMY T.HUM. MNZNILLA X72                     6       469       469       000      2814       450  000  000  000  000  000         2  7591061503058       21255914       21255914   514924510002  N  0                      21006211 01/10/2023       USD          103          620          454
01 37277258  10343  C  TALCO REFRES. DE PIES 90G                   2       577       577       000      1154       185  000  000  000  000  000         2  7596097000892       21255852       21255852   514924510002  N  0                   00221831404 01/05/2026       USD          127          254          454
01 37277258  14113  M  BROMEXINA 4MGX120ML                         4       598       598       000      2392       000  000  000  000  000  000         3  7598484000034       21255852       21255852   514924510003  N  0                         12511 01/11/2023       USD          132          527          454
01 37277258  LN255  M  BROMEXINA LN 8MG.JBE120ML                   2      1193      1193       000      2386       000  000  000  000  000  000         3  7592348204002       21255852       21255852   514924510003  N  0                         41480 01/08/2024       USD          263          526          454
02 37277258         46         30273         10162          1626         42061    0    0    0  000    0    0    0   20/11/2021 12:29:16 p.m.   PR           000           000             0            13           USD          454         8906
