01 37297192  14110  M  ACETAMINOFEN GOTAS X15ML                    4       564       564       000      2256       000  000  000  000  000  000         1  7592236001997       21270847       21270847   515124620001  N  0                         13311 01/11/2023       USD          122          488          462
01 37297192  EL010  M  ALBICAR 200MG. X6TA                         6       779       779       000      4674       000  000  000  000  000  000         1  7591062010173       21269780       21269780   515124620001  N  0                        21025B 01/08/2024       USD          169         1012          462
01 37297192  14114  M  CIPROFLOXACINA 500MGX10TA                  10       619       619       000      6190       000  000  000  000  000  000         1  7592236002062       21270763       21270763   515124620001  N  0                     TC1220005 01/05/2023       USD          134         1340          462
01 37297192  ED920  M  CYNT 20MG. X20CO                            3       910       910       000      2730       000  000  000  000  000  000         1  7592803001603       21269780       21269780   515124620001  N  0                       2106552 01/06/2024       USD          197          591          462
01 37297192  LT037  M  LISILET 10MG. X30CO                         2      2287      2287       000      4574       000  000  000  000  000  000         1  7591585314369       21269780       21269780   515124620001  N  0                           133 01/06/2024       USD          495          990          462
01 37297192  14576  M  METRONIDAZ LAND500 X100TA                   1      3475      3475       000      3475       000  000  000  000  000  000         1  7598008000564       21270763       21270763   515124620001  N  0                     TM1060001 01/06/2024       USD          752          752          462
01 37297192  15839  M  OMEPRAZOL ZIEL40MG. X1V                     4       845       845       000      3380       000  000  000  000  000  000         1  0781100146682       21270763       21270763   515124620001  N  0                     AMN057G21 01/07/2023       USD          183          732          462
01 37297192  11197  C  SIEMPRESECO PAÑAL AD.G X6                   2      1284      1284       000      2568       411  000  000  000  000  000         1  7591353699018       21270763       21270763   515124620001  N  0                      11001102 01/10/2023       USD          278          556          462
01 37297192  10321  C  ACEITE HIDR. CHICHI 200CC                   2      1297      1297       000      2594       415  000  000  000  000  000         2  7596097006757       21270763       21270763   515124620002  N  0                   00721871218 01/05/2026       USD          281          561          462
01 37297192  LM170  C  AQUAPHAR L.HIDR. 140CC.                     1      1593      1593       000      1593       255  000  000  000  000  000         2  7592025101600       21270847       21270847   515124620002  N  0                        210107 01/10/2024       USD          345          345          462
01 37297192  PB006  N  WAMPOLE EMUL.T.FRUTI240ML                   3       720       720       000      2160       346  000  000  000  000  000         3  7591309000967       21270763       21270763   515124620003  N  0                      A2110327 01/10/2023       USD          156          468          462
02 37297192         38         29439          6755          1426         37620    0    0    0  000    0    0    0   01/12/2021 04:19:05 p.m.   PR           000           000             0            11           USD          462         7834
