01 37305518  15518  M  AFLAMAX 50MG. 25B. X5TA                     1      3011      3345       334      3011       000  000  000 1000  000  000         1  7591196006189       21280015       21280015   515218970001  N  0                       I101211 01/10/2023       USD          650          650          463
01 37305518  11795  M  AFLAMAX 50MG. X10TA                        12       344       459      1380      4128       000  000  000 2500  000  000         1  7591196007186       21280015       21280015   515218970001  N  0                       I101229 01/11/2023       USD          074          892          463
01 37305518  LO239  M  AIRON 4MG. X10TAB.MAST.                     3       751       751       000      2253       000  000  000  000  000  000         1  7591196002952       21278703       21278703   515218970001  N  0                       I060930 01/06/2022       USD          162          487          463
01 37305518  VO310  M  AZITROMICINA GENCER500 X5                   6      1270      1443      1038      7620       000  000  000 1200  000  000         1  7591020007597       21278703       21278703   515218970001  N  0                            70 01/07/2026       USD          274         1646          463
01 37305518  13645  M  CEFADROXILO BUKA 500MGX10                   6      1260      1326       396      7560       000  000  000  500  000  000         1   675696259997       21280104       21280104   515218970001  N  0                        CDO201 01/05/2024       USD          272         1633          463
01 37305518  BQ190  M  FERCOR COMP. CAPS. X30                      2      1763      1763       000      3526       000  000  000  000  000  000         1  7594000850206       21280015       21280015   515218970001  N  0                        201108 01/11/2022       USD          381          762          463
01 37305518  LO003  M  IPORET SUSP.PED. 60ML.                      4       750      1071      1284      3000       000  000  000 3000  000  000         1  7591196004253       21280015       21280015   515218970001  N  0                       I090997 01/09/2022       USD          162          648          463
01 37305518  14878  M  LOSARTAN P. FM50MG.X30TA                    4       837       930       372      3348       000  000  000 1000  000  000         1  8906082150751       21278796       21278796   515218970001  N  0                         T1009 01/12/2023       USD          181          723          463
01 37305518  10524  C  MENTORUB UNG.CORP. 60GR.                    2      1273      1369       192      2546       407  000  000  700  000  000         1  7593090000966       21280015       21280015   515218970001  N  0                       F210707 01/07/2024       USD          275          550          463
01 37305518  KV339  M  TERAGRIP FORTE 24H TAB. X14                 2      1743      1937       388      3486       000  000  000 1000  000  000         1  7591821802414       21278917       21278917   515218970001  N  0                21103162109414 01/10/2023       USD          376          753          463
01 37305518  KV199  M  TERAGRIP FORTE NOC X6 SOB.                  3      1754      1949       585      5262       000  000  000 1000  000  000         1  7591821801882       21278917       21278917   515218970001  N  0                       2109339 01/10/2023       USD          379         1136          463
01 37305518  14512  M  ACEVAL 180MG. SOL.PED.120                   4      1093      1093       000      4372       000  000  000  000  000  000         2  7591020008839       21280015       21280015   515218970002  N  0                            09 01/09/2023       USD          236          944          463
01 37305518  LO444  M  APIRET 180SOL.ORAL 120ML.                  12      1044      1044       000     12528       000  000  000  000  000  000         2  7591196002785       21278917       21278917   515218970002  N  0                       I111242 01/11/2023       USD          225         2706          463
01 37305518  11808  M  APIRET 180SOL.ORAL 60ML.                   10       495       495       000      4950       000  000  000  000  000  000         2  7591196007155       21278917       21278917   515218970002  N  0                       I111234 01/11/2023       USD          107         1069          463
01 37305518  BQ320  M  BROMEXINA BQ 4MG.120ML.                     4       763       763       000      3052       000  000  000  000  000  000         2  7594000850985       21278796       21278796   515218970002  N  0                        210813 01/08/2023       USD          165          659          463
01 37305518  VM264  M  OXOLAMINA GNCER PED.120CC                   2      1182      1182       000      2364       000  000  000  000  000  000         2  7591020001526       21280104       21280104   515218970002  N  0                           106 01/11/2024       USD          255          511          463
02 37305518         77         70460          2546           407         73413    0    0    0  000    0    0    0   08/12/2021 01:54:26 p.m.   PR           000           000             0            16           USD          463        15768
