01 37319472  GQ739  M  ACETAMINOFEN ELTER650 X10                  20       390       390       000      7800       000  000  000  000  000  000         1  7592454001243       21292627       21292627   515358240001  N  0                       3275660 01/09/2023       USD          084         1688          462
01 37319472  VP729  M  ALIVAX FORTE 650 X10C.BLA                   4       524       748       896      2096       000  000  000 3000  000  000         1  7592432010335       21292629       21292629   515358240001  N  0                        200303 01/11/2023       USD          113          454          462
01 37319472  QO270  M  ANALPER FORTE TAB. 650X10                   4       520       520       000      2080       000  000  000  000  000  000         1  7592454000802       21292629       21292629   515358240001  N  0                       3276226 01/09/2023       USD          113          450          462
01 37319472  12084  M  BREXIN FORTE 650MG. X10TA                   4       444       493       196      1776       000  000  000 1000  000  000         1  7591818716755       21292636       21292636   515358240001  N  0                         10226 01/06/2024       USD          096          384          462
01 37319472  VP990  M  CEVAX 500MG. X30CA.BLA                      6      1572      2183      3666      9432       000  000 1000 2000  000  000         1  7592432007649       21292627       21292627   515358240001  N  0                        210323 01/10/2023       USD          340         2042          462
01 37319472  MK087  M  DESLORATADINA +MK5MG. X10                   6       553       650       582      3318       000  000  000 1500  000  000         1  7591519008210       21292627       21292627   515358240001  N  0                        150821 01/08/2024       USD          120          718          462
01 37319472  14902  M  SOL ISOTONICA JL0,9% 500                    8      1141      1141       000      9128       000  000  000  000  000  000         1  7598650000011       21292629       21292629   515358240001  N  0                    3B21061102 01/05/2024       USD          247         1976          462
01 37319472  VP400  M  VIT E VP 400MG. X30CA.BLA                   1      1958      2447       489      1958       000  000  000 2000  000  000         1  7592432005478       21292627       21292627   515358240001  N  0                        210262 01/08/2024       USD          424          424          462
01 37319472  QO480  M  ANALPER 150JBE.PED.120ML                    4      1170      1170       000      4680       000  000  000  000  000  000         2  7592454003117       21292629       21292629   515358240002  N  0                       3500230 01/11/2024       USD          253         1013          462
02 37319472         57         42268           000           000         42268    0    0    0  000    0    0    0   20/12/2021 10:16:10 a.m.   PR           000           000             0             9           USD          462         9149
