01 37318970  14114  M  CIPROFLOXACINA 500MGX10TA                  10       619       619       000      6190       000  000  000  000  000  000         1  7592236002062       21291445       21291445   515348150001  N  0                     TC1220005 01/05/2023       USD          134         1343          461
01 37318970  12583  M  DICLOFENAC P. KMP50 X10TA                  20       179       179       000      3580       000  000  000  000  000  000         1  6942189211270       21291445       21291445   515348150001  N  0                        210301 01/03/2024       USD          039          777          461
01 37318970  14117  M  FANASAL  AD. X 15ML GTAS                    6       473       473       000      2838       000  000  000  000  000  000         1  7598484000218       21291472       21291472   515348150001  N  0                         13511 01/11/2023       USD          103          616          461
01 37318970  PD390  M  FLEMICAINE SOL.TOP. 5ML.                    3      1300      1300       000      3900       000  000  000  000  000  000         1  7591955000489       21291445       21291445   515348150001  N  0                          0027 01/04/2024       USD          282          846          461
01 37318970  16254  M  FUROSEMIDA KMP40MG. X10TA                   6       237       237       000      1422       000  000  000  000  000  000         1  6942189211300       21291445       21291445   515348150001  N  0                        201153 01/11/2023       USD          051          308          461
01 37318970  14846  M  KETOPROFENO ZIEL100 X5A                     1      3088      3088       000      3088       000  000  000  000  000  000         1  0781584377633       21291472       21291472   515348150001  N  0                     EP0121011 01/03/2023       USD          670          670          461
01 37318970  12186  M  MAXTHIO 4MG/2ML. IM X6A                     1      3887      3887       000      3887       000  000  000  000  000  000         1  8699525755247       21291472       21291472   515348150001  N  0                       A090486 01/11/2023       USD          843          843          461
01 37318970  16059  M  RISPERIDONA PSI2MG. X20TA                   2      1282      1282       000      2564       000  000  000  000  000  000         1  7501384506582       21291445       21291445   515348150001  N  0                       2460621 01/06/2023       USD          278          556          461
01 37318970  12123  C  BOROCANFOR ORIG.PVO.35GR                    2       714       714       000      1428       228  000  000  000  000  000         2       75971427       21291445       21291445   515348150002  N  0                       2109303 01/09/2023       USD          155          310          461
01 37318970  14109  M  ACETAMINOFEN QF JBE.120ML                   4       800       800       000      3200       000  000  000  000  000  000         3  7592236001980       21291445       21291445   515348150003  N  0                         13411 01/11/2024       USD          174          694          461
01 37318970  14113  M  BROMEXINA 4MGX120ML                         6       655       655       000      3930       000  000  000  000  000  000         3  7598484000034       21291445       21291445   515348150003  N  0                         13911 01/11/2023       USD          142          852          461
01 37318970  PD720  M  CLENBUXOL JBE.PED. 120CC.                   2      2080      2080       000      4160       000  000  000  000  000  000         3  7591955000168       21291445       21291445   515348150003  N  0                          0114 01/02/2025       USD          451          902          461
02 37318970         63         38759          1428           228         40415    0    0    0  000    0    0    0   17/12/2021 03:06:16 p.m.   PR           000           000             0            12           USD          461         8717
