01 37320416  KL110  M  AC FOLICO KL 5MG. X20CO                     6       234       780      3276      1404       000  000  000 7000  000  000         1  7591619501017       21292920       21292920   515362490001  N  0                          0226 01/09/2024       USD          051          304          462
01 37320416  13895  M  AMOXI+AC POR250/62.5 60ML                   2      3002      3002       000      6004       000  000  000  000  000  000         1  7750215007204       21292920       21292920   515362490001  N  0                       2075781 01/07/2023       USD          650         1300          462
01 37320416  13558  C  DERMOX LO.CORP MILK.N.350                   1      1048      1048       000      1048       168  000  000  000  000  000         1  7590005183202       21292920       21292920   515362490001  N  0                       2111071 01/11/2023       USD          227          227          462
01 37320416  ED590  M  DOLAK 20MG. X10CO                           2      1534      1534       000      3068       000  000  000  000  000  000         1  7592803000460       21292920       21292920   515362490001  N  0                       2109628 01/10/2023       USD          332          664          462
01 37320416  KA141  C  DERMOX LO.CORP. A.EDAD350                   1      1048      1048       000      1048       168  000  000  000  000  000         2  7590005183196       21292920       21292920   515362490002  N  0                       2110075 01/10/2023       USD          227          227          462
01 37320416  SQ120  C  LUBRIX GEL 60CC.                            1      1008      1008       000      1008       161  000  000  000  000  000         2  7592904000017       21292920       21292920   515362490002  N  0                           129 01/08/2024       USD          218          218          462
01 37320416  SQ170  C  LUBRIX GEL FRESA 60CC.                      1      1011      1011       000      1011       162  000  000  000  000  000         2  7592904000444       21292920       21292920   515362490002  N  0                           130 01/09/2024       USD          219          219          462
01 37320416  SQ180  C  LUBRIX GEL LUB.CHOCO60CC.                   1      1011      1011       000      1011       162  000  000  000  000  000         2  7592904000437       21292920       21292920   515362490002  N  0                           131 01/09/2024       USD          219          219          462
01 37320416  EL374  M  TACHIPIRIN FORTE SUSP.120                   4      1055      1055       000      4220       000  000  000  000  000  000         3  7591062017301       21292920       21292920   515362490003  N  0                        21078A 01/10/2024       USD          228          913          462
02 37320416         19         14696          5126           820         20642    0    0    0  000    0    0    0   20/12/2021 03:59:07 p.m.   PR           000           000             0             9           USD          462         4290
