01 37326581  12124  C  BOROCANFOR COOL.PVO.35GR                    2       714       714       000      1428       228  000  000  000  000  000         1       75971434       21299363       21299363   515424300001  N  0                       2109304 01/09/2023       USD          156          312          458
01 37326581  12123  C  BOROCANFOR ORIG.PVO.35GR                    2       714       714       000      1428       228  000  000  000  000  000         1       75971427       21299363       21299363   515424300001  N  0                       2109303 01/09/2023       USD          156          312          458
01 37326581  11845  C  EVERY N.GEL FIJ.FRESH250                    2       711       711       000      1422       228  000  000  000  000  000         1  7590005168223       21299363       21299363   515424300001  N  0                       2111075 01/11/2023       USD          155          310          458
01 37326581  11848  C  EVERY N.GEL FIJ.STRONG500                   1      1005      1005       000      1005       161  000  000  000  000  000         1  7590005168278       21299363       21299363   515424300001  N  0                       2111141 01/11/2023       USD          219          219          458
01 37326581  11843  C  EVERY N.GEL FIJ.WINNER250                   2       711       711       000      1422       228  000  000  000  000  000         1  7590005168216       21299363       21299363   515424300001  N  0                       2111241 01/11/2023       USD          155          310          458
01 37326581  SQ120  C  LUBRIX GEL 60CC.                            1      1008      1008       000      1008       161  000  000  000  000  000         1  7592904000017       21299363       21299363   515424300001  N  0                           129 01/08/2024       USD          220          220          458
01 37326581  SQ170  C  LUBRIX GEL FRESA 60CC.                      1      1011      1011       000      1011       162  000  000  000  000  000         1  7592904000444       21299363       21299363   515424300001  N  0                           130 01/09/2024       USD          221          221          458
01 37326581  SQ180  C  LUBRIX GEL LUB.CHOCO60CC.                   1      1011      1011       000      1011       162  000  000  000  000  000         1  7592904000437       21299363       21299363   515424300001  N  0                           131 01/09/2024       USD          221          221          458
01 37326581  SQ190  C  LUBRIX GEL MENTA 60CC.                      1      1011      1011       000      1011       162  000  000  000  000  000         1  7592904000451       21299363       21299363   515424300001  N  0                           125 01/08/2024       USD          221          221          458
01 37326581  ED165  C  NOPUCID CH. 100 CC.                         2      1820      1820       000      3640       582  000  000  000  000  000         1  7592803000811       21299363       21299363   515424300001  N  0                       2109645 01/09/2023       USD          397          795          458
01 37326581  PA009  M  LOGANIL JBE.AD. 120ML.                      4      1555      1555       000      6220       000  000  000  000  000  000         2  7591243831474       21299363       21299363   515424300002  N  0                       9282302 01/11/2023       USD          340         1358          458
01 37326581  PA010  M  LOGANIL JBE.PED. 120ML.                     4      1411      1411       000      5644       000  000  000  000  000  000         2  7591243831511       21299363       21299363   515424300002  N  0                       9282401 01/11/2023       USD          308         1232          458
02 37326581         23         11864         14386          2302         28552    0    0    0  000    0    0    0   27/12/2021 01:37:37 p.m.   PR           000           000             0            12           USD          458         5731
