01 37326510  12034  M  ACETAMINOFEN AL500 X20TA                    6       598       664       396      3588       000  000  000 1000  000  000         1  7597758000596       21299205       21299205   515424320001  N  0                         DL161 01/01/2024       USD          131          783          458
01 37326510  11795  M  AFLAMAX 50MG. X10TA                         6       390       488       588      2340       000  000  000 2000  000  000         1  7591196007186       21298224       21298224   515424320001  N  0                       I101229 01/11/2023       USD          085          511          458
01 37326510  LO539  M  AFLAMAX 50MG. X20TA                         6       682       853      1026      4092       000  000  000 2000  000  000         1  7591196004451       21298224       21298224   515424320001  N  0                       I101230 01/11/2023       USD          149          893          458
01 37326510  LO444  M  APIRET 180SOL.ORAL 120ML.                  12      1044      1044       000     12528       000  000  000  000  000  000         1  7591196002785       21299205       21299205   515424320001  N  0                       I111243 01/11/2023       USD          228         2735          458
01 37326510  VO310  M  AZITROMICINA GENCER500 X5                   6      1450      1543       558      8700       000  000  000  600  000  000         1  7591020007597       21299205       21299205   515424320001  N  0                            71 01/09/2026       USD          317         1900          458
01 37326510  13652  M  CETIRIZINA 10MGX10TA BUKA                  10       445       468       230      4450       000  000  000  500  000  000         1   675696260009       21299363       21299363   515424320001  N  0                       CTR1002 01/03/2024       USD          097          972          458
01 37326510  12079  M  DICLOFENAC S.AL75MG. X2A                    6       426       473       282      2556       000  000  000 1000  000  000         1       75971366       21299205       21299205   515424320001  N  0                       1320283 01/07/2023       USD          093          558          458
01 37326510  10833  C  PAPEL ALUMINIO 6MTSX30CM                    2       543       543       000      1086       174  000  000  000  000  000         1  7592825000424       21299205       21299205   515424320001  N  0                           10X 01/01/2030       USD          119          237          458
01 37326510  15082  M  SANA 2% CR.VAG. 20GR.                       3      1403      1403       000      4209       000  000  000  000  000  000         1  7598127001091       21299363       21299363   515424320001  N  0                        210310 01/03/2024       USD          306          919          458
01 37326510  BQ290  M  AMBROXOL BQ. 30MG.120ML.                    4       967       967       000      3868       000  000  000  000  000  000         2  7594000850923       21299205       21299205   515424320002  N  0                        211101 01/11/2024       USD          211          845          458
01 37326510  RZ390  M  ANANTY FORTE SUSP.PED.120                   6       670       670       000      4020       000  000  000  000  000  000         2  7594001101581       21299205       21299205   515424320002  N  0                          6203 01/12/2023       USD          146          878          458
01 37326510  11808  M  APIRET 180SOL.ORAL 60ML.                   12       495       495       000      5940       000  000  000  000  000  000         2  7591196007155       21299205       21299205   515424320002  N  0                       I111233 01/11/2023       USD          108         1297          458
01 37326510  11143  N  BEUSAN CEB.MORADA JBE.240                   2      1464      1464       000      2928       000  000  000  000  000  000         2  7592710001260       21299205       21299205   515424320002  N  0                       1361811 01/11/2023       USD          320          639          458
02 37326510         81         59219          1086           174         60479    0    0    0  000    0    0    0   27/12/2021 01:08:11 p.m.   PR           000           000             0            13           USD          458        13167
