01 37333983  MO170  M  BENZODIAZOL NARANJA X16TM                   1      1170      1170       000      1170       000  000  000  000  000  000         1  7592601301509       21305679       21305679   515490670001  N  0                        135003 01/09/2023       USD          254          254          460
01 37333983  MY034  M  BENZODIAZOL TM MENTA X16                    6      1170      1170       000      7020       000  000  000  000  000  000         1  7592601100881       21305679       21305679   515490670001  N  0                        105503 01/09/2023       USD          254         1526          460
01 37333983  11557  M  DESLER M 5MG/10MG. X10TA                    2      2470      2470       000      4940       000  000  000  000  000  000         1  7592454891257       21305679       21305679   515490670001  N  0                       3500295 01/11/2023       USD          537         1074          460
01 37333983  MK087  M  DESLORATADINA +MK5MG. X10                   6       650       650       000      3900       000  000  000  000  000  000         1  7591519008210       21305679       21305679   515490670001  N  0                        390921 01/09/2024       USD          141          848          460
01 37333983  AP370  M  METREN 500MG.CAPS.VAG.X10                   2      1634      1634       000      3268       000  000  000  000  000  000         1  7592601200314       21305679       21305679   515490670001  N  0                        126703 01/09/2023       USD          355          710          460
01 37333983  11563  N  OMEGA 369 AI 1000MG.X60CA                   1      3913      3913       000      3913       000  000  000  000  000  000         1  7592946169659       21305679       21305679   515490670001  N  0                      04219659 01/10/2023       USD          851          851          460
01 37333983  13515  M  PROLARDII 10 SOBX1.3GR                      1      5330      5330       000      5330       000  000  000  000  000  000         1  7709137132242       21305679       21305679   515490670001  N  0                       0096614 01/11/2022       USD         1159         1159          460
01 37333983  GQ224  M  CETIRIZINA ELTER JBE60CC.                  10       910       910       000      9100       000  000  000  000  000  000         2  7592454138239       21305679       21305679   515490670002  N  0                       3276178 01/09/2024       USD          198         1978          460
01 37333983  GQ224  M  CETIRIZINA ELTER JBE60CC.                   4       910       910       000      3640       000  000  000  000  000  000         2  7592454138239       21305679       21305679   515490670002  N  0                       3276178 01/09/2024       USD          198          791          460
01 37333983  GQ224  M  CETIRIZINA ELTER JBE60CC.                   4       910       910       000      3640       000  000  000  000  000  000         2  7592454138239       21305679       21305679   515490670002  N  0                       3276178 01/09/2024       USD          198          791          460
02 37333983         37         45921           000           000         45921    0    0    0  000    0    0    0   03/01/2022 2:46:51 p. m.   PR           000           000             0            10           USD          460         9983
