01 37333130  12586  M  ACICLOVIR KMP200 X10TA                     14       486       486       000      6804       000  000  000  000  000  000         1  6921875010748       21305679       21305679   515490640001  N  0                       2004421 01/04/2023       USD          106         1479          460
01 37333130  12827  M  ALBENDAZOL PX 200MG X2TA                    6       348       348       000      2088       000  000  000  000  000  000         1  7594001100263       21305679       21305679   515490640001  N  0                          6120 01/04/2023       USD          076          454          460
01 37333130  14702  M  AMOXICILINA KMP500 X10CA                    8       465       465       000      3720       000  000  000  000  000  000         1  6921875011134       21305679       21305679   515490640001  N  0                     213132056 01/03/2024       USD          101          809          460
01 37333130  PA275  M  BETAGEN SOLSPEN 1ML.1AMP.                   3      2397      2397       000      7191       000  000  000  000  000  000         1  7591243804409       21305679       21305679   515490640001  N  0                         92782 01/05/2023       USD          521         1563          460
01 37333130  13652  M  CETIRIZINA 10MGX10TA BUKA                   6       468       468       000      2808       000  000  000  000  000  000         1   675696260009       21305679       21305679   515490640001  N  0                       CTR1002 01/03/2024       USD          102          610          460
01 37333130  14381  M  CLOTRIMAZ TIAR100 X6T.VAG                   9       780       780       000      7020       000  000  000  000  000  000         1  8904187829503       21305679       21305679   515490640001  N  0                         T9909 01/06/2024       USD          170         1526          460
01 37333130  12798  M  CLOTRIMAZOL 100MG X10OVU                    1      2035      2035       000      2035       000  000  000  000  000  000         1  7703153016050       21305679       21305679   515490640001  N  0                       1329209 01/12/2022       USD          442          442          460
01 37333130  10770  M  DISPOS INTRAUT PREGNA380A                   1      3218      3218       000      3218       000  000  000  000  000  000         1  7502214983436       21305679       21305679   515490640001  N  0                       DAS2298 01/05/2024       USD          700          700          460
01 37333130  BQ190  M  FERCOR COMP. CAPS. X30                      2      1763      1763       000      3526       000  000  000  000  000  000         1  7594000850206       21305679       21305679   515490640001  N  0                        201108 01/11/2022       USD          383          767          460
01 37333130  14121  M  METFORMINA 500MGX 30TAB                     6       534       534       000      3204       000  000  000  000  000  000         1  7592236002345       21305679       21305679   515490640001  N  0                      TM730022 01/04/2024       USD          116          697          460
01 37333130  12574  M  METRONIDAZOL KMP500 X10TA                  12       329       329       000      3948       000  000  000  000  000  000         1  6921875010878       21305679       21305679   515490640001  N  0                       2107404 01/07/2024       USD          072          858          460
01 37333130  VC580  M  OTAN GOTAS 5ML.                             2      1560      1560       000      3120       000  000  000  000  000  000         1  7592782000567       21305679       21305679   515490640001  N  0                       2180017 01/09/2023       USD          339          678          460
01 37333130  EL775  M  TALZIC SOL.GOTAS 20ML.                      3       555       617       186      1665       000  000  000 1000  000  000         1  7591062016670       21305679       21305679   515490640001  N  0                        20114B 01/09/2022       USD          121          362          460
01 37333130  RQ018  C  ACEITE CREM CHICHI B.200G                   2       654       654       000      1308       209  000  000  000  000  000         2  7596097005873       21305679       21305679   515490640002  N  0                   00321871227 01/06/2025       USD          142          284          460
01 37333130  10321  C  ACEITE HIDR. CHICHI 200CC                   3      1297      1297       000      3891       623  000  000  000  000  000         2  7596097006757       21305679       21305679   515490640002  N  0                   00721871218 01/05/2026       USD          282          846          460
01 37333130  11959  C  BRUCEN ENJ.BUCAL CMINT250                   1      1092      1092       000      1092       175  000  000  000  000  000         2  7592090001454       21305679       21305679   515490640002  N  0                        210622 01/07/2024       USD          237          237          460
01 37333130  11957  C  BRUCEN ENJ.BUCAL MENTA250                   9      1092      1092       000      9828      1572  000  000  000  000  000         2  7592090001447       21305679       21305679   515490640002  N  0                        210913 01/09/2024       USD          237         2137          460
01 37333130  10250  C  COLONIA CHICHI RENE 200CC                   2       654       654       000      1308       209  000  000  000  000  000         2  7596097001608       21305679       21305679   515490640002  N  0                   01621871204 01/09/2026       USD          142          284          460
01 37333130  LT284  M  ANTUX SOL.ORAL 180ML.                       1      4586      4586       000      4586       000  000  000  000  000  000         3  7591585214706       21305679       21305679   515490640003  N  0                           284 01/09/2024       USD          997          997          460
01 37333130  14113  M  BROMEXINA 4MGX120ML                         6       655       655       000      3930       000  000  000  000  000  000         3  7598484000034       21305679       21305679   515490640003  N  0                         13911 01/11/2023       USD          142          854          460
01 37333130  LN255  M  BROMEXINA LN 8MG.JBE120ML                   2      1281      1281       000      2562       000  000  000  000  000  000         3  7592348204002       21305679       21305679   515490640003  N  0                       2111001 01/11/2024       USD          278          557          460
02 37333130         99         61425         17427          2788         81640    0    0    0  000    0    0    0   03/01/2022 10:55:20 a. m.   PR           000           000             0            21           USD          460        17142
