01 37342816  15679  M  ACETAMINOFEN KMP100 X6SUP                   3       680       680       000      2040       000  000  000  000  000  000         1  6921875011363       21313273       21313273   515588780001  N  0                       2011428 01/11/2023       USD          147          440          464
01 37342816  11465  C  ALGODON ALGOBAP 25GR.                       1       257       257       000       257       041  000  000  000  000  000         1  7593255000152       21313908       21313908   515588780001  N  0                        121226 01/05/2026       USD          055          055          464
01 37342816  GN088  M  AMLODIPINA GN 10MG. X30CO                   6       669       956      1722      4014       000  000  000 3000  000  000         1  7591585278173       21313908       21313908   515588780001  N  0                           190 01/06/2024       USD          144          865          464
01 37342816  12581  M  CEFIXIMA KMP400MG. X10CA                    2      6078      6078       000     12156       000  000  000  000  000  000         1  6921875010809       21313908       21313908   515588780001  N  0                       2107409 01/07/2024       USD         1310         2620          464
01 37342816  12589  M  CIPROFLOX. INF 200X100ML                    6       415       415       000      2490       000  000  000  000  000  000         1  6942189304378       21313908       21313908   515588780001  N  0                        210421 01/04/2024       USD          089          537          464
01 37342816  12583  M  DICLOFENAC P. KMP50 X10TA                  24       179       179       000      4296       000  000  000  000  000  000         1  6942189211270       21312346       21312346   515588780001  N  0                        210301 01/03/2024       USD          039          926          464
01 37342816  13510  C  EVERY N.D.BOL.BIO BABY P.                   2       480       480       000       960       154  000  000  000  000  000         1  7590005162801       21313857       21313857   515588780001  N  0                       2110182 01/10/2023       USD          103          207          464
01 37342816  13511  C  EVERY N.D.BOL.BIO NATUREL                   2       480       480       000       960       154  000  000  000  000  000         1  7590005162818       21313857       21313857   515588780001  N  0                     PS2111079 01/11/2023       USD          103          207          464
01 37342816  13211  M  IVAGAN DIS 650/1/40 25X4T                   1     10025     11794      1769     10025       000  000  000 1500  000  000         1  7591243826814       21314008       21314008   515588780001  N  0                         92281 01/05/2023       USD         2161         2161          464
01 37342816  SP003  M  LEVOFLOXACINA SP 750 X5                     4      1219      1219       000      4876       000  000  000  000  000  000         1  7590027002314       21313884       21313884   515588780001  N  0                          1511 01/10/2023       USD          263         1051          464
01 37342816  LX102  M  MIGREN 650-50-1 X20CO                       2      1199      1713      1028      2398       000  000  000 3000  000  000         1  7591585415738       21313884       21313884   515588780001  N  0                           542 01/11/2023       USD          258          517          464
01 37342816  14727  C  MIMADITO CORP.MZNI ALOE75                   4       468       468       000      1872       300  000  000  000  000  000         1  7591248723002       21313273       21313273   515588780001  N  0                  M50042172300 01/12/2023       USD          101          403          464
01 37342816  PA474  M  OROZIM 192MG. X20CO                         2      2388      2388       000      4776       000  000  000  000  000  000         1  7591243839753       21313908       21313908   515588780001  N  0                       9235802 01/07/2023       USD          515         1029          464
01 37342816  13528  C  PROTECTO LAB. CACAO 4.2GR                   6       400       400       000      2400       384  000  000  000  000  000         1  7591415011772       21313908       21313908   515588780001  N  0                       2107004 01/07/2022       USD          086          517          464
01 37342816  LT434  M  PULMOLET SUSP. P.NEB.15CC                   3      1628      1628       000      4884       000  000  000  000  000  000         1  7591585117199       21313908       21313908   515588780001  N  0                           030 01/08/2023       USD          351         1053          464
01 37342816  14238  M  SILDENAFIL GDG.PH 50MGX2T                   8       224       224       000      1792       000  000  000  000  000  000         1  7598307000050       21313884       21313884   515588780001  N  0                         SM004 01/07/2023       USD          048          386          464
01 37342816  XS024  N  VASELINA RECETTE 30GR.                      3       412       412       000      1236       198  000  000  000  000  000         1  7594001451891       21313908       21313908   515588780001  N  0                      01122125 01/11/2023       USD          089          266          464
01 37342816  15242  M  VENTODUO 100/50 INH. 200D                   1      5525      5525       000      5525       000  000  000  000  000  000         1  8470007006565       21313857       21313857   515588780001  N  0                      063R003A 01/03/2024       USD         1191         1191          464
01 37342816  ED660  M  VIZERUL 75MG. X10CO                         2      1014      1014       000      2028       000  000  000  000  000  000         1  7592803001153       21313857       21313857   515588780001  N  0                       2107592 01/08/2024       USD          219          437          464
01 37342816  12396  M  WELLOVIR 5% CREMA 5GR                       3       662       662       000      1986       000  000  000  000  000  000         1  8904307701047       21313908       21313908   515588780001  N  0                         11001 01/09/2024       USD          143          428          464
01 37342816  GN790  M  AMLODIPINA GN 5MG. X30CO                    6       699       998      1794      4194       000  000  000 3000  000  000         2  7591585278166       21313908       21313908   515588780002  N  0                           387 01/09/2024       USD          151          904          464
01 37342816  14702  M  AMOXICILINA KMP500 X10CA                   12       465       465       000      5580       000  000  000  000  000  000         2  6921875011134       21313273       21313273   515588780002  N  0                     213132056 01/03/2024       USD          100         1203          464
02 37342816        103         74296          6449          1230         81975    0    0    0  000    0    0    0   10/01/2022 03:40:02 p.m.   PR           000           000             0            22           USD          464        17402
