01 37343954  15518  M  AFLAMAX 50MG. 25B. X5TA                     1      3345      3345       000      3345       000  000  000  000  000  000         1  7591196006189       21313857       21313857   515588810001  N  0                       I101211 01/10/2023       USD          721          721          464
01 37343954  11795  M  AFLAMAX 50MG. X10TA                         6       390       488       588      2340       000  000  000 2000  000  000         1  7591196007186       21313857       21313857   515588810001  N  0                       I111251 01/11/2023       USD          084          504          464
01 37343954  12827  M  ALBENDAZOL PX 200MG X2TA                    4       348       348       000      1392       000  000  000  000  000  000         1  7594001100263       21313884       21313884   515588810001  N  0                          6120 01/04/2023       USD          075          300          464
01 37343954  LO970  M  AZACARD 81MG. X30TA                         2      1517      1517       000      3034       000  000  000  000  000  000         1  7591196002464       21313273       21313273   515588810001  N  0                       I071151 01/07/2023       USD          327          654          464
01 37343954  15639  N  CASTAÑO INDIAS HP450 30CA                   3      1581      1581       000      4743       000  000  000  000  000  000         1  7592710003806       21313908       21313908   515588810001  N  0                       2232708 01/08/2024       USD          341         1022          464
01 37343954  11288  M  COLYPAN 200MG. X10TA                        4      1158      1287       516      4632       000  000  000 1000  000  000         1  7591821210264       21313929       21313929   515588810001  N  0                       2110476 01/10/2024       USD          250          998          464
01 37343954  VM494  M  DUROVAL 50MG. X10TA                         6      2011      2139       768     12066       000  000  000  600  000  000         1  7591020008440       21313908       21313908   515588810001  N  0                           643 01/08/2026       USD          433         2600          464
01 37343954  KV860  M  FEMMEX ULTRA 200/30 X10TA                   2       989       989       000      1978       000  000  000  000  000  000         1  7591821801004       21313857       21313857   515588810001  N  0                       2105194 01/05/2024       USD          213          426          464
01 37343954  LO009  M  SALBUTAMOL LO S.INH.15ML.                   6      2196      2196       000     13176       000  000  000  000  000  000         1  7591196002303       21313908       21313908   515588810001  N  0                        081604 01/08/2024       USD          473         2840          464
01 37343954  LO370  M  VOLTEN 0,1% SOL.OFT. 5ML.                   2      1435      1435       000      2870       000  000  000  000  000  000         1  7591196000538       21313857       21313857   515588810001  N  0                        091945 01/11/2023       USD          309          619          464
01 37343954  12081  M  XANEXTRA 500MG. IV X1A.                     2       599       749       300      1198       000  000  000 2000  000  000         1       75971335       21313884       21313884   515588810001  N  0                       2220220 01/11/2023       USD          129          258          464
01 37343954  14512  M  ACEVAL 180MG. SOL.PED.120                   4      1122      1122       000      4488       000  000  000  000  000  000         2  7591020008839       21313884       21313884   515588810002  N  0                            10 01/11/2023       USD          242          967          464
02 37343954         42         55262           000           000         55262    0    0    0  000    0    0    0   10/01/2022 08:21:41 p.m.   PR           000           000             0            12           USD          464        11910
