01 37345147  11795  M  AFLAMAX 50MG. X10TA                         6       488       488       000      2928       000  000  000  000  000  000         1  7591196007186       21315759       21315759   515610680001  N  0                       I111251 01/11/2023       USD          105          631          464
01 37345147  12247  C  AGUA OX. PAS 12%V40 120ML                   4       365       365       000      1460       234  000  000  000  000  000         1  7593723002565       21315759       21315759   515610680001  N  0                       2110477 01/10/2024       USD          079          315          464
01 37345147  12246  C  AGUA OX. PAS 6% V20 120ML                   4       365       365       000      1460       234  000  000  000  000  000         1  7593723002541       21315759       21315759   515610680001  N  0                       2111577 01/11/2024       USD          079          315          464
01 37345147  14702  M  AMOXICILINA KMP500 X10CA                   10       465       465       000      4650       000  000  000  000  000  000         1  6921875011134       21315759       21315759   515610680001  N  0                     213132056 01/03/2024       USD          100         1002          464
01 37345147  10189  M  AZITROMICINA BF500 X3CO                    10       683       683       000      6830       000  000  000  000  000  000         1  8470007069430       21315759       21315759   515610680001  N  0                      L2005971 01/04/2023       USD          147         1472          464
01 37345147  14949  M  AZITROMICINA PORT200 15ML                   8      1778      1778       000     14224       000  000  000  000  000  000         1  7750215017562       21314329       21314329   515610680001  N  0                       2091220 01/09/2023       USD          383         3066          464
01 37345147  VC310  M  BEVINDAZOL400 SUSP.10ML                     6       468       468       000      2808       000  000  000  000  000  000         1  7592782000055       21314237       21314237   515610680001  N  0                       2150004 01/05/2023       USD          101          605          464
01 37345147  12583  M  DICLOFENAC P. KMP50 X10TA                  30       179       179       000      5370       000  000  000  000  000  000         1  6942189211270       21314329       21314329   515610680001  N  0                        210301 01/03/2024       USD          039         1157          464
01 37345147  14564  M  HIOSCINA BUTI LAND10 X100                   1      6248      6248       000      6248       000  000  000  000  000  000         1  7598008000441       21315759       21315759   515610680001  N  0                         T9670 01/03/2024       USD         1347         1347          464
01 37345147  10152  M  KLINCOSAL 262-100 X30TM                     2      2860      2860       000      5720       000  000  000  000  000  000         1  7591619519111       21314237       21314237   515610680001  N  0                          0020 01/11/2022       USD          616         1233          464
01 37345147  11802  M  LEVONORGES MC0,75MG. X2TA                   4       819       819       000      3276       000  000  000  000  000  000         1   614143659058       21315759       21315759   515610680001  N  0                        210812 01/08/2024       USD          176          706          464
01 37345147  14571  M  LOPERAMIDA LAND2MG.X100TA                   1      2085      2085       000      2085       000  000  000  000  000  000         1  7598008000519       21315759       21315759   515610680001  N  0                     TL1040001 01/06/2024       USD          449          449          464
01 37345147  12574  M  METRONIDAZOL KMP500 X10TA                  12       329       329       000      3948       000  000  000  000  000  000         1  6921875010878       21314237       21314237   515610680001  N  0                       2107404 01/07/2024       USD          071          851          464
01 37345147  15911  M  NITROFURANTOI CLEO100 X10                   2       710       710       000      1420       000  000  000  000  000  000         1  7598677000377       21315759       21315759   515610680001  N  0                       21T0720 01/06/2024       USD          153          306          464
01 37345147  VC008  M  PAPAVERYL GOTAS 30ML.                       2      2080      2080       000      4160       000  000  000  000  000  000         1  7592782000611       21315759       21315759   515610680001  N  0                       2140001 01/04/2023       USD          448          897          464
01 37345147  DT370  N  SAL DE HIGUERA DT X12 20G                   1      5729      5729       000      5729       000  000  000  000  000  000         1 17591616001630       21315759       21315759   515610680001  N  0                        113503 01/10/2024       USD         1235         1235          464
01 37345147  10638  C  ARNICA FSI CREMA 90GR.                      2      1245      1245       000      2490       000  000  000  000  000  000         2  7592368003401       21315759       21315759   515610680002  N  0                       0821025 01/02/2023       USD          268          537          464
01 37345147  RQ013  C  GEL CHICHI ANTB 100G                        4       363       363       000      1452       232  000  000  000  000  000         2  7596097003565       21314237       21314237   515610680002  N  0                   00521872409 01/10/2026       USD          078          313          464
01 37345147  PO100  M  ACETOBEN JBE. 120ML.                        3      1300      1300       000      3900       000  000  000  000  000  000         3  7592806121018       21315759       21315759   515610680003  N  0                        109153 01/09/2024       USD          280          841          464
01 37345147  JN100  N  JENGIMIEL JBE.AD. 120ML.                    2      1736      1736       000      3472       000  000  000  000  000  000         3  7592520000019       21315759       21315759   515610680003  N  0                        011021 01/10/2024       USD          374          748          464
01 37345147  JN120  N  JENGIMIEL SABILA JBE.120ML.                 2      1736      1736       000      3472       000  000  000  000  000  000         3  7592520000033       21315759       21315759   515610680003  N  0                        011121 01/11/2024       USD          374          748          464
01 37345147  CO640  M  KATIVIL SOL.ORAL 90ML.                      2      2092      2202       220      4184       000  000  000  500  000  000         3  7591818244128       21315759       21315759   515610680003  N  0                         10387 01/09/2024       USD          451          902          464
01 37345147  11634  M  MUCOMAX 30MG. SOL.ORAL120                   2      1273      1498       450      2546       000  000  000 1500  000  000         3  7592616579061       21315759       21315759   515610680003  N  0                         10424 01/05/2023       USD          274          549          464
02 37345147        120         86970          6862           700         94532    0    0    0  000    0    0    0   11/01/2022 02:50:54 p.m.   PR           000           000             0            23           USD          464        20222
