01 37373284  LO539  M  AFLAMAX 50MG. X20TA                         4       682       853       684      2728       000  000  000 2000  000  000         1  7591196004451       21336814       21336814   515907790001  N  0                       I101230 01/11/2023       USD          149          596          458
01 37373284  LO104  M  AIRON 5MG. X10TAB.MAST.                     3      1006      1006       000      3018       000  000  000  000  000  000         1  7591196002549       21335179       21335179   515907790001  N  0                       I101219 01/10/2023       USD          220          659          458
01 37373284  14111  M  AMOXICILINA QF500 X8CA                     10       657       657       000      6570       000  000  000  000  000  000         1  7592236002024       21336814       21336814   515907790001  N  0                      BCA23004 01/01/2023       USD          143         1434          458
01 37373284  10189  M  AZITROMICINA BF500 X3CO                    12       683       683       000      8196       000  000  000  000  000  000         1  8470007069430       21335179       21335179   515907790001  N  0                       L200748 01/05/2023       USD          149         1790          458
01 37373284  CO265  M  CLORACE 500MG/4MG X10TA                     4      1156      1217       244      4624       000  000  000  500  000  000         1  7591818116043       21335179       21335179   515907790001  N  0                         10266 01/07/2024       USD          252         1010          458
01 37373284  LR460  M  FLUCONAZOL LF 150MG X 2CA                   6       501       501       000      3006       000  000  000  000  000  000         1  7594000020609       21335179       21335179   515907790001  N  0                         L2105 01/06/2023       USD          109          656          458
01 37373284  14782  M  IBUPRO-TIOCOL DAC600-4X10                   4      1481      1481       000      5924       000  000  000  000  000  000         1  7598578000247       21335179       21335179   515907790001  N  0                          V223 01/05/2024       USD          323         1293          458
01 37373284  LO439  M  LORATADINA LO 10MG. X10TA                   6       459       459       000      2754       000  000  000  000  000  000         1  7591196002990       21336814       21336814   515907790001  N  0                       I111250 01/11/2023       USD          100          601          458
01 37373284  CO185  M  MIOVIT GRAGEAS X10                          4       677       967      1160      2708       000  000  000 3000  000  000         1  7591818118030       21336814       21336814   515907790001  N  0                         10189 01/05/2024       USD          148          591          458
01 37373284  LO320  M  TODEX 0,3%-0,1%SU.OF.5ML                    3      1438      1438       000      4314       000  000  000  000  000  000         1  7591196000514       21335179       21335179   515907790001  N  0                        101326 01/11/2023       USD          314          942          458
01 37373284  12124  C  BOROCANFOR COOL.PVO.35GR                    2       689       689       000      1378       220  000  000  000  000  000         2       75971434       21336831       21336831   515907790002  N  0                       2111302 01/11/2023       USD          150          301          458
01 37373284  12123  C  BOROCANFOR ORIG.PVO.35GR                    2       689       689       000      1378       220  000  000  000  000  000         2       75971427       21336831       21336831   515907790002  N  0                       2111302 01/11/2023       USD          150          301          458
01 37373284  12250  C  DECOLORANTE POL AZUL 30GR                   2       588       588       000      1176       188  000  000  000  000  000         2  7593723001216       21335179       21335179   515907790002  N  0                       2012413 01/12/2023       USD          128          257          458
01 37373284  KA141  C  DERMOX LO.CORP. A.EDAD350                   1      1048      1048       000      1048       168  000  000  000  000  000         2  7590005183196       21335179       21335179   515907790002  N  0                       2111083 01/11/2023       USD          229          229          458
01 37373284  11849  C  EVERY N.GEL FIJ.POWER250                    2       711       711       000      1422       228  000  000  000  000  000         2  7590005168247       21335048       21335048   515907790002  N  0                       2110283 01/10/2023       USD          155          310          458
01 37373284  KL235  M  VIT C KL 100MG. JBE.120ML                   2      1300      1300       000      2600       000  000  000  000  000  000         3  7591619515021       21335048       21335048   515907790003  N  0                          0102 01/01/2023       USD          284          568          458
02 37373284         67         46442          6402          1024         53868    0    0    0  000    0    0    0   27/01/2022 12:37:51 p.m.   PR           000           000             0            16           USD          458        11538
