01 37379110  KH026  C  APLICADOR ALGODON X100 KX                   3       546       546       000      1638       262  000  000  000  000  000         1   813333012400       21338486       21338486   515955150001  N  0                      20080305 01/01/2030       USD          120          360          455
01 37379110  12084  M  BREXIN FORTE 650MG. X10TA                   6       516       543       162      3096       000  000  000  500  000  000         1  7591818716755       21338486       21338486   515955150001  N  0                         10233 01/06/2024       USD          113          680          455
01 37379110  13645  M  CEFADROXILO BUKA 500MGX10                   3      1326      1326       000      3978       000  000  000  000  000  000         1   675696259997       21338775       21338775   515955150001  N  0                        CDO201 01/05/2024       USD          291          874          455
01 37379110  13652  M  CETIRIZINA 10MGX10TA BUKA                  10       468       468       000      4680       000  000  000  000  000  000         1   675696260009       21338775       21338775   515955150001  N  0                       CTR1002 01/03/2024       USD          103         1029          455
01 37379110  11800  M  DICLOFENAC P.LO50MG.X10TA                  12       333       475      1704      3996       000  000  000 3000  000  000         1  7591196007230       21338486       21338486   515955150001  N  0                       I021100 01/03/2023       USD          073          878          455
01 37379110  12573  M  DIPIRONA KMP500MG. X10TA                    6       322       322       000      1932       000  000  000  000  000  000         1  6921875010861       21339119       21339119   515955150001  N  0                       2004434 01/04/2023       USD          071          425          455
01 37379110  SP011  M  FEXOFENADINA C. SP 120X10                   4       935       935       000      3740       000  000  000  000  000  000         1  7590027002437       21338775       21338775   515955150001  N  0                          1421 01/10/2023       USD          205          822          455
01 37379110  11802  M  LEVONORGES MC0,75MG. X2TA                   4       819       819       000      3276       000  000  000  000  000  000         1   614143659058       21338775       21338775   515955150001  N  0                        210812 01/08/2024       USD          180          720          455
01 37379110  14378  M  LOFNAC-50MG. X10 SUPOS.                     2      1950      1950       000      3900       000  000  000  000  000  000         1  8906009232256       21338486       21338486   515955150001  N  0                      K1ABM010 01/07/2023       USD          429          857          455
01 37379110  11351  M  MADECASSOL 1% UNG. 10GR.                    2      2168      2168       000      4336       000  000  000  000  000  000         1  7592348413824       21338547       21338547   515955150001  N  0                       2109025 01/09/2026       USD          476          953          455
01 37379110  15178  C  MENTOL DAVIS PLUS30G.TAR                    3       762       762       000      2286       366  000  000  000  000  000         1  7594001564027       21338486       21338486   515955150001  N  0                        210560 01/10/2024       USD          167          502          455
01 37379110  SP002  M  MONTELUKAST SP10MG. X10TA                   3      1057      1057       000      3171       000  000  000  000  000  000         1  7590027002154       21338547       21338547   515955150001  N  0                          1401 01/10/2023       USD          232          697          455
01 37379110  ED008  M  MUCLAR 30MG-5MG X10CO                       2      1157      1157       000      2314       000  000  000  000  000  000         1  7592803002594       21339910       21339910   515955150001  N  0                       2111674 01/11/2023       USD          254          509          455
01 37379110  LO414  M  NAS SOL.GOTAS AD. 15ML.                     4       666       740       296      2664       000  000  000 1000  000  000         1  7591196003140       21338547       21338547   515955150001  N  0                       I081177 01/08/2023       USD          146          585          455
01 37379110  16230  M  NIFEDIPINA NIO10MG. X30TA                   2       710       710       000      1420       000  000  000  000  000  000         1  7598869000208       21338486       21338486   515955150001  N  0                      21152701 01/07/2024       USD          156          312          455
01 37379110  14880  M  OMEPRAZOL FM20MG. X10CA                     6       338       338       000      2028       000  000  000  000  000  000         1  8906082150706       21338486       21338486   515955150001  N  0                         C1003 01/04/2024       USD          074          446          455
01 37379110  11043  N  SUSP. ESPECIAL FG 120ML.                    3      1117      1117       000      3351       000  000  000  000  000  000         1          00913       21338486       21338486   515955150001  N  0                          2416 01/07/2024       USD          245          736          455
01 37379110  ED185  M  VIZERUL 150MG. X10CO                        2      1404      1404       000      2808       000  000  000  000  000  000         1  7592803000989       21338486       21338486   515955150001  N  0                       2111679 01/11/2024       USD          309          617          455
01 37379110  ED660  M  VIZERUL 75MG. X10CO                         2      1014      1014       000      2028       000  000  000  000  000  000         1  7592803001153       21338486       21338486   515955150001  N  0                       2111683 01/11/2024       USD          223          446          455
01 37379110  PB089  C  OVERSKIN 40% CR. 50GR.                      4       914       914       000      3656       585  000  000  000  000  000         2  7591309000622       21339910       21339910   515955150002  N  0                      A2112431 01/12/2024       USD          201          804          455
01 37379110  PO100  M  ACETOBEN JBE. 120ML.                        4      1300      1300       000      5200       000  000  000  000  000  000         3  7592806121018       21338486       21338486   515955150003  N  0                        111197 01/11/2024       USD          286         1143          455
01 37379110  LN240  M  BENFLUX 15MG.JBE. 120ML.                    6      1515      1515       000      9090       000  000  000  000  000  000         3  7592348203005       21339910       21339910   515955150003  N  0                         41478 01/08/2024       USD          333         1998          455
01 37379110  CO011  M  MIOVIT JARABE 180ML.                        2      2790      2790       000      5580       000  000  000  000  000  000         3  7591818251393       21338486       21338486   515955150003  N  0                         10431 01/10/2023       USD          613         1226          455
01 37379110  13425  M  MIOVIT JBE SIN AZUCAR 90M                   2      1654      1654       000      3308       000  000  000  000  000  000         3  7591818716687       21338486       21338486   515955150003  N  0                         10069 01/02/2023       USD          364          727          455
01 37379110  CO110  M  MUCOBROL 4MG. JBE.120ML.                    4      2137      2137       000      8548       000  000  000  000  000  000         3  7591818112021       21339910       21339910   515955150003  N  0                         10298 01/07/2023       USD          470         1879          455
02 37379110        101         84444          7580          1213         93237    0    0    0  000    0    0    0   30/01/2022 01:17:17 p.m.   PR           000           000             0            25           USD          455        20225
