01 37374198  CO135  M  AIRFEN GOTAS NAS.PED.15ML                   2      1408      1408       000      2816       000  000  000  000  000  000         1  7591818111024       21336814       21336814   515907780001  N  0                         00341 01/08/2023       USD          307          615          458
01 37374198  PO170  M  ATROBEL 10MG. GOTAS 15ML.                   2      1638      1638       000      3276       000  000  000  000  000  000         1  7592806123012       21336831       21336831   515907780001  N  0                        104062 01/04/2023       USD          358          715          458
01 37374198  11114  C  CREM ENCIA NIÑA 100GR.                      2       497       497       000       994       159  000  000  000  000  000         1  7595751001381       21335179       21335179   515907780001  N  0                       2105027 01/05/2024       USD          109          217          458
01 37374198  11113  C  CREM ENCIA NIÑO 100GR.                      2       497       497       000       994       159  000  000  000  000  000         1  7595751001374       21335179       21335179   515907780001  N  0                       2105027 01/05/2024       USD          109          217          458
01 37374198  16566  M  DEXAMETASONA PORT 4MG X10                   1      6150      6150       000      6150       000  000  000  000  000  000         1  7750215026502       21335236       21335236   515907780001  N  0                       2013181 01/01/2024       USD         1343         1343          458
01 37374198  14915  M  DICLOFENAC P.MC50 X10TA                    30       243       243       000      7290       000  000  000  000  000  000         1   781159319723       21335179       21335179   515907780001  N  0                        201106 01/11/2023       USD          053         1592          458
01 37374198  15524  M  FLEMIBAR SOL.ORAL 20ML.                     2      1560      1560       000      3120       000  000  000  000  000  000         1  7591619000541       21335048       21335048   515907780001  N  0                          0002 01/10/2023       USD          341          681          458
01 37374198  PD390  M  FLEMICAINE SOL.TOP. 5ML.                    2      1300      1300       000      2600       000  000  000  000  000  000         1  7591955000489       21336831       21336831   515907780001  N  0                          0027 01/04/2024       USD          284          568          458
01 37374198  CO640  M  KATIVIL SOL.ORAL 90ML.                      2      2092      2202       220      4184       000  000  000  500  000  000         1  7591818244128       21335048       21335048   515907780001  N  0                         10387 01/09/2024       USD          457          914          458
01 37374198  LN155  M  LISOMUCIN 4MG. JBE.120ML.                   2      1239      1239       000      2478       000  000  000  000  000  000         1  7592348218009       21335236       21335236   515907780001  N  0                       2106006 01/06/2026       USD          271          541          458
01 37374198  15601  M  LORATADINA LO10MG. X125TA                   1      5161      5161       000      5161       000  000  000  000  000  000         1  7591196006219       21336814       21336814   515907780001  N  0                       I081173 01/08/2023       USD         1127         1127          458
01 37374198  14230  M  LOSARTAN P. H 50/12.5 X14                   4       689       689       000      2756       000  000  000  000  000  000         1  7598307000128       21336814       21336814   515907780001  N  0                         SM008 01/07/2023       USD          150          602          458
01 37374198  14375  M  PARACETA PORTU500 X100TA                    2      3705      3705       000      7410       000  000  000  000  000  000         1  7750215496886       21336814       21336814   515907780001  N  0                       2102871 01/10/2024       USD          809         1618          458
01 37374198  15964  M  SOL RINGER LACT. BC 500ML                   1      1430      1430       000      1430       000  000  000  000  000  000         1  7597767000075       21335179       21335179   515907780001  N  0                      21062519 01/06/2024       USD          312          312          458
01 37374198  12551  M  SUEROLITO 75MEQ FRESA400                    3      1300      1300       000      3900       000  000  000  000  000  000         1  7597767000020       21335179       21335179   515907780001  N  0                        1012F1 01/12/2023       USD          284          852          458
01 37374198  12552  M  SUEROLITO 75MEQ UVA400                      3      1300      1300       000      3900       000  000  000  000  000  000         1  7597767000037       21335179       21335179   515907780001  N  0                        0912U1 01/12/2023       USD          284          852          458
01 37374198  14390  M  SUEROLITO 75MEQ+Z CHIC400                   3      1300      1300       000      3900       000  000  000  000  000  000         1  7597767000334       21335179       21335179   515907780001  N  0                       1801CH1 01/01/2024       USD          284          852          458
01 37374198  12550  M  SUEROLITO 75MEQ+Z COCO40                    3      1300      1300       000      3900       000  000  000  000  000  000         1  7597767000013       21335179       21335179   515907780001  N  0                         268C1 01/08/2023       USD          284          852          458
01 37374198  EL320  M  TACHIPIRIN SUPOS. 250X6                     2      1301      1301       000      2602       000  000  000  000  000  000         1  7591062011378       21335179       21335179   515907780001  N  0                        20082A 01/07/2025       USD          284          568          458
01 37374198  FS510  N  VASELINA FSI 30GR.                          4       779       779       000      3116       000  000  000  000  000  000         1  7592368001049       21335048       21335048   515907780001  N  0                       0921057 01/08/2024       USD          170          680          458
02 37374198         73         69989          1988           318         72295    0    0    0  000    0    0    0   27/01/2022 03:32:48 p.m.   PR           000           000             0            20           USD          458        15716
