01 37389471  14108  M  ACETAMINOFEN 500MGX20                      24       451       451       000     10824       000  000  000  000  000  000         1  7592236001973       21347807       21347829   516059130001  N  0                     TA1460015 01/05/2024       USD          100         2389          453
01 37389471  QO290  M  ANALPER PLUS TAB. X10                       4      1936      1936       000      7744       000  000  000  000  000  000         1  7592454000796       21347807       21347829   516059130001  N  0                       3276608 01/10/2023       USD          427         1709          453
01 37389471  MO004  M  BROLAT 5MG/30MG. X10TA                      2      1430      1430       000      2860       000  000  000  000  000  000         1  7592601301578       21347836       21347836   516059130001  N  0                        135305 01/09/2024       USD          316          631          453
01 37389471  GQ224  M  CETIRIZINA ELTER JBE60CC.                   6       969       969       000      5814       000  000  000  000  000  000         1  7592454138239       21347807       21347829   516059130001  N  0                       3276178 01/09/2024       USD          214         1283          453
01 37389471  MK951  M  DOL 20BLIS. X4TAB.                          1      5688      5688       000      5688       000  000  000  000  000  000         1  7591519005974       21347807       21347829   516059130001  N  0                         32493 01/12/2024       USD         1256         1256          453
01 37389471  11347  C  ESPECULO VAG.CRISTA PRIMA                   2       605       605       000      1210       194  000  000  000  000  000         1  7596466000089       21347836       21347836   516059130001  N  0                           10X 01/09/2026       USD          134          267          453
01 37389471  AY317  C  ESPECULO VAGINAL M KX                       2       325       325       000       650       104  000  000  000  000  000         1   813333013957       21347836       21347836   516059130001  N  0                        210225 01/03/2026       USD          072          143          453
01 37389471  11285  M  FEBRIP 650MG. X14CO                         3       780       780       000      2340       000  000  000  000  000  000         1  7591619519210       21347807       21347829   516059130001  N  0                          0027 01/10/2022       USD          172          517          453
01 37389471  11652  M  MONTELUKAST LS10MG. X10TA                   4      1106      1106       000      4424       000  000  000  000  000  000         1  7592454891295       21347807       21347829   516059130001  N  0                       3500298 01/11/2023       USD          244          977          453
01 37389471  16159  M  MULTIVITAMINICO JL10ML.5A                   1      4388      4388       000      4388       000  000  000  000  000  000         1  7598650000912       21347807       21347829   516059130001  N  0                        N18407 01/05/2023       USD          969          969          453
01 37389471  16622  M  PULMOLIX 600 SO NRJA.10S.                   1      3657      3657       000      3657       000  000  000  000  000  000         1  7703763661060       21348180       21348180   516059130001  N  0                        H0815A 01/11/2023       USD          807          807          453
01 37389471  EL001  M  TALZIC 10MG. X10CO                          4       597       597       000      2388       000  000  000  000  000  000         1  7591062016700       21347807       21347829   516059130001  N  0                        21094A 01/12/2023       USD          132          527          453
02 37389471         54         50127          1860           298         52285    0    0    0  000    0    0    0   04/02/2022 4:13:09 p. m.   PR           000           000             0            12           USD          453        11476
