01 37397633  JV004  M  CARIBAN 10MG-10MG X30CO                     3      1115      1115       000      3345       000  000  000  000  000  000         1  7591585111050       21354438       21354438   516134480001  N  0                           001 01/10/2024       USD          248          745          449
01 37397633  13848  M  DICLOFENAC P. FM50 X10TA                   24       260       260       000      6240       000  000  000  000  000  000         1  8906082150621       21354353       21354353   516134480001  N  0                         T1072 01/12/2023       USD          058         1390          449
01 37397633  LR460  M  FLUCONAZOL LF 150MG X 2CA                   4       501       501       000      2004       000  000  000  000  000  000         1  7594000020609       21354353       21354353   516134480001  N  0                         L2105 01/06/2023       USD          112          446          449
01 37397633  15363  M  KETOPROFENO ADN100 X10TA                    6       595       595       000      3570       000  000  000  000  000  000         1  8904159499789       21354353       21354353   516134480001  N  0                       XT1B031 01/01/2024       USD          133          795          449
01 37397633  13087  N  LECHE MAGN. BF ORIG.120ML                   1      1686      1686       000      1686       000  000  000  000  000  000         1  7591616000902       21354353       21354353   516134480001  N  0                        212718 01/12/2023       USD          376          376          449
01 37397633  12186  M  MAXTHIO 4MG/2ML. IM X6A                     1      3528      3528       000      3528       000  000  000  000  000  000         1  8699525755247       21354438       21354438   516134480001  N  0                       A090486 01/11/2023       USD          786          786          449
01 37397633  12578  M  PENICILINA KMP 1.200.000U                   4       372       372       000      1488       000  000  000  000  000  000         1  6921875010762       21354353       21354353   516134480001  N  0                       2106403 01/06/2024       USD          083          331          449
01 37397633  12551  M  SUEROLITO 75MEQ FRESA400                    3      1300      1300       000      3900       000  000  000  000  000  000         1  7597767000020       21354353       21354353   516134480001  N  0                        1012F1 01/12/2023       USD          290          869          449
01 37397633  12552  M  SUEROLITO 75MEQ UVA400                      3      1300      1300       000      3900       000  000  000  000  000  000         1  7597767000037       21354353       21354353   516134480001  N  0                        0912U1 01/12/2023       USD          290          869          449
01 37397633  14390  M  SUEROLITO 75MEQ+Z CHIC400                   3      1300      1300       000      3900       000  000  000  000  000  000         1  7597767000334       21354353       21354353   516134480001  N  0                       1801CH1 01/01/2024       USD          290          869          449
01 37397633  PO100  M  ACETOBEN JBE. 120ML.                        4      1300      1300       000      5200       000  000  000  000  000  000         2  7592806121018       21354353       21354353   516134480002  N  0                        111197 01/11/2024       USD          290         1158          449
01 37397633  LT992  M  ZONTRICON 100MG.PPSO30ML                    1      3341      3341       000      3341       000  000  000  000  000  000         2  7591585118455       21354353       21354353   516134480002  N  0                           179 01/08/2024       USD          744          744          449
02 37397633         57         42102           000           000         42102    0    0    0  000    0    0    0   09/02/2022 04:25:05 p.m.   PR           000           000             0            12           USD          449         9377
