01 37400020  16062  M  CEFADET 500MG. X12CA                        2      1589      1589       000      3178       000  000  000  000  000  000         1   745687143328       21356368       21356368   516158920001  N  0                          L109 01/03/2023       USD          354          708          449
01 37400020  11802  M  LEVONORGES MC0,75MG. X2TA                   6       819       819       000      4914       000  000  000  000  000  000         1   614143659058       21356112       21356112   516158920001  N  0                        210812 01/08/2024       USD          182         1094          449
01 37400020  14300  M  NEUMOCORT INH.200MCGX200D                   1      4908      4908       000      4908       000  000  000  000  000  000         1  7795373012912       21356216       21356216   516158920001  N  0                           208 01/08/2023       USD         1093         1093          449
01 37400020  14880  M  OMEPRAZOL FM20MG. X10CA                     8       338       338       000      2704       000  000  000  000  000  000         1  8906082150706       21356342       21356342   516158920001  N  0                         C1003 01/04/2024       USD          075          602          449
01 37400020  14238  M  SILDENAFIL GDG.PH 50MGX2T                  10       228       228       000      2280       000  000  000  000  000  000         1  7598307000050       21356304       21356304   516158920001  N  0                         SM004 01/07/2023       USD          051          508          449
01 37400020  ED660  M  VIZERUL 75MG. X10CO                         2      1014      1014       000      2028       000  000  000  000  000  000         1  7592803001153       21356112       21356112   516158920001  N  0                       2111683 01/11/2024       USD          226          452          449
01 37400020  10500  C  LOCION CORP BABY CHIC200C                   2       746       746       000      1492       239  000  000  000  000  000         2  7596097001691       21356304       21356304   516158920002  N  0                   00321872404 01/07/2025       USD          166          332          449
01 37400020  10343  C  TALCO REFRES. DE PIES 90G                   2       638       638       000      1276       204  000  000  000  000  000         2  7596097000892       21356304       21356304   516158920002  N  0                   00321831404 01/07/2026       USD          142          284          449
01 37400020  14113  M  BROMEXINA 4MGX120ML                         6       655       655       000      3930       000  000  000  000  000  000         3  7598484000034       21356216       21356216   516158920003  N  0                           112 01/01/2024       USD          146          875          449
02 37400020         39         23942          2768           443         27153    0    0    0  000    0    0    0   10/02/2022 03:41:10 p.m.   PR           000           000             0             9           USD          449         5949
