01 37403940  GQ035  M  ALBENDAZOL LS 200MG. X2TA                   6       277       554      1662      1662       000  000  000 5000  000  000         1  7592454003261       21360163       21360163   516199540001  N  0                       3500116 01/10/2023       USD          062          373          446
01 37403940  GQ730  M  AMBROXOL ELTER30MG.AD120                    4      1798      1798       000      7192       000  000  000  000  000  000         1  7592454120302       21360163       21360163   516199540001  N  0                       3500480 01/01/2024       USD          403         1613          446
01 37403940  12133  M  AMOXICILINA BM500 X100CA                    1      6760      6760       000      6760       000  000  000  000  000  000         1  6930169708261       21360163       21360163   516199540001  N  0                        210434 01/04/2024       USD         1516         1516          446
01 37403940  12144  M  CEFIXIMA BM100MG.PPSO60ML                   2      2501      2501       000      5002       000  000  000  000  000  000         1  6930169708087       21360163       21360163   516199540001  N  0                        210935 01/09/2024       USD          561         1122          446
01 37403940  15081  M  CETIRIZINA BM10MG. X10TA                   12       473       473       000      5676       000  000  000  000  000  000         1  7598127001251       21360163       21360163   516199540001  N  0                        211029 01/10/2024       USD          106         1273          446
01 37403940  GQ224  M  CETIRIZINA ELTER JBE60CC.                   6       969       969       000      5814       000  000  000  000  000  000         1  7592454138239       21360248       21360248   516199540001  N  0                       3276112 01/09/2024       USD          217         1304          446
01 37403940  11288  M  COLYPAN 200MG. X10TA                        4      1421      1421       000      5684       000  000  000  000  000  000         1  7591821210264       21360163       21360163   516199540001  N  0                       2111602 01/11/2024       USD          319         1274          446
01 37403940  AH295  M  LASIX 20MG. X24CO                           2      1318      1318       000      2636       000  000  000  000  000  000         1  7591519317411       21360163       21360163   516199540001  N  0                         32254 01/10/2024       USD          296          591          446
01 37403940  15261  M  PREDNISOLONA BM5MG. X30TA                   2      1183      1183       000      2366       000  000  000  000  000  000         1  7598127001206       21360163       21360163   516199540001  N  0                        210950 01/09/2024       USD          265          530          446
02 37403940         39         42792           000           000         42792    0    0    0  000    0    0    0   14/02/2022 02:34:15 p.m.   PR           000           000             0             9           USD          446         9595
