01 37403665  16004  M  CARVEDILOL DIS12,5 X30TA                    2      1390      1635       490      2780       000  000  000 1500  000  000         1  7598252101666       21360176       21360176   516199520001  N  0                        210552 01/05/2024       USD          312          623          446
01 37403665  SP024  M  CARVEDILOL SP 6,25 X20CO                    2       813       813       000      1626       000  000  000  000  000  000         1  7590027002208       21360176       21360176   516199520001  N  0                           361 01/03/2023       USD          182          365          446
01 37403665  LT038  M  COVENTROL 6,25MG. X30CO                     2      1895      1895       000      3790       000  000  000  000  000  000         1  7591585265630       21360163       21360163   516199520001  N  0                           128 01/10/2023       USD          425          850          446
01 37403665  11347  C  ESPECULO VAG.CRISTA PRIMA                   2       605       605       000      1210       194  000  000  000  000  000         1  7596466000089       21360163       21360163   516199520001  N  0                           10X 01/09/2026       USD          136          271          446
01 37403665  LR460  M  FLUCONAZOL LF 150MG X 2CA                   4       501       501       000      2004       000  000  000  000  000  000         1  7594000020609       21360176       21360176   516199520001  N  0                         L2105 01/06/2023       USD          112          449          446
01 37403665  FA239  M  NOTOLAC 30MG. X4TA.SUBL.                    3      1235      1235       000      3705       000  000  000  000  000  000         1  7591821210134       21360248       21360248   516199520001  N  0                       2106107 01/07/2023       USD          277          831          446
01 37403665  14654  C  PRESERV SENSE CLAS X3                       2       656       729       146      1312       210  000  000 1000  000  000         1   742033994634       21360163       21360163   516199520001  N  0                      20BC001V 01/10/2025       USD          147          294          446
01 37403665  14656  C  PRESERV SENSE ULT.DEL.X3                    2       656       729       146      1312       210  000  000 1000  000  000         1   742033994658       21360163       21360163   516199520001  N  0                      20BC001V 01/10/2025       USD          147          294          446
01 37403665  10010  C  PRE TRATAMI GOLD SED380CC                   2      1008      1008       000      2016       323  000  000  000  000  000         2  7593723000882       21360163       21360163   516199520002  N  0                       2106276 01/06/2024       USD          226          452          446
02 37403665         21         13905          5850           936         20691    0    0    0  000    0    0    0   14/02/2022 1:43:43 p. m.   PR           000           000             0             9           USD          446         4429
