01 37429106  15618  M  AFTEROL 0,75MG. X2TA                        4       918       918       000      3672       000  000  000  000  000  000         1  7594001564157       21381638       21381638   516452720001  N  0                       21HT180 01/06/2024       USD          210          840          437
01 37429106  VC310  M  BEVINDAZOL400 SUSP.10ML                     6       468       468       000      2808       000  000  000  000  000  000         1  7592782000055       21381638       21381638   516452720001  N  0                       2160014 01/08/2023       USD          107          643          437
01 37429106  12025  M  CEFADROXILO DAC500 X10TA                    4      1563      1563       000      6252       000  000  000  000  000  000         1  7598578000070       21381638       21381638   516452720001  N  0                          V502 01/08/2023       USD          358         1431          437
01 37429106  13652  M  CETIRIZINA 10MGX10TA BUKA                   8       437       437       000      3496       000  000  000  000  000  000         1   675696260009       21381638       21381638   516452720001  N  0                       CTR1002 01/03/2024       USD          100          800          437
01 37429106  15631  M  CLOTRIMAZOL KMP1%CR. 20GR                   4       694       694       000      2776       000  000  000  000  000  000         1  6942189211331       21381638       21381638   516452720001  N  0                        210718 01/07/2024       USD          159          635          437
01 37429106  16225  M  ESOMEPRAZOL NIO20 X10TA                     2       684       684       000      1368       000  000  000  000  000  000         1  7598869000147       21381638       21381638   516452720001  N  0                      21153901 01/07/2024       USD          157          313          437
01 37429106  16226  M  ESOMEPRAZOL NIO40 X10TA                     2       788       788       000      1576       000  000  000  000  000  000         1  7598869000154       21381638       21381638   516452720001  N  0                      21154301 01/07/2024       USD          180          361          437
01 37429106  ZA102  M  EVIGAX 125MG. X10CA.BLA                     2      1906      1906       000      3812       000  000  000  000  000  000         1  7592432900032       21381638       21381638   516452720001  N  0                        220023 01/01/2025       USD          436          872          437
01 37429106  14340  M  FUROSEMIDA PX 40MG. X12CO                   4       341       341       000      1364       000  000  000  000  000  000         1  7594001100126       21381638       21381638   516452720001  N  0                          6113 01/10/2023       USD          078          312          437
01 37429106  13020  C  GEL ANTIB. CEREZA 60ML                      4       497       523       104      1988       318  000  000  500  000  000         1  7591635911708       21381638       21381638   516452720001  N  0                       0290721 01/07/2023       USD          114          455          437
01 37429106  VA551  M  KETAZOL 20MG. CREMA 15GR.                   3      1396      1396       000      4188       000  000  000  000  000  000         1  7592349429787       21381638       21381638   516452720001  N  0                       2111540 01/11/2026       USD          319          958          437
01 37429106  14846  M  KETOPROFENO ZIEL100 X5A                     1      3211      3211       000      3211       000  000  000  000  000  000         1  0781584377633       21381638       21381638   516452720001  N  0                     EP0121011 01/03/2023       USD          735          735          437
01 37429106  XS015  N  MIEL DE BORAX XS 30ML.                      6       586       586       000      3516       000  000  000  000  000  000         1  7594001451174       21381638       21381638   516452720001  N  0                      24012213 01/01/2024       USD          134          805          437
01 37429106  KN430  M  NEFROTAL H 100/12,5 X30CO                   2      2990      2990       000      5980       000  000  000  000  000  000         1  7591955558287       21381638       21381638   516452720001  N  0                          0027 01/08/2024       USD          684         1368          437
01 37429106  FA239  M  NOTOLAC 30MG. X4TA.SUBL.                    3      1235      1235       000      3705       000  000  000  000  000  000         1  7591821210134       21381638       21381638   516452720001  N  0                       2106107 01/07/2023       USD          283          848          437
01 37429106  11630  M  OMEFLUX 20MG. X10CA                        10       489       489       000      4890       000  000  000  000  000  000         1  7597758000060       21381638       21381638   516452720001  N  0                         DL211 01/02/2024       USD          112         1119          437
01 37429106  RZ360  M  SILDEX 50MG. X2TA                           6       299       299       000      1794       000  000  000  000  000  000         1  7594001101420       21381638       21381638   516452720001  N  0                          6135 01/10/2024       USD          068          411          437
01 37429106  15013  M  UDOX 75MG. X20CA                            3      1040      1040       000      3120       000  000  000  000  000  000         1  7592803004062       21381638       21381638   516452720001  N  0                       2108620 01/08/2023       USD          238          714          437
01 37429106  AV190  C  CR REPE.AVISPA100GR.TUBO                    2      1069      1125       112      2138       342  000  000  500  000  000         2  7591635000204       21381638       21381638   516452720002  N  0                       0521021 01/12/2023       USD          245          489          437
02 37429106         76         57528          4126           660         62314    0    0    0  000    0    0    0   04/03/2022 3:14:54 p. m.   PR           000           000             0            19           USD          437        14108
