01 37424935  EL009  M  BRUGESIC 200MG. X10CO                       2       580       580       000      1160       000  000  000  000  000  000         1  7591062902379       21377837       21377837   516410530001  N  0                        20066A 01/07/2022       USD          132          264          439
01 37424935  EL920  M  BRUGESIC 400MG. X10CO                       2       801       801       000      1602       000  000  000  000  000  000         1  7591062902546       21377837       21377837   516410530001  N  0                        21029A 01/06/2023       USD          182          365          439
01 37424935  15719  M  CETIRIZINA FM10MG. X10TA                    8       406       507       808      3248       000  000  000 2000  000  000         1  8906082150980       21377837       21377837   516410530001  N  0                       21ET064 01/07/2024       USD          092          740          439
01 37424935  13084  M  DAYZOL 600MG-4MG. X20CO                     1      3358      3358       000      3358       000  000  000  000  000  000         1  7591585117632       21377837       21377837   516410530001  N  0                           014 01/10/2023       USD          765          765          439
01 37424935  11464  C  GASAS EST.4X4 ALGOB X25S                    1      2162      2162       000      2162       346  000  000  000  000  000         1 17593255000418       21377837       21377837   516410530001  N  0                        121540 01/07/2026       USD          492          492          439
01 37424935  VA551  M  KETAZOL 20MG. CREMA 15GR.                   2      1396      1396       000      2792       000  000  000  000  000  000         1  7592349429787       21377837       21377837   516410530001  N  0                       2111540 01/11/2026       USD          318          636          439
01 37424935  15368  M  LEVOFLOXACIN 750MG. X5TA                    3      1291      1291       000      3873       000  000  000  000  000  000         1  8906109691250       21377837       21377837   516410530001  N  0                      E2109013 01/08/2024       USD          294          882          439
01 37424935  11802  M  LEVONORGES MC0,75MG. X2TA                   4       819       819       000      3276       000  000  000  000  000  000         1   614143659058       21377837       21377837   516410530001  N  0                        210812 01/08/2024       USD          187          746          439
01 37424935  14775  M  MELOXICAM LAT15MG. X10TA                    4       754       754       000      3016       000  000  000  000  000  000         1   720524031082       21377837       21377837   516410530001  N  0                        MX1001 01/05/2024       USD          172          687          439
01 37424935  NP024  M  NOTOLAC 20MG. X10TA                         3      1707      1707       000      5121       000  000  000  000  000  000         1  7591821902022       21377837       21377837   516410530001  N  0                       2111518 01/10/2024       USD          389         1167          439
01 37424935  FA239  M  NOTOLAC 30MG. X4TA.SUBL.                    3      1235      1235       000      3705       000  000  000  000  000  000         1  7591821210134       21377837       21377837   516410530001  N  0                       2106107 01/07/2023       USD          281          844          439
01 37424935  13505  M  PEDIALY MAX 60 COCO 500ML                   2      1309      1309       000      2618       000  000  000  000  000  000         1  7501033961540       21377837       21377837   516410530001  N  0                       33446MC 01/09/2023       USD          298          596          439
01 37424935  13507  M  PEDIALY MAX 60 FRES 500ML                   2      1309      1309       000      2618       000  000  000  000  000  000         1  7501033961557       21377837       21377837   516410530001  N  0                       33434MC 01/09/2023       USD          298          596          439
01 37424935  13506  M  PEDIALY MAX 60 UVA 500ML                    2      1309      1309       000      2618       000  000  000  000  000  000         1  7501033957376       21377837       21377837   516410530001  N  0                       34440MC 01/10/2023       USD          298          596          439
01 37424935  12579  M  PENICILINA KMP 2.400.00UI                   4       472       472       000      1888       000  000  000  000  000  000         1  6921875010779       21377837       21377837   516410530001  N  0                       2009461 01/09/2023       USD          108          430          439
01 37424935  ED224  M  TALERC 10MG. GOTAS 15ML.                    3       585       585       000      1755       000  000  000  000  000  000         1  7592803001825       21377837       21377837   516410530001  N  0                       2110662 01/10/2024       USD          133          400          439
01 37424935  XS024  N  VASELINA RECETTE 30GR.                      4       437       437       000      1748       280  000  000  000  000  000         1  7594001451891       21377837       21377837   516410530001  N  0                      01122125 01/11/2023       USD          100          398          439
01 37424935  12124  C  BOROCANFOR COOL.PVO.35GR                    2       689       689       000      1378       220  000  000  000  000  000         2       75971434       21377837       21377837   516410530002  N  0                       2112301 01/12/2023       USD          157          314          439
01 37424935  VT125  C  BOROCANFOR ORIG.POLVO 60GR                  2      1037      1037       000      2074       332  000  000  000  000  000         2       75930516       21377837       21377837   516410530002  N  0                       2112501 01/12/2023       USD          236          472          439
01 37424935  11845  C  EVERY N.GEL FIJ.FRESH250                    2       697       697       000      1394       223  000  000  000  000  000         2  7590005168223       21377837       21377837   516410530002  N  0                     PS2201044 01/01/2024       USD          159          318          439
01 37424935  11846  C  EVERY N.GEL FIJ.FRESH500                    2       979       979       000      1958       313  000  000  000  000  000         2  7590005168261       21377837       21377837   516410530002  N  0                       2201125 01/01/2024       USD          223          446          439
01 37424935  11843  C  EVERY N.GEL FIJ.WINNER250                   2       697       697       000      1394       223  000  000  000  000  000         2  7590005168216       21377837       21377837   516410530002  N  0                       2112016 01/12/2023       USD          159          318          439
01 37424935  11844  C  EVERY N.GEL FIJ.WINNER500                   2       979       979       000      1958       313  000  000  000  000  000         2  7590005168254       21377837       21377837   516410530002  N  0                       2111019 01/11/2023       USD          223          446          439
01 37424935  MG604  M  FULGRAM 600/42,9SUSP.60CC                   1      5611      5611       000      5611       000  000  000  000  000  000         3  7591585113139       21377837       21377837   516410530003  N  0                           347 01/11/2023       USD         1278         1278          439
01 37424935  ED320  M  LOREX JBE. 1MG. 60ML.                       4       806       806       000      3224       000  000  000  000  000  000         3  7592803000750       21377837       21377837   516410530003  N  0                       2110658 01/11/2024       USD          184          734          439
02 37424935         67         53231         12318          2251         67800    0    0    0  000    0    0    0   28/02/2022 10:27:19 a. m.   PR           000           000             0            25           USD          439        14931
