01 37427340  EL524  M  BRUGESICFORTE 200SUSP60ML                   2       958       958       000      1916       000  000  000  000  000  000         1  7591062013082       21379985       21379985   516434680001  N  0                        21001A 01/02/2023       USD          219          438          437
01 37427340  PD714  M  BUMELEX 1MG. X16CO                          2      2080      2080       000      4160       000  000  000  000  000  000         1  7591955000991       21379985       21379985   516434680001  N  0                          0052 01/09/2023       USD          476          952          437
01 37427340  12078  M  CLAUSY SUSP.ORAL X10 5ML.                   1      7670      7670       000      7670       000  000  000  000  000  000         1  8938540717015       21379985       21379985   516434680001  N  0                         11121 01/11/2023       USD         1755         1755          437
01 37427340  MK103  M  DIOSMINA +MK 600MG. X14TA                   2      3721      4134       826      7442       000  000  000 1000  000  000         1  7591519051193       21379985       21379985   516434680001  N  0                         32369 01/10/2024       USD          851         1703          437
01 37427340  MK579  M  DOL PLUS TAB. X10                           3      1158      1158       000      3474       000  000  000  000  000  000         1  7591519005134       21379985       21379985   516434680001  N  0                         32462 01/11/2024       USD          265          795          437
01 37427340  15130  C  EVERY N.BIO CH.CACAO 365                    2      1112      1112       000      2224       356  000  000  000  000  000         1  7590005164386       21379985       21379985   516434680001  N  0                       2111201 01/11/2023       USD          254          509          437
01 37427340  11602  M  METFORMINA SW850MG. X30TA                   2      1127      1127       000      2254       000  000  000  000  000  000         1  7705959880019       21379985       21379985   516434680001  N  0                       BCL0549 01/02/2024       USD          258          516          437
01 37427340  PG110  M  NINAZO GOTAS AD. 15ML.                     12       772       772       000      9264       000  000  000  000  000  000         1  7591821802957       21379985       21379985   516434680001  N  0                       2110350 01/04/2023       USD          177         2120          437
01 37427340  ED185  M  VIZERUL 150MG. X10CO                        2      1404      1404       000      2808       000  000  000  000  000  000         1  7592803000989       21379985       21379985   516434680001  N  0                       2111679 01/11/2024       USD          321          643          437
01 37427340  15548  C  DRENE TC PROH LISO350                       2      1352      1352       000      2704       433  000  000  000  000  000         2  7590005008666       21379985       21379985   516434680002  N  0                   PS2109122S2 01/09/2023       USD          309          619          437
01 37427340  12039  M  CEFADROXILO AL250 PPSO60                    2      2002      2002       000      4004       000  000  000  000  000  000         3  7597758000244       21379985       21379985   516434680003  N  0                         DL252 01/06/2024       USD          458          916          437
02 37427340         32         42992          4928           788         48708    0    0    0  000    0    0    0   03/03/2022 12:45:31 p. m.   PR           000           000             0            11           USD          437        10966
