01 37438437  GN121  M  AC FOLICO GN 10MG. X30CO                    2       854       854       000      1708       000  000  000  000  000  000         1  7591585271495       21389763       21389763   516548590001  N  0                           045 01/11/2023       USD          202          405          422
01 37438437  15632  M  ACICLOVIR KMP5% CR. 5GR.                    4       608       608       000      2432       000  000  000  000  000  000         1  6942189211324       21390012       21390012   516548590001  N  0                        201156 01/11/2023       USD          144          576          422
01 37438437  LT031  M  BIOTALOL 5MG. X30CO                         2      2252      2252       000      4504       000  000  000  000  000  000         1  7591585217165       21389763       21389763   516548590001  N  0                           120 01/11/2023       USD          534         1067          422
01 37438437  11803  M  CIPROFLOXACINA MC500X10TA                   6       562       562       000      3372       000  000  000  000  000  000         1   614143659027       21389763       21389763   516548590001  N  0                       B201204 01/11/2023       USD          133          799          422
01 37438437  12434  M  CLISMALAX ENEMA REC 100ML                   1      4859      4859       000      4859       000  000  000  000  000  000         1  7596654000013       21389763       21389763   516548590001  N  0                       2111011 01/11/2023       USD         1151         1151          422
01 37438437  11347  C  ESPECULO VAG.CRISTA PRIMA                   2       605       605       000      1210       194  000  000  000  000  000         1  7596466000089       21389763       21389763   516548590001  N  0                           10X 01/09/2026       USD          143          287          422
01 37438437  12593  C  GILLETTE SENSOR AFEI 2HX2                   3       477       477       000      1431       229  000  000  000  000  000         1   047400025318       21389763       21389763   516548590001  N  0                           10X 01/01/2030       USD          113          339          422
01 37438437  LC180  M  NASIN 0,5MG.SO.NASAL 15ML                   3      1139      1139       000      3417       000  000  000  000  000  000         1  7591585110930       21390485       21390485   516548590001  N  0                           173 01/11/2025       USD          270          810          422
01 37438437  16055  M  OVUMIX 300MG. X6 OV.VAG.                    1      3250      4063       813      3250       000  000  000 2000  000  000         1  7796285051501       21389763       21389763   516548590001  N  0                          4457 01/06/2024       USD          770          770          422
01 37438437  14374  M  PARACETA PORT120 JBE120ML                   2      1594      1594       000      3188       000  000  000  000  000  000         1  7750215575819       21389763       21389763   516548590001  N  0                       2088591 01/08/2024       USD          378          755          422
01 37438437  KL084  M  PLIDAN COMP.10-125  X10CO                   2      2990      2990       000      5980       000  000  000  000  000  000         1  7591619518695       21389763       21389763   516548590001  N  0                          0014 01/10/2024       USD          709         1417          422
01 37438437  LT041  M  RIFAMIX 200MG. X12CO                        1      5408      5408       000      5408       000  000  000  000  000  000         1  7591585119049       21390485       21390485   516548590001  N  0                           048 01/12/2024       USD         1282         1282          422
01 37438437  PB006  N  WAMPOLE EMUL.T.FRUTI240ML                   2       824       824       000      1648       264  000  000  000  000  000         2  7591309000967       21390012       21390012   516548590002  N  0                      A2112416 01/12/2023       USD          195          391          422
02 37438437         31         39766          2641           686         43093    0    0    0  000    0    0    0   13/03/2022 2:56:38 p. m.   PR           000           000             0            13           USD          422        10049
