01 37430346  10736  M  ACETAMINOFEN PX 650 X10TA                  12       386       386       000      4632       000  000  000  000  000  000         1  7594001101604       21382684       21382684   516463000001  N  0                          6236 01/02/2024       USD          089         1070          433
01 37430346  FS130  N  ACIDO BORICO FSI 20GR.X25                   1      7781      7781       000      7781       000  000  000  000  000  000         1  7592368001094       21382684       21382684   516463000001  N  0                       0122051 01/12/2023       USD         1797         1797          433
01 37430346  12230  C  AGUA OX. PAS 9% V30 120ML                   4       365       365       000      1460       234  000  000  000  000  000         1  7593723002558       21382684       21382684   516463000001  N  0                       2109448 01/09/2024       USD          084          337          433
01 37430346  14026  M  AZITROMICINA REYO500 X3TA                   3       909       909       000      2727       000  000  000  000  000  000         1  6921875011035       21382684       21382684   516463000001  N  0                       2101418 01/01/2024       USD          210          630          433
01 37430346  SP024  M  CARVEDILOL SP 6,25 X20CO                    2       813       813       000      1626       000  000  000  000  000  000         1  7590027002208       21382684       21382684   516463000001  N  0                           361 01/03/2023       USD          188          376          433
01 37430346  16532  M  CEFTRIAX 1GR POLV.SOL X1V                   4       482       482       000      1928       000  000  000  000  000  000         1 18904187804439       21382684       21382684   516463000001  N  0                        CI0028 01/06/2024       USD          111          445          433
01 37430346  SP110  M  COMPLEJO B SP COMPR. X 20                   2       936       936       000      1872       000  000  000  000  000  000         1  7590027000402       21382684       21382684   516463000001  N  0                           891 01/07/2023       USD          216          432          433
01 37430346  15085  M  COMPLEJO MULTIVIT.BM X30                    3      1403      1403       000      4209       000  000  000  000  000  000         1  7598127001213       21382684       21382684   516463000001  N  0                        210925 01/09/2024       USD          324          972          433
01 37430346  13848  M  DICLOFENAC P. FM50 X10TA                   24       208       260      1248      4992       000  000  000 2000  000  000         1  8906082150621       21381783       21381783   516463000001  N  0                         T1072 01/12/2023       USD          048         1153          433
01 37430346  14107  M  GENTAM+BETAM+CLOTRIX30CR                    3      1437      1437       000      4311       000  000  000  000  000  000         1  6930169708162       21382684       21382684   516463000001  N  0                        211005 01/10/2024       USD          332          996          433
01 37430346  15042  C  JER INSUL JD 30G/8MM X100                   1      4134      4134       000      4134       000  000  000  000  000  000         1  3926909907172       21382684       21382684   516463000001  N  0                      20200810 01/08/2025       USD          955          955          433
01 37430346  13480  M  LOSARTAN P. AG 50MGX30TA                    6       813       813       000      4878       000  000  000  000  000  000         1  7706569021618       21382684       21382684   516463000001  N  0                        20A781 01/01/2023       USD          188         1127          433
01 37430346  LC409  M  MIGREN 650-50-1 X10CO                       3      1143      1143       000      3429       000  000  000  000  000  000         1  7591585115737       21382684       21382684   516463000001  N  0                           546 01/02/2024       USD          264          792          433
01 37430346  LO414  M  NAS SOL.GOTAS AD. 15ML.                     6       703       740       222      4218       000  000  000  500  000  000         1  7591196003140       21382684       21382684   516463000001  N  0                       I081177 01/08/2023       USD          162          974          433
01 37430346  LO419  M  NAS SOL.NASAL PED.15ML.                     6       703       740       222      4218       000  000  000  500  000  000         1  7591196003027       21382684       21382684   516463000001  N  0                       I121265 01/12/2023       USD          162          974          433
01 37430346  14300  M  NEUMOCORT INH.200MCGX200D                   1      4908      4908       000      4908       000  000  000  000  000  000         1  7795373012912       21382684       21382684   516463000001  N  0                           208 01/08/2023       USD         1133         1133          433
01 37430346  LO524  M  OPAT SOL.OFT. 0,1% 5CC.                     2      1447      1447       000      2894       000  000  000  000  000  000         1  7591196003942       21382706       21382706   516463000001  N  0                        101088 01/10/2023       USD          334          668          433
01 37430346  13859  M  PIROXICAM 20MG. X10TA                       2      1002      1002       000      2004       000  000  000  000  000  000         1  7702605102327       21382684       21382684   516463000001  N  0                       B00979A 01/04/2023       USD          231          463          433
01 37430346  LP255  M  TOLNAFTAN CR. 30 GR.                        1      1820      1820       000      1820       000  000  000  000  000  000         1  7591955001639       21382684       21382684   516463000001  N  0                          0043 01/07/2025       USD          420          420          433
01 37430346  FS003  N  YODO BLANCO 30CC. X6                        1      3224      3224       000      3224       000  000  000  000  000  000         1  7592368000875       21382704       21382704   516463000001  N  0                       1021039 01/10/2023       USD          745          745          433
02 37430346         87         65671          5594           234         71499    0    0    0  000    0    0    0   07/03/2022 1:48:31 p. m.   PR           000           000             0            20           USD          433        16458
