01 37438404  QO490  M  ANALPER FEMPLUS200/10 X10                   2      1660      1660       000      3320       000  000  000  000  000  000         1  7592454003063       21389763       21389763   516548630001  N  0                       3272316 01/07/2023       USD          393          787          422
01 37438404  13642  M  ATENOLOL 50MG X30 TAB BUK                   3       728       728       000      2184       000  000  000  000  000  000         1  0675696259966       21389763       21389763   516548630001  N  0                        ANL701 01/11/2023       USD          173          518          422
01 37438404  15719  M  CETIRIZINA FM10MG. X10TA                   10       319       456      1370      3190       000  000  000 3000  000  000         1  8906082150980       21390012       21390012   516548630001  N  0                       21ET064 01/07/2024       USD          076          756          422
01 37438404  15525  M  CLOTRI-GENTA-BETA DAM15G.                   3      1986      1986       000      5958       000  000  000  000  000  000         1  7598668001116       21389763       21389763   516548630001  N  0                        210406 01/04/2024       USD          471         1412          422
01 37438404  GQ719  M  CLOTRI-NEO-DEXA ELTER20GR                   2      2490      2490       000      4980       000  000  000  000  000  000         1  7703763300051       21389763       21389763   516548630001  N  0                       3273468 01/08/2024       USD          590         1180          422
01 37438404  13656  M  ENALAPRIL 20MGX30TAB BUKA                   3       728       728       000      2184       000  000  000  000  000  000         1  0675696260047       21389763       21389763   516548630001  N  0                        EP2701 01/11/2023       USD          173          518          422
01 37438404  VC003  M  GENCIVOL COMPU SOL.15ML.                    2      1300      1300       000      2600       000  000  000  000  000  000         1  7592782000529       21389763       21389763   516548630001  N  0                       21A0017 01/11/2023       USD          308          616          422
01 37438404  GB850  M  GLICERINA GC SUPOS.AD. X6                   2      1932      1932       000      3864       000  000  000  000  000  000         1  7592349923957       21389763       21389763   516548630001  N  0                       2201170 01/01/2024       USD          458          916          422
01 37438404  AH235  M  HEXOMEDINE COLUT.AER.30GR                   2      2488      2488       000      4976       000  000  000  000  000  000         1  7591519317398       21390352       21390352   516548630001  N  0                         32627 01/02/2024       USD          590         1179          422
01 37438404  AH235  M  HEXOMEDINE COLUT.AER.30GR                   2      2488      2488       000      4976       000  000  000  000  000  000         1  7591519317398       21387876       21387876   516548630001  N  0                         32627 01/02/2024       USD          590         1179          422
01 37438404  15721  M  HIOSCINA FM10MG. X10TA                      6       819      1170      2106      4914       000  000  000 3000  000  000         1  8906082151024       21389763       21389763   516548630001  N  0                       21ET049 01/07/2024       USD          194         1164          422
01 37438404  14846  M  KETOPROFENO ZIEL100 X5A                     1      3211      3211       000      3211       000  000  000  000  000  000         1  0781584377633       21390012       21390012   516548630001  N  0                     EP0121011 01/03/2023       USD          761          761          422
01 37438404  LO414  M  NAS SOL.GOTAS AD. 15ML.                     4       666       740       296      2664       000  000  000 1000  000  000         1  7591196003140       21390012       21390012   516548630001  N  0                       I081171 01/08/2023       USD          158          631          422
01 37438404  PG110  M  NINAZO GOTAS AD. 15ML.                     12       718       772       648      8616       000  000  000  700  000  000         1  7591821802957       21390012       21390012   516548630001  N  0                       2110350 01/04/2023       USD          170         2042          422
01 37438404  14124  M  OMEFAR 20MG X14 CAP                        10       348       387       390      3480       000  000  000 1000  000  000         1  7592236002246       21390020       21390020   516548630001  N  0                      CO300005 01/04/2024       USD          082          825          422
01 37438404  11583  M  PERIDONT T.BUCAL 240ML.                     2      1500      1500       000      3000       000  000  000  000  000  000         1  7591196007193       21389763       21389763   516548630001  N  0                       I111246 01/12/2023       USD          355          711          422
01 37438404  12915  M  TOMYCIN SOL. OF 0.3% 5ML                    3       828       828       000      2484       000  000  000  000  000  000         1  7598055000098       21390012       21390012   516548630001  N  0                            80 01/11/2023       USD          196          589          422
01 37438404  BQ131  M  ACETAMINOFEN BQ120MG100ML                   8       961       961       000      7688       000  000  000  000  000  000         2  7594000850855       21390012       21390012   516548630002  N  0                        220207 01/02/2024       USD          228         1822          422
01 37438404  11942  M  SOL ISOTO ALFA 0,9% 500ML                   6       679       679       000      4074       000  000  000  000  000  000         2  7468999188032       21390022       21390022   516548630002  N  0                      S211025B 01/10/2025       USD          161          965          422
02 37438404         83         78363           000           000         78363    0    0    0  000    0    0    0   13/03/2022 2:45:54 p. m.   PR           000           000             0            19           USD          422        18569
