01 37443906  10189  M  AZITROMICINA BF500 X3CO                     6       728       728       000      4368       000  000  000  000  000  000         1  8470007069430       21394118       21394118   516602640001  N  0                       L200748 01/05/2023       USD          170         1023          427
01 37443906  LN255  M  BROMEXINA LN 8MG.JBE120ML                   3      1313      1313       000      3939       000  000  000  000  000  000         1  7592348204002       21394118       21394118   516602640001  N  0                       2202005 01/02/2025       USD          307          922          427
01 37443906  14381  M  CLOTRIMAZ TIA100 X6TA.VAG                   6      1040      1040       000      6240       000  000  000  000  000  000         1  8904187829503       21394232       21394232   516602640001  N  0                         T9910 01/06/2024       USD          244         1461          427
01 37443906  14694  M  DEXAMETASONA KMP4 1ML.10A                   1      1693      1693       000      1693       000  000  000  000  000  000         1  6942189211256       21394118       21394118   516602640001  N  0                        210791 01/07/2024       USD          396          396          427
01 37443906  14695  M  DEXAMETASONA KMP8 2ML.10A                   1      2503      2503       000      2503       000  000  000  000  000  000         1  6942189211263       21394118       21394118   516602640001  N  0                        210792 01/07/2024       USD          586          586          427
01 37443906  15898  M  DICLOFENAC S.RONA75 X10A                    2      1274      1274       000      2548       000  000  000  000  000  000         1  7598295000056       21394118       21394118   516602640001  N  0                     202007101 01/06/2023       USD          298          597          427
01 37443906  12186  M  MAXTHIO 4MG/2ML. IM X6A                     1      3349      3349       000      3349       000  000  000  000  000  000         1  8699525755247       21394118       21394118   516602640001  N  0                       A096718 01/09/2024       USD          784          784          427
01 37443906  14373  M  PARACETA PORT100 GTAS10ML                   2       853       853       000      1706       000  000  000  000  000  000         1  7750215074299       21394118       21394118   516602640001  N  0                       2110021 01/11/2024       USD          200          400          427
01 37443906  EL172  M  PEREBRON JBE.PED.FRANB120                   2      1084      1084       000      2168       000  000  000  000  000  000         1  7591062011200       21394118       21394118   516602640001  N  0                        22003A 01/02/2024       USD          254          508          427
01 37443906  LT930  M  VIASEK 50MG. X2CO                           4       849       849       000      3396       000  000  000  000  000  000         1  7591585111005       21394118       21394118   516602640001  N  0                           096 01/02/2025       USD          199          795          427
01 37443906  ET340  C  ADEMINA PLUS CR.CORP.30GR                   2      1169      1169       000      2338       374  000  000  000  000  000         2  7591844000439       21394232       21394232   516602640002  N  0                    AP30210100 01/01/2024       USD          274          548          427
01 37443906  14192  C  KODAK BAT SUPER RES 9VX1                    2       642       642       000      1284       205  000  000  000  000  000         2   887930635409       21394118       21394118   516602640002  N  0                           10X 01/01/2030       USD          150          301          427
01 37443906  14113  M  BROMEXINA 4MGX120ML                         4       655       655       000      2620       000  000  000  000  000  000         3  7598484000034       21394243       21394243   516602640003  N  0                          1122 01/02/2024       USD          153          614          427
01 37443906  GN759  M  DESLORATADINA GN S.ORAL60                   4      1083      1083       000      4332       000  000  000  000  000  000         3  7591585177445       21394118       21394118   516602640003  N  0                           053 01/08/2023       USD          254         1015          427
01 37443906  EL167  M  PEREBRON JBE.AD.FRANB120                    2      1347      1347       000      2694       000  000  000  000  000  000         3  7591062011217       21394118       21394118   516602640003  N  0                        22001A 01/02/2025       USD          315          631          427
01 37443906  EL374  M  TACHIPIRIN FORTE SUSP.120                   6      1054      1054       000      6324       000  000  000  000  000  000         3  7591062017301       21394118       21394118   516602640003  N  0                        22019A 01/02/2025       USD          247         1481          427
02 37443906         48         47880          3622           580         52082    0    0    0  000    0    0    0   16/03/2022 2:26:33 p. m.   PR           000           000             0            16           USD          427        12061
