01 37448898  15264  M  ACETAMINOFEN BM800 X10TA                    6       381       423       252      2286       000  000  000 1000  000  000         1  7598127000988       21398837       21398837   516653260001  N  0                        210398 01/03/2024       USD          088          530          431
01 37448898  11336  M  ANTAAR 10MG. X30TA                          2      2573      2859       572      5146       000  000  000 1000  000  000         1  7591519051902       21398837       21398837   516653260001  N  0                         32278 01/09/2023       USD          597         1194          431
01 37448898  10827  M  ANTAAR 5MG. X30TA                           2      1895      2106       422      3790       000  000  000 1000  000  000         1  7591519051896       21398837       21398837   516653260001  N  0                         32501 01/12/2024       USD          440          879          431
01 37448898  16228  M  ATORVASTATINA NIO20 X30TA                   2      1269      1269       000      2538       000  000  000  000  000  000         1  7598869000116       21398837       21398837   516653260001  N  0                      21153201 01/07/2024       USD          294          589          431
01 37448898  12570  M  BUDECORT SOL.P INHAL10ML.                   3      2194      2194       000      6582       000  000  000  000  000  000         1  7591196007162       21398850       21398850   516653260001  N  0                        111260 01/11/2023       USD          509         1527          431
01 37448898  13848  M  DICLOFENAC P. FM50 X10TA                   20       164       234      1400      3280       000  000  000 3000  000  000         1  8906082150621       21398850       21398850   516653260001  N  0                         T1072 01/12/2023       USD          038          761          431
01 37448898  MK076  M  ENALAPRIL +MK 20MG.X30TA                    3       774       910       408      2322       000  000  000 1500  000  000         1  7591519051643       21398837       21398837   516653260001  N  0                         32344 01/10/2023       USD          180          539          431
01 37448898  14107  M  GENTAM+BETAM+CLOTRIX30CR                    2      1293      1437       288      2586       000  000  000 1000  000  000         1  6930169708162       21398837       21398837   516653260001  N  0                        211005 01/10/2024       USD          300          600          431
01 37448898  AP310  M  LIPONTAL 900MG. X10TA                       3      1820      1820       000      5460       000  000  000  000  000  000         1  7592601200239       21398837       21398837   516653260001  N  0                        124604 01/09/2023       USD          422         1267          431
01 37448898  15601  M  LORATADINA LO10MG. X125TA                   1      6258      6258       000      6258       000  000  000  000  000  000         1  7591196006219       21398837       21398837   516653260001  N  0                       I081173 01/08/2023       USD         1452         1452          431
01 37448898  14452  M  LOSARTAN P. BIU100 X30TA                    3      1654      1654       000      4962       000  000  000  000  000  000         1  8901463129937       21398837       21398837   516653260001  N  0                     FLB62002A 01/08/2023       USD          384         1151          431
01 37448898  16223  M  MELOXICAM NIO15MG. X10TA                    6       710       710       000      4260       000  000  000  000  000  000         1  7598869000178       21398837       21398837   516653260001  N  0                      21154201 01/07/2024       USD          165          988          431
01 37448898  MO140  M  PERTEN CREMA 1% 20GR.                       2      1437      1690       506      2874       000  000  000 1500  000  000         1  7592601101154       21398837       21398837   516653260001  N  0                        133202 01/08/2024       USD          333          667          431
01 37448898  LO940  M  QUINOCORT SUSP.OFT. 5CC.                    3      1745      1745       000      5235       000  000  000  000  000  000         1  7591196002273       21398837       21398837   516653260001  N  0                        071449 01/07/2023       USD          405         1215          431
01 37448898  15082  M  SANA 2% CR.VAG. 20GR.                       2      1263      1403       280      2526       000  000  000 1000  000  000         1  7598127001091       21398837       21398837   516653260001  N  0                        210310 01/03/2024       USD          293          586          431
01 37448898  PA033  M  SAX SOL. VAGINAL 135 CC.                    2      1456      1456       000      2912       000  000  000  000  000  000         1  7591241846609       21398837       21398837   516653260001  N  0                       9228302 01/09/2024       USD          338          676          431
01 37448898  11942  M  SOL ISOTO ALFA 0,9% 500ML                   6       679       679       000      4074       000  000  000  000  000  000         2  7468999188032       21398850       21398850   516653260002  N  0                      S211025B 01/10/2025       USD          158          945          431
02 37448898         68         67091           000           000         67091    0    0    0  000    0    0    0   21/03/2022 11:18:39 a. m.   PR           000           000             0            17           USD          431        15566
