01 37451559  GQ107  M  ACETAMINOFEN ELTER JBE120                  12       692       692       000      8304       000  000  000  000  000  000         1  7592454003100       21400996       21400996   516682760001  N  0                       3500809 01/03/2025       USD          161         1931          430
01 37451559  RZ170  M  ACIDO FOLICO PX5MG. X30TA                   4       479       504       100      1916       000  000  000  500  000  000         1  7594001101314       21400996       21400996   516682760001  N  0                          6170 01/11/2025       USD          111          446          430
01 37451559  GQ720  M  AMBROXOL ELTER15MG.PED120                   3      1383      1383       000      4149       000  000  000  000  000  000         1  7592454120203       21400996       21400996   516682760001  N  0                       3500478 01/01/2024       USD          322          965          430
01 37451559  LO444  M  APIRET 180SOL.ORAL 120ML.                   8      1096      1096       000      8768       000  000  000  000  000  000         1  7591196002785       21400996       21400996   516682760001  N  0                       I012302 01/02/2024       USD          255         2039          430
01 37451559  13970  M  BETADINE JAB.LIQ. 180ML                     1      4082      4082       000      4082       000  000  000  000  000  000         1  7591821102217       21400996       21400996   516682760001  N  0                       2111553 01/11/2023       USD          949          949          430
01 37451559  11248  M  CRISOMET 50-500 X10TA                       2      2594      2594       000      5188       000  000  000  000  000  000         1  7591821210332       21400996       21400996   516682760001  N  0                       2107128 01/08/2023       USD          603         1207          430
01 37451559  MK953  M  DOL PLUS 20BLIS X4TAB.650                   1      6614      6614       000      6614       000  000  000  000  000  000         1  7591519006599       21400996       21400996   516682760001  N  0                         32586 01/02/2025       USD         1538         1538          430
01 37451559  VM494  M  DUROVAL 50MG. X10TA                         3      2197      2197       000      6591       000  000  000  000  000  000         1  7591020008440       21400996       21400996   516682760001  N  0                           644 01/08/2026       USD          511         1533          430
01 37451559  14426  M  HIDROCOR AL500IM/IM X1AM                    1      2323      2323       000      2323       000  000  000  000  000  000         1  7597758000695       21400996       21400996   516682760001  N  0                       2120171 01/07/2023       USD          540          540          430
01 37451559  15721  M  HIOSCINA FM10MG. X10TA                      4       819      1170      1404      3276       000  000  000 3000  000  000         1  8906082151024       21400996       21400996   516682760001  N  0                       21ET049 01/07/2024       USD          190          762          430
01 37451559  15082  M  SANA 2% CR.VAG. 20GR.                       2      1263      1403       280      2526       000  000  000 1000  000  000         1  7598127001091       21401246       21401246   516682760001  N  0                        210310 01/03/2024       USD          294          587          430
01 37451559  LO320  M  TODEX 0,3%-0,1%SU.OF.5ML                    2      1438      1438       000      2876       000  000  000  000  000  000         1  7591196000514       21401106       21401106   516682760001  N  0                        111489 01/01/2024       USD          334          669          430
02 37451559         43         56613           000           000         56613    0    0    0  000    0    0    0   22/03/2022 1:37:04 p. m.   PR           000           000             0            12           USD          430        13166
