01 37476406  13421  M  APLACAL SAB.MAN750MGX 10T                   1      1365      1365       000      1365       000  000  000  000  000  000         1  7592601303169       21422657       21422657   516919490001  N  0                        239701 01/02/2024       USD          310          310          441
01 37476406  13422  M  APLACAL SAB.MEN750MGX10T                    1      1365      1365       000      1365       000  000  000  000  000  000         1  7592601303152       21422657       21422657   516919490001  N  0                        239801 01/02/2024       USD          310          310          441
01 37476406  14234  M  CLONEDEX 1+0.50+0.04 X20G                   4      1287      1287       000      5148       000  000  000  000  000  000         1  7598578000117       21422657       21422657   516919490001  N  0                            58 01/08/2023       USD          292         1167          441
01 37476406  VM384  M  DUROVAL 100MG. X1TA                         6       499       499       000      2994       000  000  000  000  000  000         1  7591020006330       21422657       21422657   516919490001  N  0                            22 01/07/2026       USD          113          679          441
01 37476406  GN146  M  ENALAPRIL GN 20MG. X30CO                    4       489       611       488      1956       000  000  000 2000  000  000         1  7591585378538       21422657       21422657   516919490001  N  0                           429 01/12/2023       USD          111          444          441
01 37476406  15914  M  ESCITALOPRAM CLEO5MG.30TA                   3       823       823       000      2469       000  000  000  000  000  000         1  7598677000414       21422657       21422657   516919490001  N  0                       21T0718 01/06/2024       USD          187          560          441
01 37476406  LR460  M  FLUCONAZOL LF 150MG X 2CA                   4       514       514       000      2056       000  000  000  000  000  000         1  7594000020609       21422657       21422657   516919490001  N  0                         L2105 01/06/2023       USD          117          466          441
01 37476406  NP640  M  MACRODANTINA 50MG. X30CA                    1      3549      3549       000      3549       000  000  000  000  000  000         1  7591821901858       21422657       21422657   516919490001  N  0                       2111563 01/11/2024       USD          805          805          441
01 37476406  ZP007  M  REFLUXYL SUSP.ORAL 120ML.                   1      3528      3528       000      3528       000  000  000  000  000  000         1  7591651722937       21422657       21422657   516919490001  N  0                       2201093 01/01/2024       USD          800          800          441
01 37476406  KV204  M  TERAGRIP FORTE GRAN.X6SOB                   3      1976      1976       000      5928       000  000  000  000  000  000         1  7591821802490       21422657       21422657   516919490001  N  0                       2203490 01/03/2024       USD          448         1344          441
01 37476406  BQ001  M  AMBROXOL BQ. 15MG.120ML.                    3      1141      1141       000      3423       000  000  000  000  000  000         2  7594000850909       21422657       21422657   516919490002  N  0                        220205 01/02/2025       USD          259          776          441
01 37476406  14113  M  BROMEXINA 4MGX120ML                         4       655       655       000      2620       000  000  000  000  000  000         2  7598484000034       21422657       21422657   516919490002  N  0                          1122 01/02/2024       USD          149          594          441
02 37476406         35         36401           000           000         36401    0    0    0  000    0    0    0   07/04/2022 11:50:45 a. m.   PR           000           000             0            12           USD          441         8254
