01 37487949  ET340  C  ADEMINA PLUS CR.CORP.30GR                   3      1169      1169       000      3507       561  000  000  000  000  000         1  7591844000439       21434468       21434468   517037610001  N  0                    AP30210100 01/01/2024       USD          263          790          444
01 37487949  AV190  C  CR REPE.AVISPA100GR.TUBO                    2      1149      1149       000      2298       368  000  000  000  000  000         1  7591635000204       21434468       21434468   517037610001  N  0                       0470921 01/09/2023       USD          259          518          444
01 37487949  RN100  C  GERDEX SOL. 240 CC.                         3       645       645       000      1935       310  000  000  000  000  000         1  7591838000025       21434468       21434468   517037610001  N  0                       A242003 01/02/2025       USD          145          436          444
01 37487949  14192  C  KODAK BAT SUPER RES 9VX1                    2       642       642       000      1284       205  000  000  000  000  000         1   887930635409       21434468       21434468   517037610001  N  0                           10X 01/07/2024       USD          145          289          444
01 37487949  SQ170  C  LUBRIX GEL FRESA 60CC.                      2      1104      1104       000      2208       353  000  000  000  000  000         1  7592904000444       21434468       21434468   517037610001  N  0                           140 01/11/2024       USD          249          497          444
01 37487949  SQ180  C  LUBRIX GEL LUB.CHOCO60CC.                   2      1104      1104       000      2208       353  000  000  000  000  000         1  7592904000437       21434468       21434468   517037610001  N  0                           203 01/01/2025       USD          249          497          444
01 37487949  LM210  C  OLMAX CH. A.CASPA 140CC.                    2      1723      1853       260      3446       551  000  000  700  000  000         1  7592025101211       21434468       21434468   517037610001  N  0                        201022 01/04/2024       USD          388          776          444
01 37487949  CV220  C  SANALO CR. FACIAL 30GR.                     2       754       754       000      1508       241  000  000  000  000  000         1  7591138073323       21434468       21434468   517037610001  N  0                        210691 01/12/2024       USD          170          340          444
01 37487949  BQ001  M  AMBROXOL BQ. 15MG.120ML.                    3      1141      1141       000      3423       000  000  000  000  000  000         2  7594000850909       21434468       21434468   517037610002  N  0                        220205 01/02/2025       USD          257          771          444
01 37487949  14113  M  BROMEXINA 4MGX120ML                         3       655       655       000      1965       000  000  000  000  000  000         2  7598484000034       21434468       21434468   517037610002  N  0                          1122 01/02/2024       USD          148          443          444
01 37487949  GN019  M  CETIRIZINA GN SOL. 60ML.                    6       665       950      1710      3990       000  000  000 3000  000  000         2  7591585174598       21434468       21434468   517037610002  N  0                           086 01/02/2025       USD          150          899          444
01 37487949  10614  N  CITRATO POTASIO10%FSI240                    2      1520      1520       000      3040       000  000  000  000  000  000         2  7592368003456       21434468       21434468   517037610002  N  0                       1221075 01/12/2022       USD          342          685          444
01 37487949  GN759  M  DESLORATADINA GN S.ORAL60                   6      1076      1076       000      6456       000  000  000  000  000  000         2  7591585177445       21434468       21434468   517037610002  N  0                           053 01/08/2023       USD          242         1454          444
01 37487949  XS020  N  GLICERINA XS 30ML.                          8       454       454       000      3632       581  000  000  000  000  000         2  7594001450696       21434468       21434468   517037610002  N  0                      07022243 01/11/2024       USD          102          818          444
01 37487949  BQ250  M  IBUPROFENO BQ SUSP.120ML.                   3      1093      1093       000      3279       000  000  000  000  000  000         2  7594000850466       21434468       21434468   517037610002  N  0                        220305 01/03/2025       USD          246          739          444
01 37487949  LL200  M  MERTHIOLATE SOL.INCO60ML.                   1      1769      1769       000      1769       000  000  000  000  000  000         2  7592349953077       21434468       21434468   517037610002  N  0                       2201040 01/01/2024       USD          398          398          444
01 37487949  EL374  M  TACHIPIRIN FORTE SUSP.120                   3      1054      1054       000      3162       000  000  000  000  000  000         2  7591062017301       21434468       21434468   517037610002  N  0                        22019A 01/02/2025       USD          237          712          444
02 37487949         53         30716         18394          3524         52634    0    0    0  000    0    0    0   18/04/2022 03:42:35 p.m.   PR           000           000             0            17           USD          444        11061
