01 37488593  LC309  M  ALIVET 4DIAS 8D-4N X12CO                    2      1608      1608       000      3216       000  000  000  000  000  000         1  7591585116000       21436312       21436312   517056110001  N  0                          7352 01/11/2023       USD          362          724          444
01 37488593  LC424  M  ALIVETNOC FORTE GRAN.6SOB                   3      1910      1910       000      5730       000  000  000  000  000  000         1  7591585116673       21436312       21436312   517056110001  N  0                           055 01/03/2024       USD          430         1291          444
01 37488593  16229  M  ATORVASTATINA NIO40 X30TA                   3      1738      1738       000      5214       000  000  000  000  000  000         1  7598869000109       21436369       21436369   517056110001  N  0                      21153301 01/07/2024       USD          391         1174          444
01 37488593  14950  M  BETAMETASO PORT0,05%CR20G                   2      1134      1260       252      2268       000  000  000 1000  000  000         1  7750215023396       21436301       21436301   517056110001  N  0                       2070551 01/07/2025       USD          255          511          444
01 37488593  12412  M  BETNOWELL-4 4MG/ML X10AMP                   2      2183      2183       000      4366       000  000  000  000  000  000         1  8904307701146       21436312       21436312   517056110001  N  0                        ALZ130 01/11/2023       USD          492          983          444
01 37488593  GN176  M  CARBAMAZEPINA GN 200X30CO                   4      1949      2165       864      7796       000  000  000 1000  000  000         1  7591585278265       21436301       21436301   517056110001  N  0                           335 01/01/2027       USD          439         1756          444
01 37488593  12434  M  CLISMALAX ENEMA REC 100ML                   1      4859      4859       000      4859       000  000  000  000  000  000         1  7596654000013       21436301       21436301   517056110001  N  0                       2202012 01/02/2024       USD         1094         1094          444
01 37488593  14215  M  DECOBEL 0.5MG X30TA                         2      1482      1482       000      2964       000  000  000  000  000  000         1  7592806133110       21436301       21436301   517056110001  N  0                        109159 01/09/2023       USD          334          668          444
01 37488593  LT414  M  DIKLASON 75MG. 3ML. X1A                     3      2215      2215       000      6645       000  000  000  000  000  000         1  7591585219275       21436301       21436301   517056110001  N  0                           034 01/06/2023       USD          499         1497          444
01 37488593  15997  M  ENEMAX-P SOL. 66.6ML.                       1      3276      4095       819      3276       000  000  000 2000  000  000         1  8904271594652       21436301       21436301   517056110001  N  0                        WS2124 01/03/2024       USD          738          738          444
01 37488593  AY298  C  GASAS ESTER KX4X4 50-S X2                   1      7150      7150       000      7150      1144  000  000  000  000  000         1 10813333014173       21436301       21436301   517056110001  N  0                      21021307 01/04/2026       USD         1610         1610          444
01 37488593  14124  M  OMEFAR 20MG X14 CAP                         8       387       387       000      3096       000  000  000  000  000  000         1  7592236002246       21436301       21436301   517056110001  N  0                      CO300005 01/04/2024       USD          087          697          444
02 37488593         32         49430          7150          1144         57724    0    0    0  000    0    0    0   20/04/2022 11:02:41 a. m.   PR           000           000             0            12           USD          444        12743
