01 37487681  16284  M  ACETAFEN FORTE SU.ORAL120                   4       750       750       000      3000       000  000  000  000  000  000         1  7591616002142       21434468       21434468   517037590001  N  0                        227204 01/03/2024       USD          169          676          444
01 37487681  ZV002  N  ARNICA CR.40GR.VIHOM                        2       809       809       000      1618       000  000  000  000  000  000         1  7593533000409       21434468       21434468   517037590001  N  0                     020322821 01/03/2025       USD          182          364          444
01 37487681  16794  M  BUMELEX 0,5MG/2ML. X3A                      2      2340      2340       000      4680       000  000  000  000  000  000         1  7591955001004       21434468       21434468   517037590001  N  0                          0013 01/10/2024       USD          527         1054          444
01 37487681  16707  M  CEFIXIMA DAC400MG. X10TA                    4      2503      2503       000     10012       000  000  000  000  000  000         1  7598578000445       21434468       21434468   517037590001  N  0                          V512 01/08/2023       USD          564         2255          444
01 37487681  15323  M  COMPLEBREZ 100/6 PSI 150D                   1      7872     14313      6441      7872       000  000  000 4500  000  000         1  8904091110162       21434468       21434468   517037590001  N  0                      12200541 01/08/2022       USD         1773         1773          444
01 37487681  13577  C  GASA EST.4X4 X50S ORTOBAN                   1      7085      7085       000      7085      1134  000  000  000  000  000         1 17594001563515       21434468       21434468   517037590001  N  0                         06204 01/07/2026       USD         1596         1596          444
01 37487681  16255  M  GLIBENCLAMIDA KMP5MG.10TA                  12       208       208       000      2496       000  000  000  000  000  000         1  6921875011158       21434468       21434468   517037590001  N  0                       2009436 01/09/2023       USD          047          562          444
01 37487681  XS018  N  GOTAS VALERIANA XS 60ML.                    4       538       538       000      2152       000  000  000  000  000  000         1  7594001450825       21434468       21434468   517037590001  N  0                      23022278 01/02/2025       USD          121          485          444
01 37487681  10372  M  GYNOMET 15%-4%CR.VAG.40GR                   2      2759      2759       000      5518       000  000  000  000  000  000         1  7591585119131       21434468       21434468   517037590001  N  0                           073 01/10/2023       USD          621         1243          444
01 37487681  EL290  M  LIOLACTIL 1,5G. PPSO X6S.                   1      5282      5282       000      5282       000  000  000  000  000  000         1  7591062013303       21434468       21434468   517037590001  N  0                        21102A 01/12/2022       USD         1190         1190          444
01 37487681  DP980  M  LORATADINA DP JBE. 60ML.                    6       741       741       000      4446       000  000  000  000  000  000         1  7592616362014       21434468       21434468   517037590001  N  0                         20197 01/02/2024       USD          167         1001          444
01 37487681  16223  M  MELOXICAM NIO15MG. X10TA                    4       710       710       000      2840       000  000  000  000  000  000         1  7598869000178       21434468       21434468   517037590001  N  0                      21154201 01/07/2024       USD          160          640          444
01 37487681  LL195  M  MERTHIOLATE TINTURA 60ML.                   1      1446      1446       000      1446       000  000  000  000  000  000         1  7592349953152       21434468       21434468   517037590001  N  0                       2201042 01/01/2024       USD          326          326          444
01 37487681  FS280  N  MIEL DE BORAX FSI 30ML.X6                   1      3335      3335       000      3335       000  000  000  000  000  000         1  7592368000608       21434468       21434468   517037590001  N  0                       0222039 01/02/2024       USD          751          751          444
01 37487681  CO540  M  MIOVIT COMP. 3ML. X3A KIT                   2      2751      2751       000      5502       000  000  000  000  000  000         1  7591818026366       21434468       21434468   517037590001  N  0                         10444 01/11/2024       USD          620         1239          444
01 37487681  11070  A  OMEGA 3 LONGE1000 X60CA                     2      2432      2432       000      4864       000  000  000  000  000  000         1  7592253001628       21434468       21434468   517037590001  N  0                      06202101 01/06/2024       USD          548         1095          444
01 37487681  VC580  M  OTAN GOTAS 5ML.                             2      1820      1820       000      3640       000  000  000  000  000  000         1  7592782000567       21434468       21434468   517037590001  N  0                       2210015 01/02/2024       USD          410          820          444
01 37487681  14238  M  SILDENAFIL GDG.PH 50MGX2T                  12       161       161       000      1932       000  000  000  000  000  000         1  7598307000050       21434468       21434468   517037590001  N  0                         SM004 01/07/2023       USD          036          435          444
01 37487681  FF200  M  SILVEDERMA 1% CR. 50GR.                     1      2709      2709       000      2709       000  000  000  000  000  000         1  7591096000140       21434468       21434468   517037590001  N  0                      012R029A 01/04/2024       USD          610          610          444
01 37487681  ED224  M  TALERC 10MG. GOTAS 15ML.                    3       845       845       000      2535       000  000  000  000  000  000         1  7592803001825       21434468       21434468   517037590001  N  0                       2203746 01/03/2025       USD          190          571          444
02 37487681         67         75879          7085          1134         84098    0    0    0  000    0    0    0   18/04/2022 03:11:17 p.m.   PR           000           000             0            20           USD          444        18686
