01 37492879  14108  M  ACETAMINOFEN 500MGX20                       6       451       451       000      2706       000  000  000  000  000  000         1  7592236001973       21439506       21439506   517099680001  N  0                     TA1460019 01/05/2024       USD          102          609          444
01 37492879  16498  M  ENALAPRIL BM10MG. X30TA                     4       730       811       324      2920       000  000  000 1000  000  000         1  7598127001398       21439340       21439340   517099680001  N  0                        210733 01/07/2024       USD          164          658          444
01 37492879  13684  C  HILO DENTAL MENTA X50 MT                    1       443       443       000       443       071  000  000  000  000  000         1  7597297000262       21439862       21439862   517099680001  N  0                           10X 01/01/2030       USD          100          100          444
01 37492879  SP044  M  KETOROLAC SP COMPR. 10 X20                  3       738       738       000      2214       000  000  000  000  000  000         1  7590027001942       21439340       21439340   517099680001  N  0                          1121 01/08/2023       USD          166          499          444
01 37492879  EL290  M  LIOLACTIL 1,5G. PPSO X6S.                   1      5282      5282       000      5282       000  000  000  000  000  000         1  7591062013303       21439340       21439340   517099680001  N  0                        21102A 01/12/2022       USD         1190         1190          444
01 37492879  16223  M  MELOXICAM NIO15MG. X10TA                    4       710       710       000      2840       000  000  000  000  000  000         1  7598869000178       21439421       21439421   517099680001  N  0                      21154201 01/07/2024       USD          160          640          444
01 37492879  AV110  C  AVISPA CHAMPU 220ML.                        1      1401      1401       000      1401       224  000  000  000  000  000         2  7591635000112       21439862       21439862   517099680002  N  0                       0220322 01/03/2024       USD          316          316          444
01 37492879  VT350  C  CALAMINOL FRESH GEL 90GR.                   2      1492      1492       000      2984       477  000  000  000  000  000         2  7591808000086       21439340       21439340   517099680002  N  0                       2111602 01/11/2024       USD          336          672          444
01 37492879  10536  C  PROT LAB.FRESA NEVADA4GR                    2       692       692       000      1384       221  000  000  000  000  000         2  7591635910251       21439340       21439340   517099680002  N  0                       0060122 01/01/2024       USD          156          312          444
01 37492879  GN019  M  CETIRIZINA GN SOL. 60ML.                    8       855       950       760      6840       000  000  000 1000  000  000         3  7591585174598       21439340       21439340   517099680003  N  0                           086 01/02/2025       USD          193         1541          444
01 37492879  LT199  M  DIKLASON SUSP. 120CC.                       2      2233      2233       000      4466       000  000  000  000  000  000         3  7591585218254       21439340       21439340   517099680003  N  0                           186 01/11/2023       USD          503         1006          444
01 37492879  13505  M  PEDIALY MAX 60 COCO 500ML                   2      1309      1309       000      2618       000  000  000  000  000  000         3  7501033961540       21439340       21439340   517099680003  N  0                       34402MC 01/10/2023       USD          295          590          444
01 37492879  13508  M  PEDIALY MAX 60 MANZ 500ML                   2      1309      1309       000      2618       000  000  000  000  000  000         3  7501033957369       21439340       21439340   517099680003  N  0                       36400MC 01/12/2023       USD          295          590          444
02 37492879         38         32504          6212           994         39710    0    0    0  000    0    0    0   21/04/2022 5:02:28 p. m.   PR           000           000             0            13           USD          444         8720
