01 37492529  GQ107  M  ACETAMINOFEN ELTER JBE120                   4       692       692       000      2768       000  000  000  000  000  000         1  7592454003100       21439506       21439506   517099720001  N  0                       3500812 01/03/2025       USD          156          623          444
01 37492529  15518  M  AFLAMAX 50MG. 25B. X5TA                     1      5226      5226       000      5226       000  000  000  000  000  000         1  7591196006189       21439340       21439340   517099720001  N  0                       I012300 01/01/2024       USD         1177         1177          444
01 37492529  11795  M  AFLAMAX 50MG. X10TA                         8       408       510       816      3264       000  000  000 2000  000  000         1  7591196007186       21439340       21439340   517099720001  N  0                       I032354 01/03/2024       USD          092          735          444
01 37492529  GQ720  M  AMBROXOL ELTER15MG.PED120                   4      1383      1383       000      5532       000  000  000  000  000  000         1  7592454120203       21439340       21439340   517099720001  N  0                       3500578 01/02/2024       USD          311         1246          444
01 37492529  KV004  M  ANTILAX 2MG. X10TA                          3       785       785       000      2355       000  000  000  000  000  000         1  7591821102095       21439340       21439340   517099720001  N  0                       2107262 01/07/2023       USD          177          530          444
01 37492529  11808  M  APIRET 180SOL.ORAL 60ML.                    6       599       599       000      3594       000  000  000  000  000  000         1  7591196007155       21439506       21439506   517099720001  N  0                       I032346 01/03/2024       USD          135          809          444
01 37492529  MK088  M  AZITROMICINA +MK 500 X 3                    6       796       796       000      4776       000  000  000  000  000  000         1  7591519002027       21439421       21439421   517099720001  N  0                         32686 01/03/2024       USD          179         1076          444
01 37492529  15081  M  CETIRIZINA BM10MG. X10TA                    6       426       473       282      2556       000  000  000 1000  000  000         1  7598127001251       21439506       21439506   517099720001  N  0                        211029 01/10/2024       USD          096          576          444
01 37492529  GQ719  M  CLOTRI-NEO-DEXA ELTER20GR                   2      2490      2490       000      4980       000  000  000  000  000  000         1  7703763300051       21439340       21439340   517099720001  N  0                       3274409 01/09/2024       USD          561         1122          444
01 37492529  FA008  M  DOTRON SUSP.PED. 120ML.                     2      2048      2048       000      4096       000  000  000  000  000  000         1  7591821903944       21439340       21439340   517099720001  N  0                       2202489 01/02/2024       USD          461          923          444
01 37492529  MK076  M  ENALAPRIL +MK 20MG.X30TA                    4       797       797       000      3188       000  000  000  000  000  000         1  7591519051643       21439340       21439340   517099720001  N  0                         32407 01/11/2023       USD          180          718          444
01 37492529  FA018  M  FITEX 20MG. X1TA                           12       284       309       300      3408       000  000  000  800  000  000         1  7591821904293       21439862       21439862   517099720001  N  0                       2202458 01/03/2024       USD          064          768          444
01 37492529  11442  M  KETOPROFENO PX 100 X10TA                    4       624       624       000      2496       000  000  000  000  000  000         1  7594001101178       21439340       21439340   517099720001  N  0                          6288 01/03/2027       USD          141          562          444
01 37492529  CO540  M  MIOVIT COMP. 3ML. X3A KIT                   3      1651      2751      3300      4953       000  000  000 4000  000  000         1  7591818026366       21439340       21439340   517099720001  N  0                         10444 01/11/2024       USD          372         1116          444
01 37492529  CO105  M  MIOVIT GRAGEAS X30                          2      1533      2555      2044      3066       000  000  000 4000  000  000         1  7591818118047       21439340       21439340   517099720001  N  0                         10413 01/09/2024       USD          345          691          444
01 37492529  LO414  M  NAS SOL.GOTAS AD. 15ML.                     4       703       740       148      2812       000  000  000  500  000  000         1  7591196003140       21439421       21439421   517099720001  N  0                       I081177 01/08/2023       USD          158          633          444
01 37492529  RZ360  M  SILDEX 50MG. X2TA                           6       269       299       180      1614       000  000  000 1000  000  000         1  7594001101420       21439506       21439506   517099720001  N  0                          6178 01/11/2024       USD          061          364          444
02 37492529         77         60684           000           000         60684    0    0    0  000    0    0    0   21/04/2022 4:21:03 p. m.   PR           000           000             0            17           USD          444        13668
