01 37502806  11795  M  AFLAMAX 50MG. X10TA                         8       408       510       816      3264       000  000  000 2000  000  000         1  7591196007186       21446579       21446579   517190300001  N  0                       I032354 01/03/2024       USD          092          733          445
01 37502806  LO139  M  ALERGOT SOL.OFT. 5CC.                       1      2396      2396       000      2396       000  000  000  000  000  000         1  7591196002693       21446659       21446659   517190300001  N  0                        021696 01/02/2023       USD          538          538          445
01 37502806  12570  M  BUDECORT SOL.P INHAL10ML.                   3      1865      2194       987      5595       000  000  000 1500  000  000         1  7591196007162       21446579       21446579   517190300001  N  0                        111672 01/01/2024       USD          419         1257          445
01 37502806  15081  M  CETIRIZINA BM10MG. X10TA                   10       402       473       710      4020       000  000  000 1500  000  000         1  7598127001251       21446579       21446579   517190300001  N  0                        211029 01/10/2024       USD          090          903          445
01 37502806  AP470  M  CYPRAL 750MG. X6TA                          4      1105      1105       000      4420       000  000  000  000  000  000         1  7592601200482       21446579       21446579   517190300001  N  0                        122701 01/08/2025       USD          248          993          445
01 37502806  14846  M  KETOPROFENO ZIEL100 X5A                     2      2569      3211      1284      5138       000  000  000 2000  000  000         1  0781584377633       21446751       21446751   517190300001  N  0                       ML21612 01/09/2023       USD          577         1155          445
01 37502806  13526  N  MAGALEX 100MG. X60CA                        1      3925      3925       000      3925       628  000  000  000  000  000         1  7591821210622       21446579       21446579   517190300001  N  0                       2202428 01/02/2024       USD          882          882          445
01 37502806  16059  M  RISPERIDONA PSI2MG. X20TA                   2      1193      1193       000      2386       000  000  000  000  000  000         1  7501384506582       21446579       21446579   517190300001  N  0                       2460621 01/06/2023       USD          268          536          445
01 37502806  13491  M  VALSARTAN 160MG X10 TAB                     3      1122      1122       000      3366       000  000  000  000  000  000         1  7598176000236       21446659       21446659   517190300001  N  0                       21T1131 01/10/2024       USD          252          756          445
02 37502806         34         34510           000           628         35138    0    0    0  000    0    0    0   27/04/2022 5:04:24 p. m.   PR           000           000             0             9           USD          445         7755
