01 37506914  EL290  M  LIOLACTIL 1,5G. PPSO X6S.                   1      5282      5282       000      5282       000  000  000  000  000  000         1  7591062013303       21449935       21449935   517232810001  N  0                        21102A 01/12/2022       USD         1176         1176          449
01 37506914  DP980  M  LORATADINA DP JBE. 60ML.                    6       741       741       000      4446       000  000  000  000  000  000         1  7592616362014       21449935       21449935   517232810001  N  0                         20197 01/02/2024       USD          165          990          449
01 37506914  14536  M  VALSARTAN GN80MG. X14CA                     2       989      1099       220      1978       000  000  000 1000  000  000         1  7591585375872       21449935       21449935   517232810001  N  0                           193 01/02/2023       USD          220          441          449
01 37506914  LT930  M  VIASEK 50MG. X2CO                           4       871       871       000      3484       000  000  000  000  000  000         1  7591585111005       21449935       21449935   517232810001  N  0                           096 01/02/2025       USD          194          776          449
01 37506914  GN019  M  CETIRIZINA GN SOL. 60ML.                    6       950       950       000      5700       000  000  000  000  000  000         2  7591585174598       21450059       21450059   517232810002  N  0                           086 01/02/2025       USD          212         1269          449
01 37506914  JN100  N  JENGIMIEL JBE.AD. 120ML.                    2      2080      2080       000      4160       000  000  000  000  000  000         2  7592520000019       21449935       21449935   517232810002  N  0                        010322 01/03/2025       USD          463          926          449
01 37506914  13505  M  PEDIALY MAX 60 COCO 500ML                   2      1309      1309       000      2618       000  000  000  000  000  000         2  7501033961540       21450046       21450046   517232810002  N  0                       35429MC 01/11/2023       USD          292          583          449
01 37506914  13507  M  PEDIALY MAX 60 FRES 500ML                   2      1309      1309       000      2618       000  000  000  000  000  000         2  7501033961557       21450046       21450046   517232810002  N  0                       37416MC 01/01/2024       USD          292          583          449
01 37506914  13508  M  PEDIALY MAX 60 MANZ 500ML                   2      1309      1309       000      2618       000  000  000  000  000  000         2  7501033957369       21450046       21450046   517232810002  N  0                       36400MC 01/12/2023       USD          292          583          449
01 37506914  10824  M  REHIDROSOL FRESA  600ML                     2      1560      1560       000      3120       000  000  000  000  000  000         2  7592637397415       21450046       21450046   517232810002  N  0                       2100316 01/02/2024       USD          347          695          449
02 37506914         29         36024           000           000         36024    0    0    0  000    0    0    0   29/04/2022 2:37:10 p. m.   PR           000           000             0            10           USD          449         8023
