01 37522541  12570  M  BUDECORT SOL.P INHAL10ML.                   4      2084      2194       440      8336       000  000  000  500  000  000         1  7591196007162       21461781       21461781   517394590001  N  0                        012142 01/01/2024       USD          455         1820          458
01 37522541  15085  M  COMPLEJO MULTIVIT.BM X30                    3      1193      1403       630      3579       000  000  000 1500  000  000         1  7598127001213       21461491       21461491   517394590001  N  0                        210925 01/09/2024       USD          260          781          458
01 37522541  13975  M  DEFLAZACORT +MK30MG.X10TA                   1      2388      2388       000      2388       000  000  000  000  000  000         1  7591519000306       21461491       21461491   517394590001  N  0                         32528 01/01/2025       USD          521          521          458
01 37522541  11686  M  DESLER 0,5MG. JBE.60ML.                     3      1434      1434       000      4302       000  000  000  000  000  000         1  7592454891318       21461491       21461491   517394590001  N  0                       3500645 01/02/2024       USD          313          939          458
01 37522541  15344  M  LACRIDOS SOL.OFT. 10ML.                     3      1331      1401       210      3993       000  000  000  500  000  000         1  7591196007247       21461491       21461491   517394590001  N  0                        022054 01/02/2025       USD          291          872          458
01 37522541  LO414  M  NAS SOL.GOTAS AD. 15ML.                     4       666       740       296      2664       000  000  000 1000  000  000         1  7591196003140       21461781       21461781   517394590001  N  0                       I081177 01/08/2023       USD          145          582          458
01 37522541  FA514  M  NEURIXA 75MG. X14CA                         2      1707      1707       000      3414       000  000  000  000  000  000         1  7591821903616       21461491       21461491   517394590001  N  0                       2106035 01/07/2023       USD          373          745          458
01 37522541  PG110  M  NINAZO GOTAS AD. 15ML.                     12       772       772       000      9264       000  000  000  000  000  000         1  7591821802957       21461781       21461781   517394590001  N  0                       2111188 01/05/2023       USD          169         2023          458
01 37522541  LO009  M  SALBUTAMOL LO S.INH.15ML.                   3      2415      2415       000      7245       000  000  000  000  000  000         1  7591196002303       21461781       21461781   517394590001  N  0                        111492 01/01/2025       USD          527         1582          458
01 37522541  MK409  M  SECNIDAZOL +MK 1GR. X 2                     4       819       819       000      3276       000  000  000  000  000  000         1  7591519003918       21461781       21461781   517394590001  N  0                         32704 01/03/2025       USD          179          715          458
02 37522541         39         48461           000           000         48461    0    0    0  000    0    0    0   10/05/2022 6:13:49 p. m.   PR           000           000             0            10           USD          458        10581
