01 37522369  GN088  M  AMLODIPINA GN 10MG. X30CO                   3       839       839       000      2517       000  000  000  000  000  000         1  7591585278173       21461781       21461781   517394580001  N  0                           192 01/10/2024       USD          183          550          458
01 37522369  GN790  M  AMLODIPINA GN 5MG. X30CO                    3      1136      1136       000      3408       000  000  000  000  000  000         1  7591585278166       21461781       21461781   517394580001  N  0                           388 01/11/2024       USD          248          744          458
01 37522369  16484  M  AMOXICILINA BRIX500 100CA                   1      7488      7488       000      7488       000  000  000  000  000  000         1  8906130230824       21461491       21461491   517394580001  N  0                       KE21159 01/04/2023       USD         1635         1635          458
01 37522369  GN629  M  AZITROMICINA GN 500 X 5                     4      1431      1431       000      5724       000  000  000  000  000  000         1  7591585279460       21461781       21461781   517394580001  N  0                          3231 01/11/2023       USD          312         1250          458
01 37522369  MY185  M  BENDAMEN 100MG. X6TA                        4       865       910       180      3460       000  000  000  500  000  000         1  7592601100218       21461491       21461491   517394580001  N  0                        211601 01/02/2027       USD          189          755          458
01 37522369  12564  C  BRIUTCARE AD C/BLA X12UND                   1      4243      4243       000      4243       679  000  000  000  000  000         1   796029455241       21461503       21461503   517394580001  N  0                       BC0821V 01/07/2026       USD          926          926          458
01 37522369  12563  C  BRIUTCARE AD C/PIEL X12UN                   1      4243      4243       000      4243       679  000  000  000  000  000         1   796029455210       21461503       21461503   517394580001  N  0                       BC0821V 01/07/2026       USD          926          926          458
01 37522369  GN091  M  CAPTOPRIL GN 25MG.X30CO                     4      1325      1325       000      5300       000  000  000  000  000  000         1  7591585370167       21461491       21461491   517394580001  N  0                           121 01/02/2026       USD          289         1157          458
01 37522369  13576  C  GASA EST3X3 X50S ORTOBAN                    1      4030      4030       000      4030       645  000  000  000  000  000         1 17594001563522       21461491       21461491   517394580001  N  0                         04204 01/12/2024       USD          880          880          458
01 37522369  MG154  M  GENESA 3MG/30MG. X21CO                      1      5262      5262       000      5262       000  000  000  000  000  000         1  7591585116598       21461491       21461491   517394580001  N  0                      LF22300A 01/01/2023       USD         1149         1149          458
01 37522369  14782  M  IBUPRO-TIOCOL DAC600-4X10                   4      1450      1495       180      5800       000  000  000  300  000  000         1  7598578000247       21461491       21461491   517394580001  N  0                          V235 01/07/2024       USD          317         1266          458
01 37522369  PD719  M  LEPTAZINE 10MG. X24CO                       2      2600      2600       000      5200       000  000  000  000  000  000         1  7591955000977       21461781       21461781   517394580001  N  0                          0025 01/08/2023       USD          568         1135          458
01 37522369  PD724  M  LEPTAZINE 5MG. X30CO                        2      1950      1950       000      3900       000  000  000  000  000  000         1  7591955000953       21461781       21461781   517394580001  N  0                          0032 01/07/2024       USD          426          852          458
01 37522369  EL290  M  LIOLACTIL 1,5G. PPSO X6S.                   1      5282      5282       000      5282       000  000  000  000  000  000         1  7591062013303       21461491       21461491   517394580001  N  0                        21102A 01/12/2022       USD         1153         1153          458
01 37522369  LN600  M  MADECASSOL POLVO 10GR.                      1      4208      4208       000      4208       000  000  000  000  000  000         1  7592348218122       21461491       21461491   517394580001  N  0                       2203006 01/03/2027       USD          919          919          458
01 37522369  HI240  M  MANITOL 18%SOL.N38 500CC.                   2      2860      2860       000      5720       000  000  000  000  000  000         1  7592637001190       21461491       21461491   517394580001  N  0                       2200047 01/02/2025       USD          624         1249          458
01 37522369  12806  M  SACRUSYT 100MCG.AER. 200D                   2      2332      2332       000      4664       000  000  000  000  000  000         1  7707274721206       21461491       21461491   517394580001  N  0                       2123241 01/06/2024       USD          509         1018          458
01 37522369  EL245  M  TANTUM TOP. BUCAL 240 CC.                   2      1396      1396       000      2792       000  000  000  000  000  000         1  7591062011538       21461491       21461491   517394580001  N  0                        22034A 01/04/2024       USD          305          610          458
01 37522369  PD124  M  TRIDETARMON CR. 15GR.                       1      2860      2860       000      2860       000  000  000  000  000  000         1  7591955000762       21461491       21461491   517394580001  N  0                          0082 01/04/2023       USD          624          624          458
01 37522369  PB054  C  DIOXOGEN A.VERA D.BOL90GR                   3       569       569       000      1707       273  000  000  000  000  000         2  7591309000080       21461781       21461781   517394580002  N  0                      A2203094 01/03/2025       USD          124          373          458
01 37522369  BQ320  M  BROMEXINA BQ 4MG.120ML.                     4       992       992       000      3968       000  000  000  000  000  000         3  7594000850985       21461781       21461781   517394580003  N  0                        220310 01/03/2024       USD          217          866          458
01 37522369  13507  M  PEDIALY MAX 60 FRES 500ML                   3      1309      1309       000      3927       000  000  000  000  000  000         3  7501033961557       21461781       21461781   517394580003  N  0                       37416MC 01/01/2024       USD          286          857          458
01 37522369  13508  M  PEDIALY MAX 60 MANZ 500ML                   3      1309      1309       000      3927       000  000  000  000  000  000         3  7501033957369       21461781       21461781   517394580003  N  0                       36400MC 01/12/2023       USD          286          857          458
02 37522369         53         85407         14223          2276        101906    0    0    0  000    0    0    0   10/05/2022 5:49:52 p. m.   PR           000           000             0            23           USD          458        21753
