01 37520422  MK088  M  AZITROMICINA +MK 500 X 3                   12       557       655      1176      6684       000  000  000 1500  000  000         1  7591519002027       21459513       21459513   517362700001  N  0                         32686 01/03/2024       USD          122         1459          458
01 37520422  11478  M  CANDESARTAN ELTER16MG.X10                   3      1245      1383       414      3735       000  000  000 1000  000  000         1  7592454891189       21459513       21459513   517362700001  N  0                       3268991 01/06/2023       USD          272          816          458
01 37520422  FA018  M  FITEX 20MG. X1TA                            8       309       309       000      2472       000  000  000  000  000  000         1  7591821904293       21459594       21459594   517362700001  N  0                       2202458 01/03/2024       USD          067          540          458
01 37520422  GQ379  M  GLIMEPIRIDE ELTER4MG. X16                   2      1660      1660       000      3320       000  000  000  000  000  000         1  7703763165063       21459513       21459513   517362700001  N  0                       3500560 01/01/2025       USD          362          725          458
01 37520422  CO018  M  KETOPROFENO CO100MG.X10TA                   6      1195      1195       000      7170       000  000  000  000  000  000         1  7591818136058       21459513       21459513   517362700001  N  0                         10105 01/03/2025       USD          261         1566          458
01 37520422  QM340  M  LEPRIT 25MG. X30TA                          1      2293      2293       000      2293       000  000  000  000  000  000         1  7703763363063       21457802       21457802   517362700001  N  0                       3500486 01/01/2024       USD          501          501          458
01 37520422  GQ042  M  LOSARTAN P.ELTER50MG.X30                    6       746      1244      2988      4476       000  000  000 4000  000  000         1  7592454889841       21459513       21459513   517362700001  N  0                       3501046 01/04/2024       USD          163          977          458
01 37520422  NP024  M  NOTOLAC 20MG. X10TA                         3      1707      1707       000      5121       000  000  000  000  000  000         1  7591821902022       21459513       21459513   517362700001  N  0                       2203474 01/03/2025       USD          373         1118          458
01 37520422  FA239  M  NOTOLAC 30MG. X4TA.SUBL.                    4      1235      1235       000      4940       000  000  000  000  000  000         1  7591821210134       21457878       21457878   517362700001  N  0                       2203489 01/04/2024       USD          270         1079          458
01 37520422  MK959  M  TIOCOLCHICOSIDO +MK4 X12                    3      1703      2003       900      5109       000  000  000 1500  000  000         1  7591519007749       21457802       21457802   517362700001  N  0                         32264 01/09/2024       USD          372         1116          458
01 37520422  VP400  M  VIT E VP 400MG. X30CA.BLA                   2      2725      3028       606      5450       000  000  000 1000  000  000         1  7592432005478       21459513       21459513   517362700001  N  0                        210315 01/09/2024       USD          595         1190          458
01 37520422  13424  M  KATIVIL SOL.ORAL S/A 120M                   2      2915      2915       000      5830       000  000  000  000  000  000         2  7591818716694       21459594       21459594   517362700002  N  0                         10393 01/09/2024       USD          636         1273          458
02 37520422         52         56600           000           000         56600    0    0    0  000    0    0    0   09/05/2022 8:56:19 p. m.   PR           000           000             0            12           USD          458        12358
