01 37524920  LI240  N  ACUBISINA POLVO 15GR.                       2      1430      1430       000      2860       000  000  000  000  000  000         1  7592306000011       21463593       21463593   517416020001  N  0                       22AP01A 01/04/2025       USD          310          620          461
01 37524920  15079  C  BIOS LIGH BAR NEUTRO 90GR                   4       683       683       000      2732       437  000  000  000  000  000         1  7595481000265       21463593       21463593   517416020001  N  0                        220402 01/04/2026       USD          148          593          461
01 37524920  GN146  M  ENALAPRIL GN 20MG. X30CO                    4       557       633       304      2228       000  000  000 1200  000  000         1  7591585378538       21463593       21463593   517416020001  N  0                           429 01/12/2023       USD          121          483          461
01 37524920  11347  C  ESPECULO VAG.CRISTA PRIMA                   4       568       631       252      2272       364  000  000 1000  000  000         1  7596466000089       21463150       21463150   517416020001  N  0                           10X 01/01/2027       USD          123          493          461
01 37524920  KX993  C  ESPECULO VAGINAL L KX                       2       325       325       000       650       104  000  000  000  000  000         1   813333010987       21463150       21463150   517416020001  N  0                        210225 01/03/2026       USD          070          141          461
01 37524920  12622  C  EVERY N. GEL FIJ POWER100                   2       462       462       000       924       148  000  000  000  000  000         1  7590005168209       21463462       21463462   517416020001  N  0                     PS2202166 01/02/2024       USD          100          200          461
01 37524920  13185  C  GORRO DESC. NO EST X3PA                     3       452       452       000      1356       217  000  000  000  000  000         1   643570030352       21463593       21463593   517416020001  N  0                           10X 01/01/2030       USD          098          294          461
01 37524920  BQ230  M  LANCERAN GOTAS PED. 30ML.                   3      1022      1022       000      3066       000  000  000  000  000  000         1  7594000850220       21463509       21463509   517416020001  N  0                        220312 01/03/2025       USD          222          665          461
01 37524920  16494  N  MAGNESIO ABE 200MG X70CAP                   2      2071      2071       000      4142       000  000  000  000  000  000         1  7597134000875       21463462       21463462   517416020001  N  0                          EFM2 01/04/2024       USD          449          898          461
01 37524920  LC170  M  MONOSULPA GOTAS 15 CC.                      3      1659      1659       000      4977       000  000  000  000  000  000         1  7591585110923       21463593       21463593   517416020001  N  0                           197 01/04/2024       USD          360         1080          461
01 37524920  12396  M  WELLOVIR 5% CREMA 5GR                       3       618       618       000      1854       000  000  000  000  000  000         1  8904307701047       21463462       21463462   517416020001  N  0                         11001 01/09/2024       USD          134          402          461
01 37524920  11848  C  EVERY N.GEL FIJ.STRONG500                   1      1052      1052       000      1052       168  000  000  000  000  000         2  7590005168278       21463462       21463462   517416020002  N  0                       2204105 01/04/2024       USD          228          228          461
01 37524920  11844  C  EVERY N.GEL FIJ.WINNER500                   1      1052      1052       000      1052       168  000  000  000  000  000         2  7590005168254       21463462       21463462   517416020002  N  0                       2202168 01/02/2024       USD          228          228          461
01 37524920  LT210  M  LONGACEF 100MG.PPSO 60ML.                   1     10993     10993       000     10993       000  000  000  000  000  000         3  7591585116208       21463509       21463509   517416020003  N  0                           511 01/04/2024       USD         2385         2385          461
02 37524920         35         30120         10038          1606         41764    0    0    0  000    0    0    0   11/05/2022 3:46:05 p. m.   PR           000           000             0            14           USD          461         8711
