01 37538926  15716  M  ATORVASTATINA FM20 X30TA                    2      1053      1170       234      2106       000  000  000 1000  000  000         1  8906082150942       21474437       21474437   517562250001  N  0                         T1385 01/06/2024       USD          218          436          483
01 37538926  15717  M  ATORVASTATINA FM40 X30TA                    2      1404      1560       312      2808       000  000  000 1000  000  000         1  8906082150935       21474437       21474437   517562250001  N  0                         T1402 01/06/2024       USD          291          581          483
01 37538926  16062  M  CEFADET 500MG. X12CA                        4      2207      2207       000      8828       000  000  000  000  000  000         1   745687143328       21474437       21474437   517562250001  N  0                          L204 01/02/2024       USD          457         1828          483
01 37538926  16261  M  CO-TRIMOXAZOL QF80-400X20                   4       711       790       316      2844       000  000  000 1000  000  000         1  7592236002307       21474437       21474437   517562250001  N  0                     TC1710001 01/03/2024       USD          147          589          483
01 37538926  16227  M  DESLORATADINA NIO5MG.10TA                   4       597       597       000      2388       000  000  000  000  000  000         1  7598869000123       21474437       21474437   517562250001  N  0                      21152601 01/07/2023       USD          124          494          483
01 37538926  GQ017  M  DICLOFENAC P. ELTER 50X10                  12       332       554      2664      3984       000  000  000 4000  000  000         1  7592454002639       21474437       21474437   517562250001  N  0                       3500801 01/03/2024       USD          069          825          483
01 37538926  FA007  M  DOTRON 50MG. X20CA                          2      1235      1235       000      2470       000  000  000  000  000  000         1  7591821903968       21474437       21474437   517562250001  N  0                       2008747 01/10/2022       USD          256          511          483
01 37538926  16611  M  FRONT 2 400/100 X7CA.VAG.                   1      7670      7670       000      7670       000  000  000  000  000  000         1  7593090001413       21474465       21474465   517562250001  N  0                      21090233 01/09/2025       USD         1588         1588          483
01 37538926  AH295  M  LASIX 20MG. X24CO                           2      1186      1318       264      2372       000  000  000 1000  000  000         1  7591519317411       21474437       21474437   517562250001  N  0                         32475 01/11/2024       USD          246          491          483
01 37538926  VP194  M  MELOVAX 15MG. X10CAPS.BL.                   2      1158      1206       096      2316       000  000  000  400  000  000         1  7592432007427       21474532       21474532   517562250001  N  0                        220082 01/02/2025       USD          240          480          483
01 37538926  16222  M  MELOXICAM NIO7,5MG. X10TA                   3       666       666       000      1998       000  000  000  000  000  000         1  7598869000185       21474465       21474465   517562250001  N  0                      21153401 01/07/2024       USD          138          414          483
01 37538926  PG110  M  NINAZO GOTAS AD. 15ML.                      6       772       772       000      4632       000  000  000  000  000  000         1  7591821802957       21474437       21474437   517562250001  N  0                       2112440 01/05/2023       USD          160          959          483
01 37538926  14124  M  OMEFAR 20MG X14 CAP                         6       383       425       252      2298       000  000  000 1000  000  000         1  7592236002246       21474437       21474437   517562250001  N  0                      CO300005 01/04/2024       USD          079          476          483
01 37538926  15261  M  PREDNISOLONA BM5MG. X30TA                   3      1183      1183       000      3549       000  000  000  000  000  000         1  7598127001206       21474437       21474437   517562250001  N  0                        210950 01/09/2024       USD          245          735          483
01 37538926  MK409  M  SECNIDAZOL +MK 1GR. X 2                     3       819       819       000      2457       000  000  000  000  000  000         1  7591519003918       21474437       21474437   517562250001  N  0                         32705 01/03/2025       USD          170          509          483
01 37538926  13555  M  VAGILEN X6 OV.VAG.                          1      7701      7701       000      7701       000  000  000  000  000  000         1  7792796484845       21474465       21474465   517562250001  N  0                          7194 01/12/2023       USD         1594         1594          483
02 37538926         57         60421           000           000         60421    0    0    0  000    0    0    0   19/05/2022 4:45:43 p. m.   PR           000           000             0            16           USD          483        12510
