01 37544234  PO185  M  BACTRON TAB. X20                            3      1521      1521       000      4563       000  000  000  000  000  000         1  7592806133073       21477208       21477208   517601110001  N  0                        201012 01/01/2027       USD          307          922          495
01 37544234  PD714  M  BUMELEX 1MG. X16CO                          2      2470      2470       000      4940       000  000  000  000  000  000         1  7591955000991       21477739       21477739   517601110001  N  0                          0053 01/01/2024       USD          499          998          495
01 37544234  11353  M  DIECAPS 60MG. X30CA                         1      5200      5200       000      5200       000  000  000  000  000  000         1  7591619520247       21477208       21477208   517601110001  N  0                          0023 01/03/2024       USD         1050         1050          495
01 37544234  GN146  M  ENALAPRIL GN 20MG. X30CO                    6       634       634       000      3804       000  000  000  000  000  000         1  7591585378538       21477208       21477208   517601110001  N  0                           428 01/12/2023       USD          128          768          495
01 37544234  14564  M  HIOSCINA BUTI LAND10 X100                   2      5760      5760       000     11520       000  000  000  000  000  000         1  7598008000441       21477739       21477739   517601110001  N  0                        T10239 01/11/2024       USD         1164         2327          495
01 37544234  12186  M  MAXTHIO 4MG/2ML. IM X6A                     2      4033      4033       000      8066       000  000  000  000  000  000         1  8699525755247       21477208       21477208   517601110001  N  0                       A098198 01/10/2024       USD          815         1629          495
01 37544234  16940  M  NAFAZOL 0,05%GOTAS 15ML.                    4      1079      1079       000      4316       000  000  000  000  000  000         1  7706309000262       21477208       21477208   517601110001  N  0                         2A805 01/03/2024       USD          218          872          495
01 37544234  KN430  M  NEFROTAL H 100/12,5 X30CO                   2      3120      3120       000      6240       000  000  000  000  000  000         1  7591955558287       21477808       21477808   517601110001  N  0                          0028 01/11/2024       USD          630         1261          495
01 37544234  GP830  M  RIDAL 1MG. X20CO                            3      2080      2080       000      6240       000  000  000  000  000  000         1  7594000491669       21477739       21477739   517601110001  N  0                          0038 01/09/2024       USD          420         1261          495
01 37544234  12806  M  SACRUSYT 100MCG.AER. 200D                   2      2470      2470       000      4940       000  000  000  000  000  000         1  7707274721206       21477208       21477208   517601110001  N  0                       2123241 01/06/2024       USD          499          998          495
01 37544234  PD124  M  TRIDETARMON CR. 15GR.                       2      3120      3120       000      6240       000  000  000  000  000  000         1  7591955000762       21477739       21477739   517601110001  N  0                          0083 01/06/2023       USD          630         1261          495
01 37544234  LC580  N  ALLIXON NARANJA 240 CC.                     3      1052      1052       000      3156       505  000  000  000  000  000         2  7591585112439       21477739       21477739   517601110002  N  0                           352 01/02/2024       USD          213          638          495
02 37544234         32         69225           000           505         69730    0    0    0  000    0    0    0   23/05/2022 5:51:37 p. m.   PR           000           000             0            12           USD          495        13985
