01 37548614  13109  M  AMOX+AC PG500/125 X10TA                     1      4648      4648       000      4648       000  000  000  000  000  000         1  7753820002299       21479883       21479883   517637490001  N  0                     213132133 01/04/2024       USD          937          937          496
01 37548614  GN091  M  CAPTOPRIL GN 25MG.X30CO                     3      1131      1330       597      3393       000  000  000 1500  000  000         1  7591585370167       21480226       21480226   517637490001  N  0                           121 01/02/2026       USD          228          684          496
01 37548614  15686  C  CURE AID CLASSIC X100                       1      1132      1132       000      1132       181  000  000  000  000  000         1  6224000132286       21479883       21479883   517637490001  N  0                         15D21 01/03/2026       USD          228          228          496
01 37548614  13663  C  CURITAS IMP.KIDSX20 ZUVIS                   1       702       702       000       702       112  000  000  000  000  000         1  7597297000309       21479883       21479883   517637490001  N  0                        202104 01/04/2026       USD          142          142          496
01 37548614  PB120  M  DENCORUB CREMA 40GR.                        3       974      1082       324      2922       000  000  000 1000  000  000         1  7591309010409       21480233       21480233   517637490001  N  0                       2204002 01/04/2024       USD          196          589          496
01 37548614  AY201  C  MACROGOTERO KX 1Y21-1 1/2                   8       260       260       000      2080       000  000  000  000  000  000         1   813333014541       21479883       21479883   517637490001  N  0                        210225 01/03/2026       USD          052          419          496
01 37548614  LN165  M  MADECASSOL 2% POLVO 5GR.                    2      2691      2691       000      5382       000  000  000  000  000  000         1  7592348218108       21480203       21480203   517637490001  N  0                       2203034 01/03/2027       USD          543         1085          496
01 37548614  12211  M  PHESTAL 100MG. PPSO 30ML.                   6      3028      3028       000     18168       000  000  000  000  000  000         1  7406076104315       21480203       21480203   517637490001  N  0                        L21010 01/12/2023       USD          610         3663          496
01 37548614  10161  C  SOLUC ANTISE DIOXOGE115CC                   6       292       324       192      1752       280  000  000 1000  000  000         2  7591309900762       21480203       21480203   517637490002  N  0                      A2202043 01/02/2025       USD          059          353          496
01 37548614  GN019  M  CETIRIZINA GN SOL. 60ML.                    8       744       875      1048      5952       000  000  000 1500  000  000         3  7591585174598       21480203       21480203   517637490003  N  0                           087 01/02/2025       USD          150         1200          496
01 37548614  LT210  M  LONGACEF 100MG.PPSO 60ML.                   1     10993     10993       000     10993       000  000  000  000  000  000         3  7591585116208       21480226       21480226   517637490003  N  0                           512 01/04/2024       USD         2216         2216          496
01 37548614  LT992  M  ZONTRICON 100MG.PPSO30ML                    2      4651      4651       000      9302       000  000  000  000  000  000         3  7591585118455       21480203       21480203   517637490003  N  0                           183 01/04/2025       USD          938         1875          496
02 37548614         42         60760          5666           574         67000    0    0    0  000    0    0    0   25/05/2022 4:51:22 p. m.   PR           000           000             0            12           USD          496        13392
