01 37550418  10736  M  ACETAMINOFEN PX 650 X10TA                  12       386       386       000      4632       000  000  000  000  000  000         1  7594001101604       21483209       21483209   517675340001  N  0                          6263 01/02/2024       USD          077          925          501
01 37550418  12827  M  ALBENDAZOL PX 200MG X2TA                    6       348       348       000      2088       000  000  000  000  000  000         1  7594001100263       21483209       21483209   517675340001  N  0                          6253 01/09/2023       USD          069          417          501
01 37550418  MK088  M  AZITROMICINA +MK 500 X 3                    9       525       702      1593      4725       000  000 1500 1200  000  000         1  7591519002027       21483242       21483242   517675340001  N  0                         32687 01/03/2024       USD          105          943          501
01 37550418  MK088  M  AZITROMICINA +MK 500 X 3                    1       525       702       177       525       000  000 1500 1200  000  000         1  7591519002027       21483242       21483242   517675340001  N  0                         32687 01/03/2024       USD          105          105          501
01 37550418  12375  M  CLARITROMICINA  500MG X10                   2      2886      2886       000      5772       000  000  000  000  000  000         1  7598176000045       21483209       21483209   517675340001  N  0                       21T1121 01/10/2024       USD          576         1152          501
01 37550418  11288  M  COLYPAN 200MG. X10TA                        3      1458      1535       231      4374       000  000  000  500  000  000         1  7591821210264       21483209       21483209   517675340001  N  0                       2203543 01/04/2025       USD          291          873          501
01 37550418  MK953  M  DOL PLUS 20BLIS X4TAB.650                   1      6614      6614       000      6614       000  000  000  000  000  000         1  7591519006599       21483242       21483242   517675340001  N  0                         32586 01/02/2025       USD         1320         1320          501
01 37550418  GQ014  N  HEDRALIV JBE. 120ML.                        2      2028      2028       000      4056       000  000  000  000  000  000         1  7592454002301       21483242       21483242   517675340001  N  0                       3500558 01/02/2024       USD          405          810          501
01 37550418  12930  M  METRONIDAZOL AL500 10O.VA                   3      1378      2120      2226      4134       000  000  000 3500  000  000         1  7597758000671       21483223       21483223   517675340001  N  0                      A1ADU004 01/11/2023       USD          275          825          501
01 37550418  15723  M  METRONIDAZOL FM500 X10TA                   12       351       390       468      4212       000  000 1000  000  000  000         1  8906082150966       21483223       21483223   517675340001  N  0                         T1393 01/06/2024       USD          070          841          501
01 37550418  PG110  M  NINAZO GOTAS AD. 15ML.                     12       695       772       924      8340       000  000  000 1000  000  000         1  7591821802957       21483209       21483209   517675340001  N  0                       2111188 01/05/2023       USD          139         1665          501
01 37550418  KV199  M  TERAGRIP FORTE NOC X6 SOB.                  3      1976      1976       000      5928       000  000  000  000  000  000         1  7591821801882       21483209       21483209   517675340001  N  0                       2203480 01/03/2024       USD          394         1183          501
01 37550418  MK339  M  VIAJESAN 50MG. X10TA                        3      1301      1301       000      3903       000  000  000  000  000  000         1   769229220612       21483209       21483209   517675340001  N  0                         32400 01/10/2024       USD          260          779          501
01 37550418  PA226  M  YONAL 15MG. JBE. 120ML.                     3      1658      1658       000      4974       000  000  000  000  000  000         1  7591243856705       21483209       21483209   517675340001  N  0                       9312703 01/03/2025       USD          331          993          501
02 37550418         72         64277           000           000         64277    0    0    0  000    0    0    0   26/05/2022 11:07:23 a. m.   PR           000           000             0            14           USD          501        12830
