01 37556807  GQ719  M  CLOTRI-NEO-DEXA ELTER20GR                   2      2587      2587       000      5174       000  000  000  000  000  000         1  7703763300051       21487268       21487268   517725050001  N  0                       3500015 01/10/2024       USD          510         1021          507
01 37556807  11288  M  COLYPAN 200MG. X10TA                        6      1458      1535       462      8748       000  000  000  500  000  000         1  7591821210264       21487268       21487268   517725050001  N  0                       2203543 01/04/2025       USD          288         1725          507
01 37556807  MK579  M  DOL PLUS TAB. X10                           2      1313      1313       000      2626       000  000  000  000  000  000         1  7591519005134       21487268       21487268   517725050001  N  0                         32585 01/02/2025       USD          259          518          507
01 37556807  GQ379  M  GLIMEPIRIDE ELTER4MG. X16                   3      1723      1723       000      5169       000  000  000  000  000  000         1  7703763165063       21487268       21487268   517725050001  N  0                       3500560 01/01/2025       USD          340         1020          507
01 37556807  14782  M  IBUPRO-TIOCOL DAC600-4X10                   6      1414      1767      2118      8484       000  000  000 2000  000  000         1  7598578000247       21487268       21487268   517725050001  N  0                          V261 01/08/2024       USD          279         1673          507
01 37556807  MK805  M  LORATADINA +MK 10MG.X10TA                   6       442       442       000      2652       000  000  000  000  000  000         1  7591519000788       21487268       21487268   517725050001  N  0                         32537 01/01/2025       USD          087          523          507
01 37556807  FA239  M  NOTOLAC 30MG. X4TA.SUBL.                    3      1294      1294       000      3882       000  000  000  000  000  000         1  7591821210134       21487268       21487268   517725050001  N  0                       2203489 01/04/2024       USD          255          766          507
01 37556807  MY680  M  ARBIXIL 15MG-10MCG.JBE120                   2      1766      1859       186      3532       000  000  000  500  000  000         2  7592601100126       21487268       21487268   517725050002  N  0                        224401 01/04/2025       USD          348          697          507
01 37556807  MO003  M  BROLAT 5-30 SO.ORAL 60ML.                   2      1976      2080       208      3952       000  000  000  500  000  000         2  7592601301585       21487268       21487268   517725050002  N  0                        235603 01/04/2024       USD          390          779          507
01 37556807  MY109  M  CETRAL 10MG. GOTAS 10ML.                    2       878       975       194      1756       000  000  000 1000  000  000         2  7592601100706       21487268       21487268   517725050002  N  0                        226101 01/03/2024       USD          173          346          507
01 37556807  11942  M  SOL ISOTO ALFA 0,9% 500ML                   4       712       712       000      2848       000  000  000  000  000  000         2  7468999188032       21487268       21487268   517725050002  N  0                     LS211208A 01/12/2025       USD          140          562          507
02 37556807         38         48823           000           000         48823    0    0    0  000    0    0    0   30/05/2022 6:28:11 p. m.   PR           000           000             0            11           USD          507         9630
