01 37567811  RZ150  M  AC FOLICO PX 10MG. X30TA                    6       692       692       000      4152       000  000  000  000  000  000         1  7594001101345       21496474       21496474   517849000001  N  0                          6356 01/04/2025       USD          134          806          515
01 37567811  13542  M  ACETAMINOFEN GN650 X10CO                   12       328       328       000      3936       000  000  000  000  000  000         1  7591585279057       21496585       21496585   517849000001  N  0                           102 01/03/2024       USD          064          764          515
01 37567811  12827  M  ALBENDAZOL PX 200MG X2TA                   10       348       348       000      3480       000  000  000  000  000  000         1  7594001100263       21496434       21496434   517849000001  N  0                          6253 01/09/2023       USD          068          676          515
01 37567811  14950  M  BETAMETASO PORT0,05%CR20G                   2      1197      1260       126      2394       000  000  000  500  000  000         1  7750215023396       21496434       21496434   517849000001  N  0                       2070551 01/07/2025       USD          232          465          515
01 37567811  FA018  M  FITEX 20MG. X1TA                            8       309       309       000      2472       000  000  000  000  000  000         1  7591821904293       21496474       21496474   517849000001  N  0                       2202458 01/03/2024       USD          060          480          515
01 37567811  14857  M  KETOROLACO JL30MG. X10A                     1      3718      3718       000      3718       000  000  000  000  000  000         1  7598650000400       21496474       21496474   517849000001  N  0                        N18022 01/03/2024       USD          722          722          515
01 37567811  10735  M  LANCERAN JBE. 90ML.                         4       920       920       000      3680       000  000  000  000  000  000         1  7594000850954       21496434       21496434   517849000001  N  0                        220509 01/05/2024       USD          179          715          515
01 37567811  14571  M  LOPERAMIDA LAND2MG.X100TA                   3      1911      1911       000      5733       000  000  000  000  000  000         1  7598008000519       21496474       21496474   517849000001  N  0                     TL1040001 01/06/2024       USD          371         1113          515
01 37567811  LO414  M  NAS SOL.GOTAS AD. 15ML.                     4       740       740       000      2960       000  000  000  000  000  000         1  7591196003140       21496474       21496474   517849000001  N  0                       I081177 01/08/2023       USD          144          575          515
01 37567811  PG110  M  NINAZO GOTAS AD. 15ML.                     12       772       772       000      9264       000  000  000  000  000  000         1  7591821802957       21496474       21496474   517849000001  N  0                       2112440 01/05/2023       USD          150         1799          515
01 37567811  VM031  M  TADAFOX 20MG. X1TA                          3       346       346       000      1038       000  000  000  000  000  000         1  7591020008754       21496474       21496474   517849000001  N  0                            07 01/03/2024       USD          067          202          515
01 37567811  17098  M  VITAMINA A KMP50.000 10CB                  10       923       923       000      9230       000  000  000  000  000  000         1  6921875011370       21496657       21496657   517849000001  N  0                       2011434 01/11/2023       USD          179         1792          515
01 37567811  AV105  C  AVISPA CHAMPU 120ML.                        2      1171      1171       000      2342       375  000  000  000  000  000         2  7591635000105       21496434       21496434   517849000002  N  0                       0260322 01/03/2024       USD          227          455          515
02 37567811         77         52057          2342           375         54774    0    0    0  000    0    0    0   06/06/2022 5:45:22 p. m.   PR           000           000             0            13           USD          515        10563
