01 37578867  17047  M  ACETAMINOFEN KMP500 X10TA                  12       237       237       000      2844       000  000  000  000  000  000         1  6921875008530       21504772       21504772   517958170001  N  0                       2107403 01/07/2024       USD          045          536          531
01 37578867  12577  M  ACIDO ACETIL KMP100 X30TA                   2       572       572       000      1144       000  000  000  000  000  000         1  6921875010755       21504772       21504772   517958170001  N  0                     213122004 01/03/2024       USD          108          215          531
01 37578867  VM115  M  BACTEVAL CAPS. X 24                         2      2500      2500       000      5000       000  000  000  000  000  000         1  7591020007825       21504772       21504772   517958170001  N  0                           175 01/09/2024       USD          471          942          531
01 37578867  PO185  M  BACTRON TAB. X20                            3      1521      1521       000      4563       000  000  000  000  000  000         1  7592806133073       21504822       21504822   517958170001  N  0                        204061 01/04/2027       USD          286          859          531
01 37578867  11081  M  BRUDOL 200MG/65MG. X20CO                    3       945       945       000      2835       000  000  000  000  000  000         1  7591062901105       21504772       21504772   517958170001  N  0                        21085A 01/11/2024       USD          178          534          531
01 37578867  15639  N  CASTAÑO INDIAS HP450 30CA                   2      1875      1875       000      3750       000  000  000  000  000  000         1  7592710003806       21504988       21504988   517958170001  N  0                       2232704 01/04/2025       USD          353          706          531
01 37578867  14370  M  CLOTRIMAZOL PROTU1% CR.20                   6      1404      1560       936      8424       000  000  000 1000  000  000         1  7750215136249       21504772       21504772   517958170001  N  0                       2048441 01/04/2025       USD          264         1586          531
01 37578867  14117  M  FANASAL AD. GOTAS 15ML.                     6       683       683       000      4098       000  000  000  000  000  000         1  7598484000218       21504772       21504772   517958170001  N  0                          4452 01/05/2024       USD          129          772          531
01 37578867  KV011  M  FEMMEXTRA 200-10 X10CA                      3      2074      2074       000      6222       000  000  000  000  000  000         1  7591821802773       21504772       21504772   517958170001  N  0                       2205356 01/05/2024       USD          391         1172          531
01 37578867  14953  M  KETOCONAZOL PORT2% CR20GR                   3      1521      1521       000      4563       000  000  000  000  000  000         1  7750215003817       21504822       21504822   517958170001  N  0                       2106241 01/10/2024       USD          286          859          531
01 37578867  GN534  M  KETOPROFENO GN100 2ML.X2A                   6      1654      1654       000      9924       000  000  000  000  000  000         1  7591585170781       21504772       21504772   517958170001  N  0                           092 01/05/2024       USD          311         1869          531
01 37578867  SP760  M  KETOPROFENO SP100MG.X10CO                   4      1257      1257       000      5028       000  000  000  000  000  000         1  7590027001362       21504988       21504988   517958170001  N  0                          1601 01/11/2024       USD          237          947          531
01 37578867  11602  M  METFORMINA SW850MG. X30TA                   6      1440      1440       000      8640       000  000  000  000  000  000         1  7705959880019       21504772       21504772   517958170001  N  0                       BCL1193 01/03/2024       USD          271         1627          531
01 37578867  LC409  M  MIGREN 650-50-1 X10CO                       3      1236      1236       000      3708       000  000  000  000  000  000         1  7591585115737       21504772       21504772   517958170001  N  0                           554 01/04/2024       USD          233          698          531
01 37578867  PG110  M  NINAZO GOTAS AD. 15ML.                     12       656       772      1392      7872       000  000  000 1500  000  000         1  7591821802957       21504772       21504772   517958170001  N  0                       2112440 01/05/2023       USD          124         1482          531
01 37578867  VC580  M  OTAN GOTAS 5ML.                             2      2015      2015       000      4030       000  000  000  000  000  000         1  7592782000567       21504772       21504772   517958170001  N  0                       2230009 01/04/2024       USD          379          759          531
01 37578867  KV204  M  TERAGRIP FORTE GRAN.X6SOB                   3      1976      1976       000      5928       000  000  000  000  000  000         1  7591821802490       21504772       21504772   517958170001  N  0                       2203490 01/03/2024       USD          372         1116          531
01 37578867  ET340  C  ADEMINA PLUS CR.CORP.30GR                   3      1565      1565       000      4695       751  000  000  000  000  000         2  7591844000439       21504772       21504772   517958170002  N  0                    AP30220101 01/02/2025       USD          295          884          531
01 37578867  PB560  C  DIOXOGEN C.BICAR. BOL.90                    3       664       664       000      1992       319  000  000  000  000  000         2  7591309000219       21504772       21504772   517958170002  N  0                      A2205154 01/05/2025       USD          125          375          531
01 37578867  GN019  M  CETIRIZINA GN SOL. 60ML.                   12       861       861       000     10332       000  000  000  000  000  000         3  7591585174598       21504822       21504822   517958170003  N  0                           088 01/04/2025       USD          162         1946          531
02 37578867         96         98905          6687          1070        106662    0    0    0  000    0    0    0   13/06/2022 2:58:02 p. m.   PR           000           000             0            20           USD          531        19885
