01 37587582  11848  C  EVERY N.GEL FIJ.STRONG500                   1      1255      1255       000      1255       201  000  000  000  000  000         1  7590005168278       21510896       21510896   518051350001  N  0                       2205145 01/05/2024       USD          234          234          536
01 37587582  12616  C  EVERY N.MEN D.BOL FRESH90                   2       603       603       000      1206       193  000  000  000  000  000         1  7590005168834       21510896       21510896   518051350001  N  0                       2204059 01/04/2024       USD          112          225          536
01 37587582  12615  C  EVERY N.MEN SPORT D.BOL90                   2       603       603       000      1206       193  000  000  000  000  000         1  7590005168810       21510896       21510896   518051350001  N  0                      P2205135 01/05/2024       USD          112          225          536
01 37587582  16449  C  GLYCERIN JABON 100GR                        2       787       787       000      1574       252  000  000  000  000  000         1  7598504265580       21510896       21510896   518051350001  N  0                      20210909 01/09/2025       USD          147          294          536
01 37587582  14113  M  BROMEXINA QF4MG.JBE.120ML                   4       835       835       000      3340       000  000  000  000  000  000         2  7598484000034       21510896       21510896   518051350002  N  0                          4252 01/05/2024       USD          156          623          536
01 37587582  XS020  N  GLICERINA XS 30ML.                          6       497       497       000      2982       477  000  000  000  000  000         2  7594001450696       21510896       21510896   518051350002  N  0                      16052224 01/11/2024       USD          093          556          536
01 37587582  BQ250  M  IBUPROFENO BQ SUSP.120ML.                   3      1093      1093       000      3279       000  000  000  000  000  000         2  7594000850466       21511002       21511002   518051350002  N  0                        220508 01/05/2025       USD          204          612          536
01 37587582  PA009  M  LOGANIL JBE.AD. 120ML.                      2      2210      2210       000      4420       000  000  000  000  000  000         2  7591243831474       21510896       21510896   518051350002  N  0                       9322102 01/03/2024       USD          412          825          536
01 37587582  PA010  M  LOGANIL JBE.PED. 120ML.                     2      1918      1918       000      3836       000  000  000  000  000  000         2  7591243831511       21510896       21510896   518051350002  N  0                       9339602 01/05/2024       USD          358          716          536
02 37587582         24         17857          5241          1316         24414    0    0    0  000    0    0    0   16/06/2022 2:04:36 p. m.   PR           000           000             0             9           USD          536         4309
