01 37592131  RZ150  M  AC FOLICO PX 10MG. X30TA                    6       754       754       000      4524       000  000  000  000  000  000         1  7594001101345       21514107       21514107   518095500001  N  0                          6356 01/04/2025       USD          138          827          547
01 37592131  14108  M  ACETAMINOFEN 500MGX20                       6       556       618       372      3336       000  000  000 1000  000  000         1  7592236001973       21514107       21514107   518095500001  N  0                     TA1460018 01/05/2024       USD          102          610          547
01 37592131  12827  M  ALBENDAZOL PX 200MG X2TA                    6       371       371       000      2226       000  000  000  000  000  000         1  7594001100263       21514107       21514107   518095500001  N  0                          6253 01/09/2023       USD          068          407          547
01 37592131  15181  M  AMIPINA 5MG. X30TA                          6       414       517       618      2484       000  000  000 2000  000  000         1  7592236002017       21514107       21514107   518095500001  N  0                     TA1800002 01/04/2024       USD          076          454          547
01 37592131  VP924  M  BETADUO AMP. JP 1ML.                        1      5498      5498       000      5498       000  000  000  000  000  000         1  7592432017877       21514107       21514107   518095500001  N  0                       1402225 01/04/2024       USD         1005         1005          547
01 37592131  11898  M  BUCOXOLGAR FRU.RO X10TM                     2      1156      1156       000      2312       000  000  000  000  000  000         1  7592454891363       21514107       21514107   518095500001  N  0                       3501206 01/04/2024       USD          211          423          547
01 37592131  GQ224  M  CETIRIZINA ELTER JBE60CC.                   3       766      1008       726      2298       000  000  500 2000  000  000         1  7592454138239       21514107       21514107   518095500001  N  0                       3500587 01/02/2025       USD          140          420          547
01 37592131  GQ224  M  CETIRIZINA ELTER JBE60CC.                   1       766      1008       242       766       000  000  500 2000  000  000         1  7592454138239       21514107       21514107   518095500001  N  0                       3500587 01/02/2025       USD          140          140          547
01 37592131  FA018  M  FITEX 20MG. X1TA                            8       309       309       000      2472       000  000  000  000  000  000         1  7591821904293       21514107       21514107   518095500001  N  0                       2202458 01/03/2024       USD          056          452          547
01 37592131  QM210  M  GLUSTAR 10MG. X14TA                         3      1151      1279       384      3453       000  000  000 1000  000  000         1  7703763200610       21514107       21514107   518095500001  N  0                       3500637 01/02/2024       USD          210          631          547
01 37592131  14564  M  HIOSCINA BUTI LAND10 X100                   1      6517      6517       000      6517       000  000  000  000  000  000         1  7598008000441       21514107       21514107   518095500001  N  0                        T10239 01/11/2024       USD         1191         1191          547
01 37592131  CO540  M  MIOVIT COMP. 3ML. X3A KIT                   2      1861      3208      2694      3722       000  000  000 4200  000  000         1  7591818026366       21514107       21514107   518095500001  N  0                         20037 01/02/2025       USD          340          680          547
01 37592131  RZ360  M  SILDEX 50MG. X2TA                           8       364       364       000      2912       000  000  000  000  000  000         1  7594001101420       21514107       21514107   518095500001  N  0                          6135 01/10/2024       USD          067          532          547
01 37592131  10824  M  REHIDROSOL FRESA  600ML                     3      1560      1560       000      4680       000  000  000  000  000  000         2  7592637397415       21514107       21514107   518095500002  N  0                       2100316 01/02/2024       USD          285          856          547
01 37592131  11944  M  REHIDROSOL MANZANA 600ML.                   3      1690      1690       000      5070       000  000  000  000  000  000         2  7592637398528       21514107       21514107   518095500002  N  0                       2200052 01/03/2024       USD          309          927          547
02 37592131         59         52270           000           000         52270    0    0    0  000    0    0    0   20/06/2022 1:02:11 p. m.   PR           000           000             0            15           USD          547         9556
