01 37594463  PO185  M  BACTRON TAB. X20                            3      1521      1521       000      4563       000  000  000  000  000  000         1  7592806133073       21514107       21514107   518095460001  N  0                        204061 01/04/2027       USD          278          834          547
01 37594463  PD714  M  BUMELEX 1MG. X16CO                          2      2730      2730       000      5460       000  000  000  000  000  000         1  7591955000991       21514107       21514107   518095460001  N  0                          0053 01/01/2024       USD          499          998          547
01 37594463  LP220  M  PROTOSULFIL 1% CR. 30GR.                    2      2860      2860       000      5720       000  000  000  000  000  000         1  7591955001486       21514107       21514107   518095460001  N  0                          0349 01/10/2023       USD          523         1046          547
01 37594463  11570  M  RAMIPRES 2,5MG. X30CO                       1      1950      1950       000      1950       000  000  000  000  000  000         1  7591619520520       21514107       21514107   518095460001  N  0                          0009 01/01/2025       USD          356          356          547
01 37594463  12087  M  SULTAMICILINA DAC750 10TA                   2      5206      6507      2602     10412       000  000  000 2000  000  000         1  7598578000186       21514107       21514107   518095460001  N  0                          V506 01/08/2023       USD          952         1903          547
01 37594463  ED185  M  VIZERUL 150MG. X10CO                        2      2041      2041       000      4082       000  000  000  000  000  000         1  7592803000989       21514107       21514107   518095460001  N  0                      2203760A 01/05/2025       USD          373          746          547
01 37594463  11848  C  EVERY N.GEL FIJ.STRONG500                   1      1322      1322       000      1322       212  000  000  000  000  000         2  7590005168278       21514107       21514107   518095460002  N  0                       2205145 01/05/2024       USD          242          242          547
01 37594463  11844  C  EVERY N.GEL FIJ.WINNER500                   1      1322      1322       000      1322       212  000  000  000  000  000         2  7590005168254       21514107       21514107   518095460002  N  0                       2205019 01/05/2024       USD          242          242          547
01 37594463  12239  C  NIVEA BO. MILK SOFT 250ML                   2      2435      2435       000      4870       779  000  000  000  000  000         2  4005808802821       21514107       21514107   518095460002  N  0                      14840757 01/06/2024       USD          445          890          547
01 37594463  CV210  C  SANALO JABON A.B. 85GR.                     3       759       759       000      2277       364  000  000  000  000  000         2  7591138073552       21514107       21514107   518095460002  N  0                        220502 01/05/2025       USD          139          416          547
01 37594463  14123  M  MUCOFAR AD.JBE. 120ML.                      3      1182      1182       000      3546       000  000  000  000  000  000         3  7598484000867       21514131       21514131   518095460003  N  0                          2532 01/03/2024       USD          216          648          547
02 37594463         22         35733          9791          1567         47091    0    0    0  000    0    0    0   20/06/2022 7:14:02 p. m.   PR           000           000             0            11           USD          547         8322
