01 37602027  RZ150  M  AC FOLICO PX 10MG. X30TA                    3       754       754       000      2262       000  000  000  000  000  000         1  7594001101345       21519210       21519210   518187380001  N  0                          6330 01/04/2025       USD          138          414          547
01 37602027  14108  M  ACETAMINOFEN 500MGX20                      12       556       618       744      6672       000  000  000 1000  000  000         1  7592236001973       21519210       21519210   518187380001  N  0                     TA1460018 01/05/2024       USD          102         1220          547
01 37602027  PA054  M  BETADERM PLUS CREMA 15GR.                   2      2184      2184       000      4368       000  000  000  000  000  000         1  7591243804164       21519210       21519210   518187380001  N  0                       9277401 01/03/2024       USD          399          799          547
01 37602027  11897  M  BUCOXOLGAR MENTA X10TM                      2      1156      1156       000      2312       000  000  000  000  000  000         1  7592454891370       21519210       21519210   518187380001  N  0                       3501367 01/05/2024       USD          211          423          547
01 37602027  16064  M  CLOBEDET CR.TOP. 15GR.                      4      1248      1248       000      4992       000  000  000  000  000  000         1   745687143311       21519647       21519647   518187380001  N  0                            02 01/02/2024       USD          228          913          547
01 37602027  FA018  M  FITEX 20MG. X1TA                            8       309       309       000      2472       000  000  000  000  000  000         1  7591821904293       21519210       21519210   518187380001  N  0                       2202458 01/03/2024       USD          056          452          547
01 37602027  14565  M  IBUPROFENO LAND800 X100TA                   2      6917      6917       000     13834       000  000  000  000  000  000         1  7598008000458       21519210       21519210   518187380001  N  0                      TI600003 01/01/2025       USD         1265         2529          547
01 37602027  14119  M  IBUPROFENO QF400MG. X20TA                   4       722       802       320      2888       000  000  000 1000  000  000         1  7592236002178       21519210       21519210   518187380001  N  0                      TI370013 01/05/2024       USD          132          528          547
01 37602027  14121  M  METFORMINA QF500MG. 30TA                    6       563       625       372      3378       000  000  000 1000  000  000         1  7592236002345       21519210       21519210   518187380001  N  0                      TM730029 01/05/2024       USD          103          618          547
01 37602027  MY134  M  MUPROBAN 2% UNG. 15GR.                      2      2080      2080       000      4160       000  000  000  000  000  000         1  7592601101093       21519210       21519210   518187380001  N  0                        232803 01/06/2024       USD          380          761          547
01 37602027  14124  M  OMEFAR 20MG. X14CA                          8       383       425       336      3064       000  000  000 1000  000  000         1  7592236002246       21519210       21519210   518187380001  N  0                      CO300005 01/04/2024       USD          070          560          547
01 37602027  MK854  M  VALSARTAN H+MK 80/12,5X14                   4      1404      1404       000      5616       000  000  000  000  000  000         1  7591519006698       21519210       21519210   518187380001  N  0                         32500 01/12/2023       USD          257         1027          547
01 37602027  11942  M  SOL ISOTO ALFA 0,9% 500ML                   7       759       759       000      5313       000  000  000  000  000  000         2  7468999188032       21519210       21519210   518187380002  N  0                     LS211208A 01/12/2025       USD          139          971          547
01 37602027  11942  M  SOL ISOTO ALFA 0,9% 500ML                   1       759       759       000       759       000  000  000  000  000  000         2  7468999188032       21519210       21519210   518187380002  N  0                      S211120C 01/11/2025       USD          139          139          547
02 37602027         65         62090           000           000         62090    0    0    0  000    0    0    0   23/06/2022 5:24:32 p. m.   PR           000           000             0            14           USD          547        11351
