01 37609954  16284  M  ACETAFEN FORTE SU.ORAL120                  10      1037      1037       000     10370       000  000  000  000  000  000         1  7591616002142       21524650       21524650   518271930001  N  0                        227215 01/06/2024       USD          189         1892          548
01 37609954  12586  M  ACICLOVIR KMP200 X10TA                      6       486       486       000      2916       000  000  000  000  000  000         1  6921875010748       21524959       21524959   518271930001  N  0                       2004421 01/04/2023       USD          089          532          548
01 37609954  AL120  C  ALGODON ALVE 10 GR.                         6       374       374       000      2244       359  000  000  000  000  000         1  7591442000046       21524650       21524650   518271930001  N  0                        042022 01/04/2027       USD          068          409          548
01 37609954  11046  N  BERRO FG JBE. 120ML.                        2      1186      1186       000      2372       000  000  000  000  000  000         1       25525748       21524650       21524650   518271930001  N  0                          2619 01/02/2025       USD          216          433          548
01 37609954  LN255  M  BROMEXINA LN 8MG.JBE120ML                   4      1344      1344       000      5376       000  000  000  000  000  000         1  7592348204002       21524650       21524650   518271930001  N  0                       2202005 01/02/2025       USD          245          981          548
01 37609954  15910  M  CEFIXIMA CLEO400MG. X10TA                   2      3803      3803       000      7606       000  000  000  000  000  000         1  7598677000230       21524650       21524650   518271930001  N  0                      21B53701 01/06/2023       USD          694         1388          548
01 37609954  14550  M  CETIRIZINA LAND10 X100TA                    1      2594      2594       000      2594       000  000  000  000  000  000         1  7598008000298       21524650       21524650   518271930001  N  0                     TC2170001 01/10/2024       USD          473          473          548
01 37609954  11803  M  CIPROFLOXACINA MC500X10TA                   8       689       689       000      5512       000  000  000  000  000  000         1   614143659027       21524814       21524814   518271930001  N  0                       B201204 01/11/2023       USD          126         1006          548
01 37609954  14117  M  FANASAL AD. GOTAS 15ML.                     8       725       725       000      5800       000  000  000  000  000  000         1  7598484000218       21524650       21524650   518271930001  N  0                          4452 01/05/2024       USD          132         1058          548
01 37609954  16253  M  FLUCONAZOL KMP150MG. X2CA                   6       322       322       000      1932       000  000  000  000  000  000         1  6942189211294       21524650       21524650   518271930001  N  0                        211210 01/12/2024       USD          059          353          548
01 37609954  VC001  M  FRIXONIL SOL.SPRAY 60ML.                    1      1643      1643       000      1643       000  000  000  000  000  000         1  7592782001830       21524650       21524650   518271930001  N  0                       21C0006 01/12/2023       USD          300          300          548
01 37609954  14564  M  HIOSCINA BUTI LAND10 X100                   1      6633      6633       000      6633       000  000  000  000  000  000         1  7598008000441       21524814       21524814   518271930001  N  0                        T10239 01/11/2024       USD         1210         1210          548
01 37609954  AY201  C  MACROGOTERO KX 1Y21-1 1/2                  10       260       260       000      2600       000  000  000  000  000  000         1   813333014541       21524650       21524650   518271930001  N  0                        210811 01/08/2026       USD          047          474          548
01 37609954  LN165  M  MADECASSOL 2% POLVO 5GR.                    2      2855      2855       000      5710       000  000  000  000  000  000         1  7592348218108       21524650       21524650   518271930001  N  0                       2203034 01/03/2027       USD          521         1042          548
01 37609954  NQ380  N  MAGNESIUM VAL 500MG.X30TA                   2      3634      3634       000      7268       000  000  000  000  000  000         1   714439705466       21524650       21524650   518271930001  N  0                        22A262 01/01/2025       USD          663         1326          548
01 37609954  14374  M  PARACETA PORT120 JBE120ML                   2      1845      1845       000      3690       000  000  000  000  000  000         1  7750215575819       21524650       21524650   518271930001  N  0                       2088591 01/08/2024       USD          337          673          548
01 37609954  16298  N  RABANO YODADO JBE BF120ML                   2      1794      1794       000      3588       000  000  000  000  000  000         1  7591616000803       21524650       21524650   518271930001  N  0                        123301 01/04/2024       USD          327          655          548
01 37609954  12396  M  WELLOVIR 5% CREMA 5GR                       3       707       707       000      2121       000  000  000  000  000  000         1  8904307701047       21524650       21524650   518271930001  N  0                         11001 01/09/2024       USD          129          387          548
01 37609954  14109  M  ACETAMINOFEN QF JBE.120ML                  10      1073      1073       000     10730       000  000  000  000  000  000         2  7598484000027       21524650       21524650   518271930002  N  0                          2432 01/03/2025       USD          196         1958          548
01 37609954  14113  M  BROMEXINA QF4MG.JBE.120ML                   4       898       898       000      3592       000  000  000  000  000  000         2  7598484000034       21524650       21524650   518271930002  N  0                          4052 01/05/2024       USD          164          655          548
01 37609954  14123  M  MUCOFAR AD.JBE. 120ML.                      3      1182      1182       000      3546       000  000  000  000  000  000         2  7598484000867       21524650       21524650   518271930002  N  0                          2532 01/03/2024       USD          216          647          548
02 37609954         93         92999          4844           359         98202    0    0    0  000    0    0    0   28/06/2022 4:04:53 p. m.   PR           000           000             0            21           USD          548        17855
