01 37629664  17112  M  ALIVET GRAN.LIMON 10G.X6S                   3      1594      1771       531      4782       000  000  000 1000  000  000         1  7591585116178       21538029       21538029   518475760001  N  0                           002 01/04/2024       USD          287          862          555
01 37629664  13639  M  AMLODIPINA 10MGX30 TAB                      4       780       780       000      3120       000  000  000  000  000  000         1   675696260115       21538029       21538029   518475760001  N  0                         A1603 01/03/2024       USD          141          562          555
01 37629664  VC310  M  BEVINDAZOL400 SUSP.10ML                     6       822       894       432      4932       000  000  000  800  000  000         1  7592782000055       21538029       21538029   518475760001  N  0                       2250008 01/05/2024       USD          148          889          555
01 37629664  15079  C  BIOS LIGH BAR NEUTRO 90GR                   3       759       759       000      2277       364  000  000  000  000  000         1  7595481000265       21538442       21538442   518475760001  N  0                        220402 01/04/2026       USD          137          410          555
01 37629664  12564  C  BRIUTCARE AD C/BLA X12UND                   1      2970      4243      1273      2970       475  000  000 3000  000  000         1   796029455241       21538029       21538029   518475760001  N  0                       BC0821V 01/07/2026       USD          535          535          555
01 37629664  12563  C  BRIUTCARE AD C/PIEL X12UN                   1      2970      4243      1273      2970       475  000  000 3000  000  000         1   796029455210       21538029       21538029   518475760001  N  0                       BC0821V 01/07/2026       USD          535          535          555
01 37629664  12038  M  CEFADROXILO AL500  X12CA                    3      2755      2755       000      8265       000  000  000  000  000  000         1  7597758000237       21538029       21538029   518475760001  N  0                         DL250 01/06/2024       USD          496         1489          555
01 37629664  SP110  M  COMPLEJO B SP COMPR. X 20                   3      1148      1148       000      3444       000  000  000  000  000  000         1  7590027000402       21538029       21538029   518475760001  N  0                           901 01/07/2023       USD          207          621          555
01 37629664  LN105  C  DIADEX CREMA 50GR.                          3       892       892       000      2676       428  000  000  000  000  000         1  7592348208017       21538442       21538442   518475760001  N  0                      15022005 01/06/2025       USD          161          482          555
01 37629664  14495  A  LACTOVAC SUSP.PED. 12ML.                    4      1223      1223       000      4892       783  000  000  000  000  000         1  7596855001031       21538029       21538029   518475760001  N  0                   P0208220601 01/02/2023       USD          220          881          555
01 37629664  EL290  M  LIOLACTIL 1,5G. PPSO X6S.                   1      5282      5282       000      5282       000  000  000  000  000  000         1  7591062013303       21538029       21538029   518475760001  N  0                        22054A 01/06/2023       USD          952          952          555
01 37629664  AY201  C  MACROGOTERO KX 1Y21-1 1/2                   3       240       260       060       720       000  000  300  500  000  000         1   813333014541       21538029       21538029   518475760001  N  0                        210811 01/08/2026       USD          043          130          555
01 37629664  AY201  C  MACROGOTERO KX 1Y21-1 1/2                   2       240       260       040       480       000  000  300  500  000  000         1   813333014541       21538029       21538029   518475760001  N  0                        210811 01/08/2026       USD          043          086          555
01 37629664  15098  C  OXIDANTE CR.DRENE20VOL.75                   3       424       424       000      1272       204  000  000  000  000  000         1  7590005114206       21538442       21538442   518475760001  N  0                    16J001VA00 01/10/2023       USD          076          229          555
01 37629664  11584  M  REHIDROSOL UVA 600ML.                       3      1560      1560       000      4680       000  000  000  000  000  000         1  7592637398443       21538442       21538442   518475760001  N  0                       2200078 01/03/2024       USD          281          843          555
01 37629664  14812  A  RESTAURALYTE 18GR. X12S                     1      6630      6630       000      6630      1061  000  000  000  000  000         1     7591970322       21538029       21538029   518475760001  N  0                      07062022 01/06/2023       USD         1195         1195          555
01 37629664  14238  M  SILDENAFIL GDG50MG. X2TA                   10       278       278       000      2780       000  000  000  000  000  000         1  7598307000050       21538029       21538029   518475760001  N  0                         SM004 01/07/2023       USD          050          501          555
01 37629664  15304  M  SOLUNOVAR BUCAL HBNA.240                    2      1820      1820       000      3640       000  000  000  000  000  000         1  7592782000932       21538029       21538029   518475760001  N  0                       2230007 01/03/2024       USD          328          656          555
01 37629664  15303  M  SOLUNOVAR COMP.SOL. 120ML                   2      2310      2310       000      4620       000  000  000  000  000  000         1  7592782001861       21538029       21538029   518475760001  N  0                       2230013 01/04/2024       USD          416          832          555
01 37629664  EL184  M  TALZIC SOL.ORAL 120ML.                      4      1154      1154       000      4616       000  000  000  000  000  000         1  7591062016649       21538029       21538029   518475760001  N  0                        22051A 01/06/2024       USD          208          832          555
01 37629664  15242  M  VENTODUO 100/50 INH. 200D                   1      6353      6353       000      6353       000  000  000  000  000  000         1  8470007006565       21538442       21538442   518475760001  N  0                      063R003A 01/03/2024       USD         1145         1145          555
01 37629664  VC215  M  FUGOLIN CR. 20 GR.                          4      1512      1643       524      6048       000  000  000  800  000  000         2  7592782000130       21538029       21538029   518475760002  N  0                       2250011 01/05/2024       USD          272         1090          555
01 37629664  14782  M  IBUPRO-TIOCOL DAC600-4X10                   3      1767      1767       000      5301       000  000  000  000  000  000         2  7598578000247       21538029       21538029   518475760002  N  0                          V261 01/08/2024       USD          318          955          555
01 37629664  EL001  M  TALZIC 10MG. X10CO                          3       597       597       000      1791       000  000  000  000  000  000         2  7591062016700       21538029       21538029   518475760002  N  0                        21094A 01/12/2023       USD          108          323          555
01 37629664  10129  C  AGUA OXG AMER C VO40 60CC                   4       304       304       000      1216       195  000  000  000  000  000         3  7592566000608       21538442       21538442   518475760003  N  0                       1021051 01/05/2023       USD          055          219          555
02 37629664         77         81176         14581          3984         99741    0    0    0  000    0    0    0   07/07/2022 3:48:26 p. m.   PR           000           000             0            25           USD          555        17254
