01 37629119  14108  M  ACETAMINOFEN 500MGX20                      12       556       618       744      6672       000  000  000 1000  000  000         1  7592236001973       21538029       21538029   518475820001  N  0                     TA1460019 01/05/2024       USD          100         1202          555
01 37629119  MO180  M  BENZODIAZOL LIM.MIEL 16TM                   2       865      1235       740      1730       000  000  000 3000  000  000         1  7592601301516       21538029       21538029   518475820001  N  0                        234902 01/05/2025       USD          156          312          555
01 37629119  12084  M  BREXIN FORTE 650MG. X10TA                   6       419       599      1080      2514       000  000  000 3000  000  000         1  7591818716755       21538029       21538029   518475820001  N  0                         10349 01/08/2024       USD          075          453          555
01 37629119  14571  M  LOPERAMIDA LAND2MG.X100TA                   1      2075      2075       000      2075       000  000  000  000  000  000         1  7598008000519       21538029       21538029   518475820001  N  0                     TL1040001 01/06/2024       USD          374          374          555
01 37629119  LO439  M  LORATADINA LO 10MG. X10TA                  12       328       504      2112      3936       000  000  000 3500  000  000         1  7591196002990       21538029       21538029   518475820001  N  0                       I111250 01/11/2023       USD          059          709          555
01 37629119  GQ042  M  LOSARTAN P.ELTER50MG.X30                    4      1294      1294       000      5176       000  000  000  000  000  000         1  7592454889841       21538029       21538029   518475820001  N  0                       3501048 01/04/2024       USD          233          933          555
01 37629119  LO419  M  NAS SOL.NASAL PED.15ML.                     3       592       740       444      1776       000  000  000 2000  000  000         1  7591196003027       21538029       21538029   518475820001  N  0                       I121265 01/12/2023       USD          107          320          555
01 37629119  13914  M  OLMESARTAN 20MGX30 TAB                      2      2158      2158       000      4316       000  000  000  000  000  000         1  7592454003285       21538442       21538442   518475820001  N  0                       3501586 01/06/2024       USD          389          778          555
01 37629119  KV199  M  TERAGRIP FORTE NOC X6 SOB.                  4      3549      3549       000     14196       000  000  000  000  000  000         1  7591821801882       21538029       21538029   518475820001  N  0                       2206373 01/06/2024       USD          639         2558          555
01 37629119  QO480  M  ANALPER 150JBE.PED.120ML                    4      1430      1430       000      5720       000  000  000  000  000  000         2  7592454003117       21538029       21538029   518475820002  N  0                       3500932 01/03/2025       USD          258         1031          555
01 37629119  GQ110  M  BROXOL JBE. PED. 120 CC.                    3      2025      2025       000      6075       000  000  000  000  000  000         2  7592454536370       21538029       21538029   518475820002  N  0                       3501159 01/04/2024       USD          365         1095          555
01 37629119  GQ105  M  BROXOL JBE.AD. 120ML.                       2      2318      2318       000      4636       000  000  000  000  000  000         2  7592454536271       21538442       21538442   518475820002  N  0                       3501235 01/04/2024       USD          418          835          555
01 37629119  MY300  M  TILODRIN 30MG.JBE. 120ML.                   3      1563      1645       246      4689       000  000  000  500  000  000         2  7592601100546       21538029       21538029   518475820002  N  0                        206905 01/06/2024       USD          282          845          555
02 37629119         58         63511           000           000         63511    0    0    0  000    0    0    0   07/07/2022 1:59:04 p. m.   PR           000           000             0            13           USD          555        11443
