01 37621441  11795  M  AFLAMAX 50MG. X10TA                        12       512       512       000      6144       000  000  000  000  000  000         1  7591196007186       21532608       21532608   518386710001  N  0                       I052517 01/05/2024       USD          092         1105          556
01 37621441  QO270  M  ANALPER FORTE TAB. 650X10                   6       732       732       000      4392       000  000  000  000  000  000         1  7592454000802       21532608       21532608   518386710001  N  0                       3500414 01/01/2024       USD          132          790          556
01 37621441  MY185  M  BENDAMEN 100MG. X6TA                        4       865       910       180      3460       000  000  000  500  000  000         1  7592601100218       21532608       21532608   518386710001  N  0                        211602 01/05/2027       USD          156          622          556
01 37621441  11898  M  BUCOXOLGAR FRU.RO X10TM                     2      1300      1300       000      2600       000  000  000  000  000  000         1  7592454891363       21532608       21532608   518386710001  N  0                       3501204 01/04/2024       USD          234          468          556
01 37621441  11899  M  BUCOXOLGAR MI-LIM X10TM                     2      1300      1300       000      2600       000  000  000  000  000  000         1  7592454891387       21532608       21532608   518386710001  N  0                       3501359 01/05/2024       USD          234          468          556
01 37621441  12570  M  BUDECORT SOL.P INHAL10ML.                   4      2124      2414      1160      8496       000  000  000 1200  000  000         1  7591196007162       21532608       21532608   518386710001  N  0                        032857 01/04/2024       USD          382         1528          556
01 37621441  CO265  M  CLORACE 500MG/4MG X10TA                     3      1517      1517       000      4551       000  000  000  000  000  000         1  7591818116043       21532608       21532608   518386710001  N  0                         10466 01/10/2024       USD          273          819          556
01 37621441  QM490  M  DICIGEL SUSP. 240ML.                        1      4198      4198       000      4198       000  000  000  000  000  000         1  7592454889216       21532608       21532608   518386710001  N  0                       3501682 01/06/2024       USD          755          755          556
01 37621441  10829  M  FLUCON 200MG. X4CA                          2      1814      1950       272      3628       000  000  000  700  000  000         1  7591955558331       21532608       21532608   518386710001  N  0                          0011 01/05/2024       USD          326          653          556
01 37621441  FA003  M  HIDROTEN 12,5MG. X30TA                      4      1918      1918       000      7672       000  000  000  000  000  000         1  7591821903791       21532608       21532608   518386710001  N  0                       2205449 01/05/2024       USD          345         1380          556
01 37621441  FA012  M  LIPACOMB 20MG-10MG. X30TA                   2      3588      3588       000      7176       000  000  000  000  000  000         1  7591821904002       21532608       21532608   518386710001  N  0                       2202461 01/03/2024       USD          645         1291          556
01 37621441  NP640  M  MACRODANTINA 50MG. X30CA                    1      3890      3890       000      3890       000  000  000  000  000  000         1  7591821901858       21532608       21532608   518386710001  N  0                       2205697 01/05/2025       USD          700          700          556
01 37621441  LO414  M  NAS SOL.GOTAS AD. 15ML.                     6       592       740       888      3552       000  000  000 2000  000  000         1  7591196003140       21532608       21532608   518386710001  N  0                       I022319 01/02/2024       USD          106          639          556
01 37621441  PG110  M  NINAZO GOTAS AD. 15ML.                     20       928       928       000     18560       000  000  000  000  000  000         1  7591821802957       21532608       21532608   518386710001  N  0                       2203419 01/10/2023       USD          167         3338          556
01 37621441  13515  M  PROLARDII 1.3GR. X10SOB.                    1      6878      6878       000      6878       000  000  000  000  000  000         1  7709137132242       21532608       21532608   518386710001  N  0                       0108481 01/02/2024       USD         1237         1237          556
01 37621441  AP001  M  SIGTIPHIN 200MG. X10CO                      4      1544      1625       324      6176       000  000  000  500  000  000         1  7592601301639       21532608       21532608   518386710001  N  0                        236502 01/05/2024       USD          278         1111          556
01 37621441  RZ360  M  SILDEX 50MG. X2TA                          10       346       364       180      3460       000  000  000  500  000  000         1  7594001101420       21532608       21532608   518386710001  N  0                          6426 01/05/2025       USD          062          622          556
01 37621441  KV199  M  TERAGRIP FORTE NOC X6 SOB.                  4      3549      3549       000     14196       000  000  000  000  000  000         1  7591821801882       21532608       21532608   518386710001  N  0                       2206372 01/06/2024       USD          638         2553          556
01 37621441  GQ079  M  VIT C LS500NRJA.10B.X10TM                   1      6724      7911      1187      6724       000  000  000 1500  000  000         1  7703763984329       21532608       21532608   518386710001  N  0                       3281905 01/01/2025       USD         1209         1209          556
01 37621441  11212  C  PERLAVIS FEMTEENS INTI200                   1      1645      1645       000      1645       263  000  000  000  000  000         2  7593090000768       21532608       21532608   518386710002  N  0                        020422 01/04/2025       USD          296          296          556
02 37621441         90        118353          1645           263        120261    0    0    0  000    0    0    0   04/07/2022 6:44:14 p. m.   PR           000           000             0            20           USD          556        21582
