01 37629425  LC309  M  ALIVET 4DIAS 8D-4N X12CO                    2      1752      1947       390      3504       000  000  000 1000  000  000         1  7591585116000       21538029       21538029   518475800001  N  0                           357 01/04/2024       USD          316          631          555
01 37629425  GN790  M  AMLODIPINA GN 5MG. X30CO                    4       869       966       388      3476       000  000  000 1000  000  000         1  7591585278166       21538029       21538029   518475800001  N  0                           390 01/04/2025       USD          157          626          555
01 37629425  LX103  M  CARNISIN 1G.S.ORAL S/A180                   2      4786      5318      1064      9572       000  000  000 1000  000  000         1  7591585112323       21538029       21538029   518475800001  N  0                           062 01/04/2026       USD          862         1725          555
01 37629425  GB850  M  GLICERINA GC SUPOS.AD. X6                   1      3015      3015       000      3015       000  000  000  000  000  000         1  7592349923957       21538029       21538029   518475800001  N  0                       2203174 01/03/2024       USD          543          543          555
01 37629425  11423  M  HIDROCLOROTI GN12,5 X30CO                   3      1999      1999       000      5997       000  000  000  000  000  000         1  7591585172686       21538029       21538029   518475800001  N  0                           029 01/02/2024       USD          360         1081          555
01 37629425  GN534  M  KETOPROFENO GN100 2ML.X2A                   4      1654      1654       000      6616       000  000  000  000  000  000         1  7591585170781       21538029       21538029   518475800001  N  0                           092 01/05/2024       USD          298         1192          555
01 37629425  LT037  M  LISILET 10MG. X30CO                         2      2904      2904       000      5808       000  000  000  000  000  000         1  7591585314369       21538029       21538029   518475800001  N  0                           136 01/02/2025       USD          523         1046          555
01 37629425  LL195  M  MERTHIOLATE TINTURA 60ML.                   1      1949      1949       000      1949       000  000  000  000  000  000         1  7592349953152       21538442       21538442   518475800001  N  0                       2205043 01/05/2024       USD          351          351          555
01 37629425  LC180  M  NASIN 0,5MG.SO.NASAL 15ML                   2      1353      1503       300      2706       000  000  000 1000  000  000         1  7591585110930       21538029       21538029   518475800001  N  0                           174 01/12/2025       USD          244          488          555
01 37629425  LT274  M  PROXIME 750MG. X5CO                         1      3026      3362       336      3026       000  000  000 1000  000  000         1  7591585119773       21538029       21538029   518475800001  N  0                           065 01/09/2025       USD          545          545          555
01 37629425  GN019  M  CETIRIZINA GN SOL. 60ML.                   10       783       870       870      7830       000  000  000 1000  000  000         2  7591585174598       21538029       21538029   518475800002  N  0                           088 01/04/2025       USD          141         1411          555
02 37629425         32         53499           000           000         53499    0    0    0  000    0    0    0   07/07/2022 3:00:03 p. m.   PR           000           000             0            11           USD          555         9639
