01 37635477  DT300  N  ACIDO BORICO DT X12 20GR.                   1      7488      7488       000      7488       000  000  000  000  000  000         1 17591616001463       21542235       21542235   518530070001  N  0                        120501 01/04/2025       USD         1335         1335          561
01 37635477  12229  C  AGUA OX. PAS 3% V10 120ML                   1       484       484       000       484       077  000  000  000  000  000         1  7593723002602       21542177       21542177   518530070001  N  0                       2109424 01/09/2024       USD          086          086          561
01 37635477  EL010  M  ALBICAR 200MG. X6TA                         4       779       779       000      3116       000  000  000  000  000  000         1  7591062010173       21542177       21542177   518530070001  N  0                        22022A 01/03/2025       USD          139          555          561
01 37635477  DT400  N  ALUMBRE POLVO DT20G X12                     1      7020      7020       000      7020       000  000  000  000  000  000         1 17591616001487       21542177       21542177   518530070001  N  0                        111403 01/10/2024       USD         1251         1251          561
01 37635477  16846  M  AZITROMICINA JD200 PPSO15                   4      1482      1482       000      5928       000  000  000  000  000  000         1  7840185425013       21542177       21542177   518530070001  N  0                         D3320 01/01/2025       USD          264         1057          561
01 37635477  PO180  M  BACTRON SUSP. 100ML.                        3      1383      1456       219      4149       000  000  500  000  000  000         1  7592806122015       21542177       21542177   518530070001  N  0                        205070 01/05/2027       USD          247          740          561
01 37635477  EL009  M  BRUGESIC 200MG. X10CO                       2       522       580       116      1044       000  000  000 1000  000  000         1  7591062902379       21542177       21542177   518530070001  N  0                        21054B 01/09/2023       USD          093          186          561
01 37635477  17146  C  CURITAS TOW X100                            1      2535      2535       000      2535       406  000  000  000  000  000         1  7598832000181       21542177       21542177   518530070001  N  0                        211101 01/11/2024       USD          452          452          561
01 37635477  14056  C  DESO BIO MEN 50 GR                          1      1232      1232       000      1232       197  000  000  000  000  000         1  7591885002942       21542177       21542177   518530070001  N  0                           645 01/11/2025       USD          220          220          561
01 37635477  16566  M  DEXAMETASONA PORT4MG X100                   1      7293      7293       000      7293       000  000  000  000  000  000         1  7750215026502       21542177       21542177   518530070001  N  0                       2013181 01/01/2024       USD         1300         1300          561
01 37635477  LN105  C  DIADEX CREMA 50GR.                          3       892       892       000      2676       428  000  000  000  000  000         1  7592348208017       21542177       21542177   518530070001  N  0                      15022005 01/06/2025       USD          159          477          561
01 37635477  11234  C  KIT DE NEBUL.AD.PRIMASAL                    2      1547      1547       000      3094       495  000  000  000  000  000         1  7596466001239       21542177       21542177   518530070001  N  0                     006220304 01/03/2027       USD          276          552          561
01 37635477  12186  M  MAXTHIO 4MG/2ML. IM X6A                     1      4393      4393       000      4393       000  000  000  000  000  000         1  8699525755247       21542177       21542177   518530070001  N  0                       A098198 01/10/2024       USD          783          783          561
01 37635477  PO550  M  MILAX POLVO 120GR.                          1      2860      2860       000      2860       000  000  000  000  000  000         1  7592806132038       21542177       21542177   518530070001  N  0                        205075 01/05/2025       USD          510          510          561
01 37635477  14727  C  MIMADITO CORP.MZNI ALOE75                   2       781       781       000      1562       250  000  000  000  000  000         1  7591248723002       21542177       21542177   518530070001  N  0                  M50052272300 01/05/2024       USD          139          278          561
01 37635477  14300  M  NEUMOCORT INH.200MCGX200D                   1      6390      6390       000      6390       000  000  000  000  000  000         1  7795373012912       21542177       21542177   518530070001  N  0                           208 01/08/2023       USD         1139         1139          561
01 37635477  DT370  N  SAL DE HIGUERA DT X12 20G                   1      7488      7488       000      7488       000  000  000  000  000  000         1 17591616001630       21542177       21542177   518530070001  N  0                        123503 01/06/2025       USD         1335         1335          561
01 37635477  13725  M  SALRES 100MCG AERO 200DOS                   1      2990      2990       000      2990       000  000  000  000  000  000         1  8699525528148       21542177       21542177   518530070001  N  0                       A098418 01/10/2024       USD          533          533          561
01 37635477  EL394  M  TACHIFORTE 650MG. X10TA                     8       503       503       000      4024       000  000  000  000  000  000         1  7591062017295       21542177       21542177   518530070001  N  0                        22029B 01/03/2027       USD          090          717          561
01 37635477  FS510  N  VASELINA FSI 30GR.                          3       917       917       000      2751       000  000  000  000  000  000         1  7592368001049       21542177       21542177   518530070001  N  0                       0322059 01/02/2024       USD          163          490          561
02 37635477         42         66934         11583          1853         80370    0    0    0  000    0    0    0   11/07/2022 3:15:27 p. m.   PR           000           000             0            20           USD          561        13996
