01 37635133  10736  M  ACETAMINOFEN PX 650 X10TA                  24       416       416       000      9984       000  000  000  000  000  000         1  7594001101604       21542177       21542177   518530120001  N  0                          6239 01/02/2024       USD          074         1780          561
01 37635133  12827  M  ALBENDAZOL PX 200MG X2TA                    6       371       371       000      2226       000  000  000  000  000  000         1  7594001100263       21542177       21542177   518530120001  N  0                          6388 01/11/2023       USD          066          397          561
01 37635133  MY170  M  ASCAFYL TAB. X10                            2       865       910       090      1730       000  000  000  500  000  000         1  7592601100140       21542177       21542177   518530120001  N  0                        106702 01/09/2023       USD          154          308          561
01 37635133  GQ749  M  AZITROMICINA ELTER 500X5                   12      1210      1729      6228     14520       000  000  000 3000  000  000         1  7703763700219       21542177       21542177   518530120001  N  0                       3285719 01/03/2025       USD          216         2588          561
01 37635133  PD565  M  BARGONIL UNG. 10GR.                         2      4836      5200       728      9672       000  000  000  700  000  000         1  7591955000045       21542177       21542177   518530120001  N  0                          0106 01/05/2026       USD          862         1724          561
01 37635133  14550  M  CETIRIZINA LAND10 X100TA                    2      2594      2594       000      5188       000  000  000  000  000  000         1  7598008000298       21542177       21542177   518530120001  N  0                     TC2170001 01/10/2024       USD          462          925          561
01 37635133  LA103  C  CLIMAX EXPLO PRESERV.X3                     1       361       481       120       361       058  000  000 2500  000  000         1  8852961009392       21542177       21542177   518530120001  N  0                        174402 01/10/2022       USD          064          064          561
01 37635133  KW007  C  CLIMAX MAXIMA PRESERV. X3                   1       361       481       120       361       058  000  000 2500  000  000         1  8852961006148       21542177       21542177   518530120001  N  0                        174602 01/10/2022       USD          064          064          561
01 37635133  QM490  M  DICIGEL SUSP. 240ML.                        2      4198      4198       000      8396       000  000  000  000  000  000         1  7592454889216       21542177       21542177   518530120001  N  0                       3501682 01/06/2024       USD          748         1497          561
01 37635133  PD390  M  FLEMICAINE SOL.TOP. 5ML.                    3      1451      1560       327      4353       000  000  000  700  000  000         1  7591955000489       21542177       21542177   518530120001  N  0                          0028 01/04/2025       USD          259          776          561
01 37635133  14107  M  GENTAM+BETAM+CLOTRIX30CR                    3      1409      1658       747      4227       000  000  000 1500  000  000         1  6930169708162       21542177       21542177   518530120001  N  0                        211005 01/10/2024       USD          251          753          561
01 37635133  16432  M  LOSARTAN P.BM50MG. X30TA                    4       796       936       560      3184       000  000  000 1500  000  000         1  7598127001152       21542177       21542177   518530120001  N  0                        211027 01/10/2024       USD          142          568          561
01 37635133  GQ042  M  LOSARTAN P.ELTER50MG.X30                    5      1294      1294       000      6470       000  000  000  000  000  000         1  7592454889841       21542177       21542177   518530120001  N  0                       3501048 01/04/2024       USD          231         1153          561
01 37635133  CO105  M  MIOVIT GRAGEAS X30                          3      1675      3046      4113      5025       000  000  000 4500  000  000         1  7591818118047       21542177       21542177   518530120001  N  0                         20112 01/04/2025       USD          299          896          561
01 37635133  LO414  M  NAS SOL.GOTAS AD. 15ML.                     4       710       888       712      2840       000  000  000 2000  000  000         1  7591196003140       21542183       21542183   518530120001  N  0                       I022319 01/02/2024       USD          127          506          561
01 37635133  PG110  M  NINAZO GOTAS AD. 15ML.                      8       854       928       592      6832       000  000  000  800  000  000         1  7591821802957       21542177       21542177   518530120001  N  0                       2203419 01/10/2023       USD          152         1218          561
01 37635133  14756  N  PASIFLORA AI JBE. 120ML.                    1      1547      1547       000      1547       000  000  000  000  000  000         1  7592946012788       21542177       21542177   518530120001  N  0                      03222788 01/03/2024       USD          276          276          561
01 37635133  KL061  M  PLIDAN SOL.GOTAS 20ML.                      2      2660      2860       400      5320       000  000  000  700  000  000         1  7591619517940       21542177       21542177   518530120001  N  0                          0031 01/02/2025       USD          474          948          561
01 37635133  PD210  M  PRAXONA 150MG. X10CO                        1      1814      1950       136      1814       000  000  000  700  000  000         1  7591955000663       21542177       21542177   518530120001  N  0                          0056 01/11/2023       USD          323          323          561
01 37635133  RZ360  M  SILDEX 50MG. X2TA                           4       346       364       072      1384       000  000  000  500  000  000         1  7594001101420       21542177       21542177   518530120001  N  0                          6426 01/05/2025       USD          062          247          561
02 37635133         90         94712           722           116         95550    0    0    0  000    0    0    0   11/07/2022 1:50:02 p. m.   PR           000           000             0            20           USD          561        17011
