01 37637447  PO185  M  BACTRON TAB. X20                            3      1445      1521       228      4335       000  000  500  000  000  000         1  7592806133073       21542177       21542177   518530080001  N  0                        204060 01/04/2027       USD          258          773          561
01 37637447  EL920  M  BRUGESIC 400MG. X10CO                       2       401       801       800       802       000  000  000 5000  000  000         1  7591062902546       21542177       21542177   518530080001  N  0                        21033A 01/07/2023       USD          071          143          561
01 37637447  EL930  M  BRUGESIC 600MG. X10CO                       2      1248      1248       000      2496       000  000  000  000  000  000         1  7591062902539       21542177       21542177   518530080001  N  0                        21035A 01/07/2023       USD          222          445          561
01 37637447  12191  M  CARBAMAZEPINA AL200MG30TA                   3      1786      2350      1692      5358       000  000  500 2000  000  000         1  7597758000503       21542177       21542177   518530080001  N  0                         DL178 01/02/2024       USD          318          955          561
01 37637447  14114  M  CIPROFLOXACINA QF500 10TA                   6       724       724       000      4344       000  000  000  000  000  000         1  7598484001031       21542177       21542177   518530080001  N  0                     TC1220006 01/11/2023       USD          129          774          561
01 37637447  PO195  M  DECOBEL 8MG. 2ML. X1VIAL                    3       995      1105       330      2985       000  000 1000  000  000  000         1  7592806112047       21542177       21542177   518530080001  N  0                        111194 01/11/2024       USD          177          532          561
01 37637447  EL071  M  TACHIFORTE 1GR. X20TA                       3      1265      1265       000      3795       000  000  000  000  000  000         1  7591062900948       21542177       21542177   518530080001  N  0                        22028B 01/03/2024       USD          225          676          561
01 37637447  EL320  M  TACHIPIRIN SUPOS. 250X6                     2      1301      1301       000      2602       000  000  000  000  000  000         1  7591062011378       21542177       21542177   518530080001  N  0                        20082A 01/07/2025       USD          232          464          561
01 37637447  EL320  M  TACHIPIRIN SUPOS. 250X6                     1      1301      1301       000      1301       000  000  000  000  000  000         1  7591062011378       21542177       21542177   518530080001  N  0                        20082A 01/07/2025       USD          232          232          561
01 37637447  EL001  M  TALZIC 10MG. X10CO                          4       597       597       000      2388       000  000  000  000  000  000         1  7591062016700       21542177       21542177   518530080001  N  0                        21094A 01/12/2023       USD          106          426          561
01 37637447  AV190  C  CR REPE.AVISPA100GR.TUBO                    2      1392      1392       000      2784       445  000  000  000  000  000         2  7591635000204       21542177       21542177   518530080002  N  0                       0500622 01/06/2024       USD          248          496          561
01 37637447  RN110  C  GERDEX SOL. SPRAY 240CC.                    2       993       993       000      1986       318  000  000  000  000  000         2  7591838000117       21542177       21542177   518530080002  N  0                       A244036 01/06/2025       USD          177          354          561
01 37637447  SQ170  C  LUBRIX GEL FRESA 60CC.                      1      1391      1391       000      1391       223  000  000  000  000  000         2  7592904000444       21542177       21542177   518530080002  N  0                           210 01/03/2025       USD          248          248          561
01 37637447  SQ180  C  LUBRIX GEL LUB.CHOCO60CC.                   1      1391      1391       000      1391       223  000  000  000  000  000         2  7592904000437       21542177       21542177   518530080002  N  0                           203 01/01/2025       USD          248          248          561
01 37637447  16588  C  NIVEA MEN F.I ROLLON 50ML                   2      1139      1139       000      2278       364  000  000  000  000  000         2  4005900515889       21542177       21542177   518530080002  N  0                      20533057 01/10/2024       USD          203          406          561
01 37637447  16587  C  NIVEA MEN F.S ROLLON 50ML                   2      1139      1139       000      2278       364  000  000  000  000  000         2  4005900515902       21542177       21542177   518530080002  N  0                      13610957 01/09/2024       USD          203          406          561
01 37637447  10011  C  PRE TRATAMI KERATIN380CC                    1      1309      1309       000      1309       209  000  000  000  000  000         2  7593723000622       21542177       21542177   518530080002  N  0                       1910286 01/11/2022       USD          233          233          561
01 37637447  16445  C  SAVONE JAB.BARRA AVE100GR                   2       530       530       000      1060       170  000  000  000  000  000         2  7598404231838       21542177       21542177   518530080002  N  0                      20210811 01/08/2024       USD          094          189          561
01 37637447  16447  C  SAVONE JAB.BARRA BEBE 100                   1       530       530       000       530       085  000  000  000  000  000         2  7598404231852       21542177       21542177   518530080002  N  0                      20210810 01/08/2024       USD          094          094          561
01 37637447  16448  C  SAVONE JAB.DERMOL CL 100G                   1       811       811       000       811       130  000  000  000  000  000         2  7598504265573       21542177       21542177   518530080002  N  0                      20210816 01/08/2024       USD          145          145          561
01 37637447  10614  N  CITRATO POTASIO10%FSI240                    2      1816      1816       000      3632       000  000  000  000  000  000         3  7592368003456       21542177       21542177   518530080003  N  0                       0522077 01/05/2023       USD          324          647          561
01 37637447  12516  M  REHIDROSOL FRAMBUES 600ML                   4      1560      1560       000      6240       000  000  000  000  000  000         3  7592637398535       21542177       21542177   518530080003  N  0                       2200019 01/03/2024       USD          278         1112          561
02 37637447         50         40278         15818          2531         58627    0    0    0  000    0    0    0   11/07/2022 7:59:55 p. m.   PR           000           000             0            22           USD          561         9999
