01 37634939  14108  M  ACETAMINOFEN 500MGX20                      12       556       618       744      6672       000  000  000 1000  000  000         1  7592236001973       21542177       21542177   518530130001  N  0                     TA1460019 01/05/2024       USD          099         1189          561
01 37634939  15264  M  ACETAMINOFEN BM800 X10TA                   12       415       488       876      4980       000  000  000 1500  000  000         1  7598127000988       21542177       21542177   518530130001  N  0                        210460 01/04/2024       USD          074          888          561
01 37634939  11795  M  AFLAMAX 50MG. X10TA                        10       512       512       000      5120       000  000  000  000  000  000         1  7591196007186       21542177       21542177   518530130001  N  0                       I052528 01/05/2024       USD          091          913          561
01 37634939  LO970  M  AZACARD 81MG. X30TA                         2      1502      1669       334      3004       000  000  000 1000  000  000         1  7591196002464       21542177       21542177   518530130001  N  0                       I022325 01/03/2024       USD          268          535          561
01 37634939  12570  M  BUDECORT SOL.P INHAL10ML.                   3      2337      2656       957      7011       000  000  000 1200  000  000         1  7591196007162       21542177       21542177   518530130001  N  0                        032860 01/04/2024       USD          417         1250          561
01 37634939  AP470  M  CYPRAL 750MG. X6TA                          4      1050      1105       220      4200       000  000  000  500  000  000         1  7592601200482       21542177       21542177   518530130001  N  0                        122702 01/10/2025       USD          187          749          561
01 37634939  GQ364  M  GLIMEPIRIDE ELTER2MG. X16                   2      1382      1382       000      2764       000  000  000  000  000  000         1  7703763165056       21542177       21542177   518530130001  N  0                       3500961 01/03/2024       USD          246          493          561
01 37634939  GQ379  M  GLIMEPIRIDE ELTER4MG. X16                   2      1795      1795       000      3590       000  000  000  000  000  000         1  7703763165063       21542177       21542177   518530130001  N  0                       3501273 01/04/2025       USD          320          640          561
01 37634939  15394  M  ANANTY FORTE160MG.SO60ML                    6       637       637       000      3822       000  000  000  000  000  000         2  7594001101673       21542177       21542177   518530130002  N  0                          6460 01/06/2024       USD          114          681          561
01 37634939  CO640  M  KATIVIL SOL.ORAL 90ML.                      1      2881      2881       000      2881       000  000  000  000  000  000         2  7591818244128       21542177       21542177   518530130002  N  0                         10389 01/09/2024       USD          514          514          561
02 37634939         54         44044           000           000         44044    0    0    0  000    0    0    0   11/07/2022 1:01:21 p. m.   PR           000           000             0            10           USD          561         7851
