01 37655751  PO180  M  BACTRON SUSP. 100ML.                        6      1383      1456       438      8298       000  000  500  000  000  000         1  7592806122015       21555096       21555096   518714720001  N  0                        205070 01/05/2027       USD          243         1456          570
01 37655751  13946  A  BIOTIN 5000MCG X30CA VAL                    2      3465      3465       000      6930       000  000  000  000  000  000         1   617748376306       21555096       21555096   518714720001  N  0                        22A258 01/12/2024       USD          608         1216          570
01 37655751  15962  M  DEXTROSA BC5% 500ML.                        3       762       897       405      2286       000  000  000 1500  000  000         1  7597767000082       21555096       21555096   518714720001  N  0                      21062619 01/06/2025       USD          134          401          570
01 37655751  13510  C  EVERY N.D.BOL.BIO BABY P.                   2       655       655       000      1310       210  000  000  000  000  000         1  7590005162801       21555096       21555096   518714720001  N  0                       2205269 01/05/2024       USD          115          230          570
01 37655751  14117  M  FANASAL AD. GOTAS 15ML.                     8       725       725       000      5800       000  000  000  000  000  000         1  7598484000218       21555096       21555096   518714720001  N  0                          6162 01/06/2024       USD          127         1018          570
01 37655751  BQ190  M  FERCOR COMP. CAPS. X30                      2      1940      1940       000      3880       000  000  000  000  000  000         1  7594000850206       21555200       21555200   518714720001  N  0                        201108 01/11/2022       USD          340          681          570
01 37655751  PO460  M  FOLIFER B12 TAB. X30                        2      1781      1781       000      3562       000  000  000  000  000  000         1  7592806133639       21555096       21555096   518714720001  N  0                        202018 01/02/2025       USD          312          625          570
01 37655751  15900  M  KETOPROFENO RONA100MG.X1A                   4      1014      1014       000      4056       000  000  000  000  000  000         1  7598295000063       21555096       21555096   518714720001  N  0                       2110302 01/09/2024       USD          178          712          570
01 37655751  11163  M  LEVOFERIN SOL.ORAL 90ML.                    2      2015      2015       000      4030       000  000  000  000  000  000         1  7592782000741       21555096       21555096   518714720001  N  0                       2230001 01/03/2025       USD          354          707          570
01 37655751  LN165  M  MADECASSOL 2% POLVO 5GR.                    2      2855      2855       000      5710       000  000  000  000  000  000         1  7592348218108       21555096       21555096   518714720001  N  0                       2203034 01/03/2027       USD          501         1002          570
01 37655751  14372  M  METRONIDA PORTU500 X100TA                   1      5577      5577       000      5577       000  000  000  000  000  000         1  7750215332641       21555096       21555096   518714720001  N  0                       2102851 01/10/2024       USD          978          978          570
01 37655751  14955  M  METRONIDAZOL PORT500 10OV                   1      2574      2574       000      2574       000  000  000  000  000  000         1  7750215001806       21555096       21555096   518714720001  N  0                       2032812 01/03/2025       USD          452          452          570
01 37655751  16763  C  NOSOTRAS EXT.PROTE X8                       3       686       686       000      2058       329  000  000  000  000  000         1  7702027042935       21555200       21555200   518714720001  N  0                    RN05220525 01/05/2025       USD          120          361          570
01 37655751  16365  C  PILAS TIANQI ALARM 23A X5                   1      2285      2285       000      2285       366  000  000  000  000  000         1  6927799689190       21555096       21555096   518714720001  N  0                           10X 01/06/2024       USD          401          401          570
01 37655751  16368  C  PILAS TOSHIB HEAVY AA X10                   1      2738      2738       000      2738       438  000  000  000  000  000         1  4904530593406       21555096       21555096   518714720001  N  0                           10X 01/01/2030       USD          480          480          570
01 37655751  13528  C  PROTECTO LAB. CACAO 4.2GR                   3       780       780       000      2340       374  000  000  000  000  000         1  7591415011772       21555096       21555096   518714720001  N  0                       2205002 01/05/2023       USD          137          411          570
01 37655751  11584  M  REHIDROSOL UVA 600ML.                       4      1560      1560       000      6240       000  000  000  000  000  000         1  7592637398443       21555096       21555096   518714720001  N  0                       2200078 01/03/2024       USD          274         1095          570
01 37655751  FF200  M  SILVEDERMA 1% CR. 50GR.                     1      2748      2748       000      2748       000  000  000  000  000  000         1  7591096000140       21555096       21555096   518714720001  N  0                      012R029A 01/04/2024       USD          482          482          570
01 37655751  EL085  M  TACHIPIRIN 100GOTAS 30ML.                   2      1628      1628       000      3256       000  000  000  000  000  000         1  7591062011330       21555096       21555096   518714720001  N  0                        22020B 01/03/2025       USD          286          571          570
01 37655751  SP003  M  LEVOFLOXACINA SP 750 X5                     3       975      1219       732      2925       000  000  000 2000  000  000         2  7590027002314       21555096       21555096   518714720002  N  0                          1531 01/10/2023       USD          171          513          570
01 37655751  SP002  M  MONTELUKAST SP10MG. X10TA                   4       846      1057       844      3384       000  000  000 2000  000  000         2  7590027002154       21555096       21555096   518714720002  N  0                          1651 01/11/2023       USD          148          594          570
01 37655751  EL320  M  TACHIPIRIN SUPOS. 250X6                     3      1301      1301       000      3903       000  000  000  000  000  000         2  7591062011378       21555096       21555096   518714720002  N  0                        20082A 01/07/2025       USD          228          685          570
02 37655751         60         75159         10731          1717         87607    0    0    0  000    0    0    0   18/07/2022 6:44:19 p. m.   PR           000           000             0            22           USD          570        15068
