01 37654149  MK088  M  AZITROMICINA +MK500 X3TA                   18       737      1084      6246     13266       000  000 2000 1500  000  000         1  7591519002027       21555096       21555096   518714780001  N  0                         32936 01/05/2024       USD          129         2327          570
01 37654149  MK088  M  AZITROMICINA +MK500 X3TA                    2       737      1084       694      1474       000  000 2000 1500  000  000         1  7591519002027       21555096       21555096   518714780001  N  0                         32936 01/05/2024       USD          129          259          570
01 37654149  13590  M  CARVEDILOL 6,25MG X30TA                     2      2116      2116       000      4232       000  000  000  000  000  000         1  7703763712724       21555096       21555096   518714780001  N  0                       3277483 01/10/2023       USD          371          742          570
01 37654149  GQ719  M  CLOTRI-NEO-DEXA ELTER20GR                   2      2717      2717       000      5434       000  000  000  000  000  000         1  7703763300051       21555096       21555096   518714780001  N  0                       3501004 01/03/2025       USD          477          953          570
01 37654149  12927  M  CLOTRIMAZOL AL200MG X3OVU                   3      1121      1180       177      3363       000  000  500  000  000  000         1  7597758000657       21555096       21555096   518714780001  N  0                      A1AAL003 01/11/2024       USD          197          590          570
01 37654149  12927  M  CLOTRIMAZOL AL200MG X3OVU                   1      1121      1180       059      1121       000  000  500  000  000  000         1  7597758000657       21555096       21555096   518714780001  N  0                      A1AAL003 01/11/2024       USD          197          197          570
01 37654149  MK087  M  DESLORATADINA +MK5MG. X10                   6       577       848      1626      3462       000  000 2000 1500  000  000         1  7591519008210       21555096       21555096   518714780001  N  0                         32697 01/03/2025       USD          101          607          570
01 37654149  GQ379  M  GLIMEPIRIDE ELTER4MG. X16                   3      1885      1885       000      5655       000  000  000  000  000  000         1  7703763165063       21555096       21555096   518714780001  N  0                       3501273 01/04/2025       USD          331          992          570
01 37654149  MK809  M  IVERMECTINA +MK 6MG. X4TA                   6       268       394       756      1608       000  000 2000 1500  000  000         1  7591519007121       21555096       21555096   518714780001  N  0                        960221 01/02/2023       USD          047          282          570
01 37654149  11629  M  PANTOPRAZOL AL40MG. X7TA                    3       654       861       621      1962       000  000  500 2000  000  000         1  7597758000299       21555096       21555096   518714780001  N  0                         DL233 01/06/2024       USD          115          344          570
01 37654149  13515  M  PROLARDII 1.3GR. X10SOB.                    1      7222      7222       000      7222       000  000  000  000  000  000         1  7709137132242       21555096       21555096   518714780001  N  0                       0108613 01/02/2024       USD         1267         1267          570
01 37654149  12983  M  SOL FISIOLOGIC SOMA 30ML                    4       974      1004       120      3896       000  000  000  300  000  000         1  7596139000163       21555096       21555096   518714780001  N  0                         GF405 01/09/2023       USD          171          684          570
01 37654149  11565  M  TIOCOLFEN 600-4 X10TA                       2      3543      3543       000      7086       000  000  000  000  000  000         1  7592454891288       21555096       21555096   518714780001  N  0                       3501227 01/05/2024       USD          622         1243          570
02 37654149         53         59781           000           000         59781    0    0    0  000    0    0    0   18/07/2022 3:12:20 p. m.   PR           000           000             0            13           USD          570        10488
