01 37665015  EL685  M  ALBICAR 200MG X2TA                          3       426       426       000      1278       000  000  000  000  000  000         1  7591062010036       21562584       21561895   518825300001  N  0                        22035B 01/04/2025       USD          074          223          573
01 37665015  EL685  M  ALBICAR 200MG X2TA                          6       426       426       000      2556       000  000  000  000  000  000         1  7591062010036       21561895       21561895   518825300001  N  0                        22035B 01/04/2025       USD          074          446          573
01 37665015  EL010  M  ALBICAR 200MG. X6TA                         3       779       779       000      2337       000  000  000  000  000  000         1  7591062010173       21562584       21562584   518825300001  N  0                        22022A 01/03/2025       USD          136          408          573
01 37665015  EL002  M  ALBICAR 400MG. SUSP.10ML.                   3       889       889       000      2667       000  000  000  000  000  000         1  7591062010029       21562584       21562584   518825300001  N  0                        21067B 01/09/2024       USD          155          465          573
01 37665015  AL120  C  ALGODON ALVE 10 GR.                         6       378       378       000      2268       363  000  000  000  000  000         1  7591442000046       21561913       21561913   518825300001  N  0                       JUN2022 01/06/2027       USD          066          396          573
01 37665015  16846  M  AZITROMICINA JD200 PPSO15                   6      1482      1482       000      8892       000  000  000  000  000  000         1  7840185425013       21561895       21561895   518825300001  N  0                         D3320 01/01/2025       USD          259         1552          573
01 37665015  PO175  M  BACITRACINA PO UNG. 15GR.                   3      1105      1105       000      3315       000  000  000  000  000  000         1  7592806141016       21561895       21561895   518825300001  N  0                        205078 01/05/2025       USD          193          579          573
01 37665015  VC310  M  BEVINDAZOL400 SUSP.10ML                     8       894       894       000      7152       000  000  000  000  000  000         1  7592782000055       21561895       21561895   518825300001  N  0                       2250008 01/05/2024       USD          156         1248          573
01 37665015  15220  C  CALAMINOL FRESH LOT.104ML                   1      1823      1823       000      1823       292  000  000  000  000  000         1       75971748       21561895       21561895   518825300001  N  0                       2206301 01/06/2025       USD          318          318          573
01 37665015  13644  M  CARVEDILOL BUKA12.5 X30TA                   3      1482      1560       234      4446       000  000  000  500  000  000         1   675696259980       21561895       21561895   518825300001  N  0                        CVR303 01/09/2024       USD          259          776          573
01 37665015  16967  M  CLAVULAM 875-125 X10TA                      1      4875      4875       000      4875       000  000  000  000  000  000         1  8906045946216       21561895       21561895   518825300001  N  0                      LVUTE001 01/11/2023       USD          851          851          573
01 37665015  15533  C  DRENE CH.PROH SECOMALT200                   1       935       935       000       935       150  000  000  000  000  000         1  7590005008222       21561895       21561895   518825300001  N  0                       2206122 01/06/2024       USD          163          163          573
01 37665015  16539  M  GESTASYN100 X10T ORA-VAG.                   2      3250      3250       000      6500       000  000  000  000  000  000         1  8904250520665       21561895       21561895   518825300001  N  0                    E1S2HTA016 01/08/2023       USD          567         1134          573
01 37665015  14494  A  LACTOVAC SUSP. 12ML.                        2      1256      1256       000      2512       402  000  000  000  000  000         1  7596855000027       21561895       21561895   518825300001  N  0                   P0108220621 01/02/2023       USD          219          438          573
01 37665015  14495  A  LACTOVAC SUSP.PED. 12ML.                    4      1256      1256       000      5024       804  000  000  000  000  000         1  7596855001031       21561895       21561895   518825300001  N  0                   P0208220622 01/02/2023       USD          219          877          573
01 37665015  13522  C  LIMP ENCI REBEL GALA 100G                   6       638       638       000      3828       612  000  000  000  000  000         1  7595751002708       21561895       21561895   518825300001  N  0                       2103022 01/03/2024       USD          111          668          573
01 37665015  12186  M  MAXTHIO 4MG/2ML. IM X6A                     1      5064      5330       266      5064       000  000  000  500  000  000         1  8699525755247       21561895       21561895   518825300001  N  0                       A098198 01/10/2024       USD          884          884          573
01 37665015  14954  M  METRONIDAZOL PORT250 120                    2      2574      2574       000      5148       000  000  000  000  000  000         1  7750215796597       21561895       21561895   518825300001  N  0                       2112981 01/11/2024       USD          449          898          573
01 37665015  13725  M  SALRES 100MCG AERO 200DOS                   1      3770      3770       000      3770       000  000  000  000  000  000         1  8699525528148       21561913       21561913   518825300001  N  0                       A098418 01/10/2024       USD          658          658          573
01 37665015  11196  C  SIEMPRESECO PAÑAL AD.M X6                   2      1785      1785       000      3570       571  000  000  000  000  000         1  7591353699001       21561895       21561895   518825300001  N  0                      20628102 01/06/2024       USD          312          623          573
01 37665015  12124  C  BOROCANFOR COOL.PVO.35GR                    2       841       841       000      1682       269  000  000  000  000  000         2       75971434       21561895       21561895   518825300002  N  0                       2205306 01/05/2024       USD          147          294          573
01 37665015  12123  C  BOROCANFOR ORIG.PVO.35GR                    2       841       841       000      1682       269  000  000  000  000  000         2       75971427       21561895       21561895   518825300002  N  0                       2205304 01/05/2024       USD          147          294          573
01 37665015  15535  C  DRENE CH.PROH RIZADO370                     1      1522      1522       000      1522       244  000  000  000  000  000         2  7590005008260       21561895       21561895   518825300002  N  0                       2206070 01/06/2024       USD          266          266          573
02 37665015         69         65536         17310          3975         86821    0    0    0  000    0    0    0   21/07/2022 4:50:08 p. m.   PR           000           000             0            22           USD          573        14458
