01 37665848  MK635  M  ALBENDAZOL +MK200T.FRU.X2                   6       377       554      1062      2262       000  000 2000 1500  000  000         1  7591519007022       21561895       21561895   518825360001  N  0                         32954 01/05/2024       USD          066          395          573
01 37665848  15029  M  AMLODIPINA AL5MG. X30TA                     3       844      1110       798      2532       000  000  500 2000  000  000         1  7597758000756       21561895       21561895   518825360001  N  0                        SAF004 01/01/2024       USD          147          442          573
01 37665848  15029  M  AMLODIPINA AL5MG. X30TA                     1       844      1110       266       844       000  000  500 2000  000  000         1  7597758000756       21561895       21561895   518825360001  N  0                        SAF004 01/01/2024       USD          147          147          573
01 37665848  14869  M  AMOXICILINA FM500 X10CA                     8       858       858       000      6864       000  000  000  000  000  000         1  8906082150676       21561895       21561895   518825360001  N  0                     ACAMX3005 01/07/2024       USD          150         1198          573
01 37665848  PA275  M  BETAGEN SOLSPEN 1ML.1AMP.                   2      2990      2990       000      5980       000  000  000  000  000  000         1  7591243804409       21561913       21561913   518825360001  N  0                         93162 01/12/2023       USD          522         1044          573
01 37665848  11898  M  BUCOXOLGAR FRU.RO X10TM                     2      1392      1392       000      2784       000  000  000  000  000  000         1  7592454891363       21561895       21561895   518825360001  N  0                       3501618 01/06/2024       USD          243          486          573
01 37665848  VP324  M  COMPLEJO B VP 2CC. X3                       4       727      1616      3556      2908       000  000  000 5500  000  000         1  7703153013059       21561895       21561895   518825360001  N  0                       1319621 01/01/2024       USD          127          508          573
01 37665848  MK087  M  DESLORATADINA +MK5MG. X10                   3       577       848       813      1731       000  000 2000 1500  000  000         1  7591519008210       21561895       21561895   518825360001  N  0                         32697 01/03/2025       USD          101          302          573
01 37665848  MK087  M  DESLORATADINA +MK5MG. X10                   1       577       848       271       577       000  000 2000 1500  000  000         1  7591519008210       21561895       21561895   518825360001  N  0                         32697 01/03/2025       USD          101          101          573
01 37665848  12989  N  GOTAS DE VAL. SOMA 15ML                     6       744       767       138      4464       000  000  000  300  000  000         1  7596139000132       21561913       21561913   518825360001  N  0                         GV502 01/06/2024       USD          130          779          573
01 37665848  AH235  M  HEXOMEDINE COLUT.AER.30GR                   3      3662      3662       000     10986       000  000  000  000  000  000         1  7591519317398       21562122       21562122   518825360001  N  0                         33038 01/07/2024       USD          639         1917          573
01 37665848  14191  M  IBUMAX 400MG. X10CA                         1      1126      1126       000      1126       000  000  000  000  000  000         1  7703763178445       21562434       21562434   518825360001  N  0                       3280976 01/12/2023       USD          197          197          573
01 37665848  GQ070  M  KETOPROFENO ELTER100 X20                    4      1691      1691       000      6764       000  000  000  000  000  000         1  7592454154055       21561895       21561895   518825360001  N  0                       3501496 01/05/2024       USD          295         1180          573
01 37665848  14877  M  LORATADINA FM10MG. X10TA                   12       390       390       000      4680       000  000  000  000  000  000         1  8906005117595       21561895       21561895   518825360001  N  0                     E65222001 01/12/2024       USD          068          817          573
01 37665848  14255  M  LOSARTAN P. 100MG X30TA                     3      2485      2924      1317      7455       000  000  000 1500  000  000         1  7592454891172       21561895       21561895   518825360001  N  0                       3501089 01/04/2024       USD          434         1301          573
01 37665848  PA226  M  YONAL 15MG. JBE. 120ML.                     4      1755      1755       000      7020       000  000  000  000  000  000         1  7591243856705       21561895       21561895   518825360001  N  0                       9341901 01/07/2025       USD          306         1225          573
01 37665848  16949  M  YONALAT 15/3 JBE. 120ML.                    2      2048      2048       000      4096       000  000  000  000  000  000         1  7591243856729       21561895       21561895   518825360001  N  0                       9349702 01/06/2024       USD          357          715          573
01 37665848  GQ105  M  BROXOL JBE.AD. 120ML.                       3      1986      2483      1491      5958       000  000  000 2000  000  000         2  7592454536271       21561895       21561895   518825360002  N  0                       3501238 01/04/2024       USD          347         1040          573
01 37665848  PA009  M  LOGANIL JBE.AD. 120ML.                      2      2470      2470       000      4940       000  000  000  000  000  000         2  7591243831474       21561895       21561895   518825360002  N  0                       9339202 01/05/2024       USD          431          862          573
01 37665848  PA010  M  LOGANIL JBE.PED. 120ML.                     2      2275      2275       000      4550       000  000  000  000  000  000         2  7591243831511       21561895       21561895   518825360002  N  0                       9339602 01/05/2024       USD          397          794          573
02 37665848         72         88521           000           000         88521    0    0    0  000    0    0    0   21/07/2022 6:44:20 p. m.   PR           000           000             0            20           USD          573        15449
