01 37673739  16938  M  AMOXICILINA BM500 X30CA                     1      2205      2594       389      2205       000  000  000 1500  000  000         1  7598127001664       21567188       21567188   518894270001  N  0                        211213 01/12/2024       USD          385          385          573
01 37673739  16938  M  AMOXICILINA BM500 X30CA                     4      2205      2594      1556      8820       000  000  000 1500  000  000         1  7598127001664       21567188       21567188   518894270001  N  0                        211213 01/12/2024       USD          385         1539          573
01 37673739  KL489  M  ANASMOL 5MG. X30CO                          2      4550      4550       000      9100       000  000  000  000  000  000         1  7591955003091       21567188       21567188   518894270001  N  0                          0043 01/06/2023       USD          794         1588          573
01 37673739  12084  M  BREXIN FORTE 650MG. X10TA                   8       448       667      1752      3584       000  000  400 3000  000  000         1  7591818716755       21567188       21567188   518894270001  N  0                         10344 01/08/2024       USD          078          625          573
01 37673739  12570  M  BUDECORT SOL.P INHAL10ML.                   3      2656      2656       000      7968       000  000  000  000  000  000         1  7591196007162       21567314       21567314   518894270001  N  0                        052046 01/05/2024       USD          464         1391          573
01 37673739  LO120  M  CLARASOL SOL.OFT. 15ML.                     6       969      2422      8718      5814       000  000  000 6000  000  000         1  7591196000071       21567188       21567188   518894270001  N  0                       I061143 01/07/2024       USD          169         1015          573
01 37673739  16064  M  CLOBEDET CR.TOP. 15GR.                      6      1426      1426       000      8556       000  000  000  000  000  000         1   745687143311       21567188       21567188   518894270001  N  0                            02 01/02/2024       USD          249         1493          573
01 37673739  11742  M  CRISOMET 50-850 X30TA                       1     10845     10845       000     10845       000  000  000  000  000  000         1  7591821210523       21567188       21567188   518894270001  N  0                       2205517 01/05/2024       USD         1893         1893          573
01 37673739  PD390  M  FLEMICAINE SOL.TOP. 5ML.                    2      1560      1560       000      3120       000  000  000  000  000  000         1  7591955000489       21567188       21567188   518894270001  N  0                          0028 01/04/2025       USD          272          545          573
01 37673739  15900  M  KETOPROFENO RONA100MG.X1A                   4       923      1014       364      3692       000  000  000  900  000  000         1  7598295000063       21567188       21567188   518894270001  N  0                       2110302 01/09/2024       USD          161          644          573
01 37673739  11804  M  METRODINAZOL MC500 X100CO                   1      2964      2964       000      2964       000  000  000  000  000  000         1   614143659041       21567188       21567188   518894270001  N  0                        210811 01/08/2024       USD          517          517          573
01 37673739  PG110  M  NINAZO GOTAS AD. 15ML.                     12       949      1010       732     11388       000  000  000  600  000  000         1  7591821802957       21567188       21567188   518894270001  N  0                       2205565 01/11/2023       USD          166         1987          573
01 37673739  14124  M  OMEFAR 20MG. X14CA                          6       383       425       252      2298       000  000  000 1000  000  000         1  7592236002246       21567188       21567188   518894270001  N  0                      CO300006 01/05/2024       USD          067          401          573
01 37673739  15153  M  PEPTOGEL SUSP.ORAL 120ML.                   1      3488      3488       000      3488       000  000  000  000  000  000         1   764600122615       21567188       21567188   518894270001  N  0                         20457 01/03/2025       USD          609          609          573
01 37673739  KL084  M  PLIDAN COMP.10-125  X10CO                   2      4030      4030       000      8060       000  000  000  000  000  000         1  7730969306976       21567188       21567188   518894270001  N  0                        M05887 01/10/2024       USD          703         1407          573
01 37673739  KN104  M  RIDAL 1MG. SOL.ORAL 20ML.                   2      2340      2340       000      4680       000  000  000  000  000  000         1  7594000491799       21567188       21567188   518894270001  N  0                          0036 01/02/2025       USD          408          817          573
01 37673739  15082  M  SANA 2% CR.VAG. 20GR.                       3      1376      1619       729      4128       000  000  000 1500  000  000         1  7598127001091       21567188       21567188   518894270001  N  0                        211086 01/10/2024       USD          240          720          573
01 37673739  HU360  M  VIT C KL100MG.IM/IV5ML.X3                   1      3510      3510       000      3510       000  000  000  000  000  000         1  7591619000343       21567188       21567188   518894270001  N  0                          0204 01/09/2023       USD          613          613          573
01 37673739  LO440  M  VITADYN C1G.NJA X10CO.EFE                   2      2003      2003       000      4006       000  000  000  000  000  000         1  7591196000545       21567188       21567188   518894270001  N  0                       I121259 01/12/2023       USD          350          699          573
01 37673739  LO539  M  AFLAMAX 50MG. X20TA                        10       564       940      3760      5640       000  000  000 4000  000  000         2  7591196004451       21567188       21567188   518894270002  N  0                       I072847 01/07/2024       USD          098          984          573
01 37673739  CO430  M  BENCIDAMINA CO T.BUCAL120                   2      1682      1682       000      3364       000  000  000  000  000  000         3  7591818139004       21567188       21567188   518894270003  N  0                         20182 01/05/2026       USD          294          587          573
01 37673739  11260  M  PEDIACORT SOL.PED. 60ML.                    4      4388      4388       000     17552       000  000  000  000  000  000         3  7591196006097       21567188       21567188   518894270003  N  0                        052338 01/06/2025       USD          766         3063          573
02 37673739         83        134782           000           000        134782    0    0    0  000    0    0    0   25/07/2022 6:23:51 p. m.   PR           000           000             0            22           USD          573        23522
