01 37686127  RZ150  M  AC FOLICO PX 10MG. X30TA                    6       754       754       000      4524       000  000  000  000  000  000         1  7594001101345       21575461       21575461   519016290001  N  0                          6415 01/05/2025       USD          131          784          577
01 37686127  14108  M  ACETAMINOFEN QF500 X20TA                    6       556       618       372      3336       000  000  000 1000  000  000         1  7592236001973       21575461       21575461   519016290001  N  0                     TA1460019 01/05/2024       USD          096          578          577
01 37686127  KV004  M  ANTILAX 2MG. X10TA                          3       849       987       414      2547       000  000  000 1400  000  000         1  7591821102095       21575461       21575461   519016290001  N  0                       2111560 01/11/2023       USD          147          441          577
01 37686127  11285  M  FEBRIP 650MG. X14CO                         2       442       520       156       884       000  000  000 1500  000  000         1  7591619519210       21575461       21575461   519016290001  N  0                          0051 01/05/2024       USD          077          153          577
01 37686127  14121  M  METFORMINA QF500MG. 30TA                    6       563       625       372      3378       000  000  000 1000  000  000         1  7592236002345       21575461       21575461   519016290001  N  0                      TM730032 01/05/2024       USD          098          585          577
01 37686127  CO185  M  MIOVIT GRAGEAS X10                          4       609      1153      2176      2436       000  000  400 4500  000  000         1  7591818118030       21575461       21575461   519016290001  N  0                         10321 01/07/2024       USD          106          422          577
01 37686127  CO185  M  MIOVIT GRAGEAS X10                          2       609      1153      1088      1218       000  000  400 4500  000  000         1  7591818118030       21575461       21575461   519016290001  N  0                         10321 01/07/2024       USD          106          211          577
01 37686127  LO419  M  NAS SOL.NASAL PED.15ML.                     4       926       975       196      3704       000  000  000  500  000  000         1  7591196003027       21575461       21575461   519016290001  N  0                       I121265 01/12/2023       USD          160          642          577
01 37686127  14124  M  OMEFAR 20MG. X14CA                         12       383       425       504      4596       000  000  000 1000  000  000         1  7592236002246       21575461       21575461   519016290001  N  0                      CO300006 01/05/2024       USD          066          797          577
01 37686127  11570  M  RAMIPRES 2,5MG. X30CO                       2      1658      1950       584      3316       000  000  000 1500  000  000         1  7591619520520       21575461       21575461   519016290001  N  0                          0010 01/06/2025       USD          287          575          577
01 37686127  AP001  M  SIGTIPHIN 200MG. X10CO                      4      1544      1625       324      6176       000  000  000  500  000  000         1  7592601301639       21575461       21575461   519016290001  N  0                        236503 01/06/2024       USD          268         1070          577
01 37686127  LO539  M  AFLAMAX 50MG. X20TA                        12       752       940      2256      9024       000  000  000 2000  000  000         2  7591196004451       21575461       21575461   519016290002  N  0                       I072848 01/07/2024       USD          130         1564          577
01 37686127  15394  M  ANANTY FORTE160MG.SO60ML                   10       637       637       000      6370       000  000  000  000  000  000         3  7594001101673       21575461       21575461   519016290003  N  0                          6509 01/07/2024       USD          110         1104          577
01 37686127  LP720  M  PROSOLVIT GOTAS 15 CC.                      2      3250      3250       000      6500       000  000  000  000  000  000         3  7591955001462       21575461       21575461   519016290003  N  0                          0116 01/11/2023       USD          563         1127          577
02 37686127         75         58009           000           000         58009    0    0    0  000    0    0    0   28/07/2022 8:17:22 p. m.   PR           000           000             0            14           USD          577        10054
