01 37683781  14423  M  ACETAMINOFEN AL180 120ML                    6      1853      1951       588     11118       000  000  500  000  000  000         1  7597758000459       21575461       21575461   519016300001  N  0                         DL278 01/01/2024       USD          321         1927          577
01 37683781  QO250  M  BROXOL GRIP PED.JBE120ML.                   2      1671      1671       000      3342       000  000  000  000  000  000         1  7592454000734       21575461       21575461   519016300001  N  0                       3501160 01/04/2024       USD          290          579          577
01 37683781  GQ719  M  CLOTRI-NEO-DEXA ELTER20GR                   2      2770      2770       000      5540       000  000  000  000  000  000         1  7703763300051       21575461       21575461   519016300001  N  0                       3501005 01/03/2025       USD          480          960          577
01 37683781  MK027  M  DEFLAZACORT +MK 6MG. X10                    2      2349      2764       830      4698       000  000  000 1500  000  000         1  7591519008197       21575461       21575461   519016300001  N  0                         32877 01/04/2025       USD          407          814          577
01 37683781  13975  M  DEFLAZACORT +MK30MG.X10TA                   2      2351      2766       830      4702       000  000  000 1500  000  000         1  7591519000306       21575461       21575461   519016300001  N  0                         32878 01/04/2025       USD          407          815          577
01 37683781  PA934  M  DIAGESIC 75MG. 3ML. X2A                     2      3088      3250       324      6176       000  000  000  500  000  000         1  7591243811704       21575461       21575461   519016300001  N  0                       9260802 01/03/2024       USD          535         1070          577
01 37683781  12924  M  FEXOFENADINA CL 120MG X10                   3      1741      1741       000      5223       000  000  000  000  000  000         1  7703763631117       21575461       21575461   519016300001  N  0                       3279880 01/12/2023       USD          302          905          577
01 37683781  14877  M  LORATADINA FM10MG. X10TA                   12       390       390       000      4680       000  000  000  000  000  000         1  8906005117595       21575461       21575461   519016300001  N  0                     E65222001 01/12/2024       USD          068          811          577
01 37683781  GQ042  M  LOSARTAN P.ELTER50MG.X30                    4      1109      1386      1108      4436       000  000  000 2000  000  000         1  7592454889841       21575461       21575461   519016300001  N  0                       3501617 01/06/2024       USD          192          769          577
01 37683781  PA949  M  TONUM 10MG. X30TA                           2      1869      1967       196      3738       000  000  000  500  000  000         1  7591243851106       21575461       21575461   519016300001  N  0                       9256002 01/08/2024       USD          324          648          577
01 37683781  MK339  M  VIAJESAN 50MG. X10TA                        4      1661      1661       000      6644       000  000  000  000  000  000         1   769229220612       21575461       21575461   519016300001  N  0                        700222 01/02/2025       USD          288         1151          577
02 37683781         41         60297           000           000         60297    0    0    0  000    0    0    0   28/07/2022 2:35:31 p. m.   PR           000           000             0            11           USD          577        10450
