01 37691698  EL010  M  ALBICAR 200MG. X6TA                         3       779       779       000      2337       000  000  000  000  000  000         1  7591062010173       21579816       21579816   519088590001  N  0                        22022A 01/03/2025       USD          135          404          579
01 37691698  PO185  M  BACTRON TAB. X20                            3      1734      1825       273      5202       000  000  500  000  000  000         1  7592806133073       21579816       21579816   519088590001  N  0                        204060 01/04/2027       USD          299          898          579
01 37691698  EL009  M  BRUGESIC 200MG. X10CO                       3       522       580       174      1566       000  000  000 1000  000  000         1  7591062902379       21579816       21579816   519088590001  N  0                        21054A 01/09/2023       USD          090          270          579
01 37691698  EL920  M  BRUGESIC 400MG. X10CO                       2       401       801       800       802       000  000  000 5000  000  000         1  7591062902546       21579816       21579816   519088590001  N  0                        21033A 01/07/2023       USD          069          139          579
01 37691698  LN105  C  DIADEX CREMA 50GR.                          1      1139      1139       000      1139       182  000  000  000  000  000         1  7592348208017       21579816       21579816   519088590001  N  0                      15022006 01/06/2025       USD          197          197          579
01 37691698  EL071  M  TACHIFORTE 1GR. X20TA                       3      1265      1265       000      3795       000  000  000  000  000  000         1  7591062900948       21579816       21579816   519088590001  N  0                        22036A 01/05/2024       USD          218          655          579
01 37691698  ET340  C  ADEMINA PLUS CR.CORP.30GR                   3      1565      1565       000      4695       751  000  000  000  000  000         2  7591844000439       21579816       21579816   519088590002  N  0                    AP30220103 01/06/2025       USD          270          811          579
01 37691698  CH770  C  CHICCO TALCO 200GR.                         2      1807      1807       000      3614       578  000  000  000  000  000         2  7591061660263       21579816       21579816   519088590002  N  0                      22701192 01/07/2024       USD          312          624          579
01 37691698  11845  C  EVERY N.GEL FIJ.FRESH250                    2       974       974       000      1948       312  000  000  000  000  000         2  7590005168223       21579816       21579816   519088590002  N  0                       2204197 01/04/2024       USD          168          336          579
01 37691698  11846  C  EVERY N.GEL FIJ.FRESH500                    2      1365      1365       000      2730       437  000  000  000  000  000         2  7590005168261       21579816       21579816   519088590002  N  0                       2205095 01/05/2024       USD          236          472          579
01 37691698  11843  C  EVERY N.GEL FIJ.WINNER250                   1       974       974       000       974       156  000  000  000  000  000         2  7590005168216       21579816       21579816   519088590002  N  0                       2205329 01/05/2024       USD          168          168          579
01 37691698  SQ170  C  LUBRIX GEL FRESA 60CC.                      2      1391      1391       000      2782       445  000  000  000  000  000         2  7592904000444       21579816       21579816   519088590002  N  0                           210 01/03/2025       USD          240          480          579
01 37691698  11075  C  PROT LAB.COCO NEVADA4GR                     2       849       849       000      1698       272  000  000  000  000  000         2  7591635910275       21579852       21579852   519088590002  N  0                       0240322 01/03/2024       USD          147          293          579
01 37691698  BQ001  M  AMBROXOL BQ. 15MG.120ML.                    2      1175      1175       000      2350       000  000  000  000  000  000         3  7594000850909       21579816       21579816   519088590003  N  0                        220703 01/07/2025       USD          203          406          579
01 37691698  BQ250  M  IBUPROFENO BQ SUSP.120ML.                   2      1257      1257       000      2514       000  000  000  000  000  000         3  7594000850466       21579816       21579816   519088590003  N  0                        220708 01/07/2025       USD          217          434          579
01 37691698  12843  M  SOLUCION IS 0.9% BI 500ML                   2      1009      1009       000      2018       000  000  000  000  000  000         3  7595624200101       21579816       21579816   519088590003  N  0                    2105221905 01/05/2024       USD          174          349          579
01 37691698  PB003  N  WAMPOLE EMUL. NRJA.240CC.                   1      1518      1518       000      1518       243  000  000  000  000  000         3  7591309000608       21579816       21579816   519088590003  N  0                      A2206231 01/06/2024       USD          262          262          579
01 37691698  PB006  N  WAMPOLE EMUL.T.FRUTI240ML                   1      1518      1518       000      1518       243  000  000  000  000  000         3  7591309000967       21579816       21579816   519088590003  N  0                      A2203083 01/03/2024       USD          262          262          579
02 37691698         37         23620         19580          3619         46819    0    0    0  000    0    0    0   31/07/2022 4:28:35 p. m.   PR           000           000             0            18           USD          579         7461
