01 37706559  MK088  M  AZITROMICINA +MK500 X3TA                   18       792      1164      6696     14256       000  000 2000 1500  000  000         1  7591519002027       21590942       21590942   519246970001  N  0                        110222 01/02/2024       USD          135         2429          587
01 37706559  MK088  M  AZITROMICINA +MK500 X3TA                    2       792      1164       744      1584       000  000 2000 1500  000  000         1  7591519002027       21590942       21590942   519246970001  N  0                        110222 01/02/2024       USD          135          270          587
01 37706559  PA275  M  BETAGEN SOLSPEN 1ML.1AMP.                   2      2990      2990       000      5980       000  000  000  000  000  000         1  7591243804409       21590942       21590942   519246970001  N  0                         93163 01/12/2023       USD          509         1019          587
01 37706559  10728  M  BIOCOR 20MG. X30TA                          2      2491      2768       554      4982       000  000  000 1000  000  000         1  7591519000146       21590942       21590942   519246970001  N  0                         32931 01/05/2025       USD          424          849          587
01 37706559  11898  M  BUCOXOLGAR FRU.RO X10TM                     2      1434      1434       000      2868       000  000  000  000  000  000         1  7592454891363       21590942       21590942   519246970001  N  0                       3501789 01/07/2024       USD          244          489          587
01 37706559  11897  M  BUCOXOLGAR MENTA X10TM                      2      1434      1434       000      2868       000  000  000  000  000  000         1  7592454891370       21590942       21590942   519246970001  N  0                       3501561 01/06/2024       USD          244          489          587
01 37706559  13590  M  CARVEDILOL 6,25MG X30TA                     2      2158      2158       000      4316       000  000  000  000  000  000         1  7703763712724       21590942       21590942   519246970001  N  0                       3277483 01/10/2023       USD          368          735          587
01 37706559  14874  M  CIPROFLOXACINA FM500 10TA                   6       772       858       516      4632       000  000  000 1000  000  000         1  8906082150713       21590942       21590942   519246970001  N  0                         TI580 01/09/2024       USD          132          789          587
01 37706559  MK951  M  DOL 450/40/1 20B. X4TA                      1      6208      7054       846      6208       000  000  000 1200  000  000         1  7591519005974       21590942       21590942   519246970001  N  0                         32726 01/03/2025       USD         1058         1058          587
01 37706559  MK579  M  DOL PLUS TAB. X10                           2      1098      1372       548      2196       000  000  000 2000  000  000         1  7591519005134       21590942       21590942   519246970001  N  0                         32776 01/03/2025       USD          187          374          587
01 37706559  MK735  M  PREDNISONA +MK50MG. X10TA                   2      1963      2309       692      3926       000  000  000 1500  000  000         1  7591519001044       21590942       21590942   519246970001  N  0                         32839 01/04/2027       USD          334          669          587
01 37706559  PA226  M  YONAL 15MG. JBE. 120ML.                     3      1950      1950       000      5850       000  000  000  000  000  000         1  7591243856705       21590942       21590942   519246970001  N  0                       9342002 01/07/2025       USD          332          997          587
02 37706559         44         59666           000           000         59666    0    0    0  000    0    0    0   08/08/2022 5:43:24 p. m.   PR           000           000             0            12           USD          587        10165
