01 37703483  NP370  M  BREINOX 800MG. X30TA                        1      6500      6500       000      6500       000  000  000  000  000  000         1  7591821902701       21588349       21588349   519213710001  N  0                       2205428 01/05/2027       USD         1113         1113          584
01 37703483  PD714  M  BUMELEX 1MG. X16CO                          2      2691      2990       598      5382       000  000  000 1000  000  000         1  7591955000991       21588540       21588540   519213710001  N  0                          0054 01/04/2024       USD          461          922          584
01 37703483  11251  M  CICLOKAN 500MG. X21CO                       1      6786      7540       754      6786       000  000  000 1000  000  000         1  7591619519227       21588540       21588540   519213710001  N  0                          0031 01/11/2023       USD         1162         1162          584
01 37703483  16064  M  CLOBEDET CR.TOP. 15GR.                      4      1426      1426       000      5704       000  000  000  000  000  000         1   745687143311       21588349       21588349   519213710001  N  0                            02 01/02/2024       USD          244          977          584
01 37703483  KL689  M  CORENTEL 5MG. X30CO                         1      2600      3250       650      2600       000  000  000 2000  000  000         1  7591619520292       21588349       21588349   519213710001  N  0                          0012 01/06/2024       USD          445          445          584
01 37703483  KN340  M  CURPINOL 6,25MG. X30CO                      3      1872      2340      1404      5616       000  000  000 2000  000  000         1  7591955558218       21588349       21588349   519213710001  N  0                          0034 01/03/2025       USD          321          962          584
01 37703483  15262  M  IBUPROFENO BM800MG.X10TA                    4      1047      1102       220      4188       000  000  000  500  000  000         1  7598127001275       21588540       21588540   519213710001  N  0                        210219 01/02/2024       USD          179          717          584
01 37703483  PG110  M  NINAZO GOTAS AD. 15ML.                     12       979      1041       744     11748       000  000  000  600  000  000         1  7591821802957       21588540       21588540   519213710001  N  0                       2205565 01/11/2023       USD          168         2012          584
01 37703483  BQ250  M  IBUPROFENO BQ SUSP.120ML.                   3      1257      1257       000      3771       000  000  000  000  000  000         2  7594000850466       21588349       21588349   519213710002  N  0                        220708 01/07/2025       USD          215          646          584
02 37703483         31         52295           000           000         52295    0    0    0  000    0    0    0   05/08/2022 2:05:45 p. m.   PR           000           000             0             9           USD          584         8955
