01 37706471  15264  M  ACETAMINOFEN BM800 X10TA                    4       468       520       208      1872       000  000  000 1000  000  000         1  7598127000988       21590942       21590942   519246960001  N  0                        210460 01/04/2024       USD          080          319          587
01 37706471  MO170  M  BENZODIAZOL NARANJA X16TM                   2      1235      1235       000      2470       000  000  000  000  000  000         1  7592601301509       21590942       21590942   519246960001  N  0                        235003 01/06/2024       USD          210          421          587
01 37706471  MY029  M  BENZODIAZOL TM T.FRUTTI X16                 2      1235      1235       000      2470       000  000  000  000  000  000         1  7592601100874       21590942       21590942   519246960001  N  0                        231303 01/06/2025       USD          210          421          587
01 37706471  13423  M  CLORACE JBE PED S/A 120M                    2      2261      2261       000      4522       000  000  000  000  000  000         1  7591818716700       21590942       21590942   519246960001  N  0                         20186 01/06/2026       USD          385          770          587
01 37706471  GM139  M  ESPIRONOLACTONA MY 25X20                    2      1625      1625       000      3250       000  000  000  000  000  000         1  7592601300984       21590942       21590942   519246960001  N  0                        256806 01/05/2024       USD          277          554          587
01 37706471  KN190  M  NEFROTAL 100MG. X14CO                       2      1456      1820       728      2912       000  000  000 2000  000  000         1  7591955558256       21590942       21590942   519246960001  N  0                          0017 01/09/2024       USD          248          496          587
01 37706471  FA514  M  NEURIXA 75MG. X14CA                         2      1888      2145       514      3776       000  000  000 1200  000  000         1  7591821903616       21590942       21590942   519246960001  N  0                       2106895 01/08/2023       USD          322          643          587
01 37706471  15839  M  OMEPRAZOL ZIEL40MG. X1V                     4       655      1091      1744      2620       000  000  000 4000  000  000         1  0781100146682       21590942       21590942   519246960001  N  0                     AMN057G21 01/07/2023       USD          112          446          587
01 37706471  KV199  M  TERAGRIP FORTE NOC X6 SOB.                  3      3702      3702       000     11106       000  000  000  000  000  000         1  7591821801882       21590942       21590942   519246960001  N  0                       2206378 01/06/2024       USD          631         1892          587
01 37706471  BQ290  M  AMBROXOL BQ. 30MG.120ML.                    4      1196      1196       000      4784       000  000  000  000  000  000         2  7594000850923       21590942       21589093   519246960002  N  0                        220613 01/06/2025       USD          204          815          587
01 37706471  BQ290  M  AMBROXOL BQ. 30MG.120ML.                    4      1196      1196       000      4784       000  000  000  000  000  000         2  7594000850923       21588349       21589093   519246960002  N  0                        220613 01/06/2025       USD          204          815          587
02 37706471         31         44566           000           000         44566    0    0    0  000    0    0    0   08/08/2022 5:30:54 p. m.   PR           000           000             0            10           USD          587         7592
