01 37726252  15243  M  ATROALDO 20MCG. INH.200D                    1      6166      6166       000      6166       000  000  000  000  000  000         1  8470006723128       21603812       21603830   519418790001  N  0                      075R020B 01/11/2024       USD         1031         1031          598
01 37726252  15079  C  BIOS LIGH BAR NEUTRO 90GR                   3       810       810       000      2430       389  000  000  000  000  000         1  7595481000265       21603812       21603830   519418790001  N  0                        220301 01/03/2026       USD          135          406          598
01 37726252  17138  M  BREXIN 100MG.  GOTAS 15ML                   4      1161      1161       000      4644       000  000  000  000  000  000         1  7591818111031       21603812       21603830   519418790001  N  0                         20153 01/04/2025       USD          194          777          598
01 37726252  EL920  M  BRUGESIC 400MG. X10CO                       4       440       880      1760      1760       000  000  000 5000  000  000         1  7591062902546       21603812       21603830   519418790001  N  0                        21051A 01/08/2023       USD          074          294          598
01 37726252  13989  M  CLAVUTAN 875/125MGX10 TAB                   1      6500      6500       000      6500       000  000  000  000  000  000         1  8903489001747       21603812       21603830   519418790001  N  0                      22006151 01/03/2024       USD         1087         1087          598
01 37726252  12434  M  CLISMALAX ENEMA REC 100ML                   1      4669      5493       824      4669       000  000  000 1500  000  000         1  7596654000013       21603812       21603830   519418790001  N  0                       2202012 01/02/2024       USD          781          781          598
01 37726252  PO335  M  COLAYTE POLVO 69,6GR 4TAR                   1     10639     10639       000     10639       000  000  000  000  000  000         1  7592806132014       21603812       21603830   519418790001  N  0                        202028 01/02/2024       USD         1779         1779          598
01 37726252  14117  M  FANASAL AD. GOTAS 15ML.                     8       746       746       000      5968       000  000  000  000  000  000         1  7592236002215       21603812       21603830   519418790001  N  0                          6962 01/06/2025       USD          125          998          598
01 37726252  15604  M  FLATVIN 125MG. X10CA.BLA                    1      2275      2275       000      2275       000  000  000  000  000  000         1  7592782001854       21603866       21603866   519418790001  N  0                        220141 01/06/2025       USD          380          380          598
01 37726252  14384  M  KETOPROFENO TIA100MG.X10A                   1      6110      6110       000      6110       000  000  000  000  000  000         1  8904187861770       21603812       21603830   519418790001  N  0                        N20644 01/02/2025       USD         1022         1022          598
01 37726252  14124  M  OMEFAR 20MG. X14CA                         10       451       451       000      4510       000  000  000  000  000  000         1  7592236002246       21603812       21603830   519418790001  N  0                      CO300006 01/05/2024       USD          075          754          598
01 37726252  14374  M  PARACETA PORT120 JBE120ML                   3      1845      1845       000      5535       000  000  000  000  000  000         1  7750215575819       21603812       21603830   519418790001  N  0                       2085131 01/08/2024       USD          309          926          598
01 37726252  EL394  M  TACHIFORTE 650MG. X10TA                     4       553       553       000      2212       000  000  000  000  000  000         1  7591062017295       21603812       21603830   519418790001  N  0                        22037A 01/05/2027       USD          092          370          598
01 37726252  12567  M  TERBICRYM 1% SOL TO X30ML                   1      2535      2535       000      2535       000  000  000  000  000  000         1  7596654000075       21603812       21603830   519418790001  N  0                         21002 01/10/2023       USD          424          424          598
01 37726252  11600  C  BARR DER.BIOS P.GRASA 90                    2       803       803       000      1606       257  000  000  000  000  000         2  7595481000234       21603812       21603830   519418790002  N  0                        220402 01/04/2026       USD          134          269          598
01 37726252  PB130  C  DIOXOGEN SOL. 460CC.                        2       774       774       000      1548       248  000  000  000  000  000         2  7591309900793       21603812       21603830   519418790002  N  0                      A2204149 01/04/2025       USD          129          259          598
01 37726252  KA960  C  FIJ CR.EVERY N.FTA 45GR.                    2       650       650       000      1300       208  000  000  000  000  000         2  7590005168018       21603812       21603830   519418790002  N  0                       2205298 01/05/2024       USD          109          217          598
01 37726252  ZY050  C  TOMI T.ACEITE CREMOSO 200                   2       845       845       000      1690       270  000  000  000  000  000         2  7591195000485       21603812       21603830   519418790002  N  0                       1370122 01/05/2025       USD          141          283          598
01 37726252  13505  M  PEDIALY MAX 60 COCO 500ML                   3      1782      1782       000      5346       000  000  000  000  000  000         3  7501033961540       21603812       21603830   519418790003  N  0                       39464MC 01/03/2024       USD          298          894          598
01 37726252  13508  M  PEDIALY MAX 60 MANZ 500ML                   3      1756      1756       000      5268       000  000  000  000  000  000         3  7501033957369       21603812       21603830   519418790003  N  0                       38435MC 01/02/2024       USD          294          881          598
01 37726252  13506  M  PEDIALY MAX 60 UVA 500ML                    3      1756      1756       000      5268       000  000  000  000  000  000         3  7501033957376       21603812       21603830   519418790003  N  0                       38475MC 01/03/2024       USD          294          881          598
02 37726252         60         79405          8574          1372         89351    0    0    0  000    0    0    0   16/08/2022 5:14:18 p. m.   PR           000           000             0            21           USD          598        14712
