01 37739586  KL100  M  AC FOLICO KL GOTAS 15ML.                    2      2990      2990       000      5980       000  000  000  000  000  000         1  7591619501031       21616119       21616119   519564190001  N  0                          0195 01/10/2023       USD          484          968          618
01 37739586  15518  M  AFLAMAX 50MG. 25B. X5TA                     1      6310      6310       000      6310       000  000  000  000  000  000         1  7591196006189       21616119       21616119   519564190001  N  0                       I072893 01/07/2024       USD         1021         1021          618
01 37739586  MY030  M  ASCAFYL PLUS500-30-2 10TA                   3      1040      1040       000      3120       000  000  000  000  000  000         1  7592601100676       21616119       21616119   519564190001  N  0                        230004 01/06/2024       USD          168          505          618
01 37739586  12946  M  BROMECOR 4MG/5ML JBE120ML                   6       800       870       420      4800       000  000  000  800  000  000         1  7594000850077       21616119       21616119   519564190001  N  0                        220606 01/06/2024       USD          129          777          618
01 37739586  NP099  N  CALCIBON NATAL FORT X30TA                   1      5200      5200       000      5200       832  000  000  000  000  000         1  7591821102071       21616119       21616119   519564190001  N  0                       2202538 01/02/2024       USD          841          841          618
01 37739586  12144  M  CEFIXIMA BM100MG.PPSO60ML                   2      5850      5850       000     11700       000  000  000  000  000  000         1  6930169708087       21616119       21616119   519564190001  N  0                        220451 01/04/2025       USD          947         1893          618
01 37739586  VP324  M  COMPLEJO B VP 2CC. X3                       3       808      1616      2424      2424       000  000  000 5000  000  000         1  7703153013059       21616119       21616119   519564190001  N  0                       1319932 01/01/2024       USD          131          392          618
01 37739586  15085  M  COMPLEJO MULTIVIT.BM X30                    3      1748      1942       582      5244       000  000  000 1000  000  000         1  7598127001213       21616119       21616119   519564190001  N  0                        210925 01/09/2024       USD          283          849          618
01 37739586  KN340  M  CURPINOL 6,25MG. X30CO                      2      2210      2600       780      4420       000  000  000 1500  000  000         1  7591955558218       21616119       21616119   519564190001  N  0                          0034 01/03/2025       USD          358          715          618
01 37739586  VM384  M  DUROVAL 100MG. X1TA                         6       712       712       000      4272       000  000  000  000  000  000         1  7591020006330       21616119       21616119   519564190001  N  0                            24 01/05/2027       USD          115          691          618
01 37739586  VM494  M  DUROVAL 50MG. X10TA                         3      3055      3055       000      9165       000  000  000  000  000  000         1  7591020008440       21616119       21616119   519564190001  N  0                           659 01/04/2027       USD          494         1483          618
01 37739586  11278  M  LODIPIN 10MG. X30CO                         2      2080      2080       000      4160       000  000  000  000  000  000         1  7591619129044       21616119       21616119   519564190001  N  0                          0038 01/05/2023       USD          337          673          618
01 37739586  AP360  M  METREN 250MG.SUSP. 120ML.                   3      1495      1495       000      4485       000  000  000  000  000  000         1  7592601200307       21616119       21616119   519564190001  N  0                        227402 01/08/2024       USD          242          726          618
01 37739586  AP340  M  METREN 500MG. X10TA                         2      1105      1105       000      2210       000  000  000  000  000  000         1  7592601200284       21616119       21616119   519564190001  N  0                        225302 01/07/2024       USD          179          358          618
01 37739586  LO514  M  MOVIMEX 15MG. X10TA                         3      1453      1453       000      4359       000  000  000  000  000  000         1  7591196004093       21616119       21616119   519564190001  N  0                       I091208 01/10/2023       USD          235          705          618
01 37739586  MY134  M  MUPROBAN 2% UNG. 15GR.                      2      2080      2080       000      4160       000  000  000  000  000  000         1  7592601101093       21616119       21616119   519564190001  N  0                        232804 01/07/2024       USD          337          673          618
01 37739586  LO414  M  NAS SOL.GOTAS AD. 15ML.                     6      1094      1287      1158      6564       000  000  000 1500  000  000         1  7591196003140       21616119       21616119   519564190001  N  0                       I022319 01/02/2024       USD          177         1062          618
01 37739586  PG110  M  NINAZO GOTAS AD. 15ML.                     12      1066      1066       000     12792       000  000  000  000  000  000         1  7591821802957       21616119       21616119   519564190001  N  0                       2205565 01/11/2023       USD          172         2070          618
01 37739586  PG110  M  NINAZO GOTAS AD. 15ML.                      6      1002      1066       384      6012       000  000  000  600  000  000         1  7591821802957       21613450       21613450   519564190001  N  0                       2205565 01/11/2023       USD          162          973          618
01 37739586  KV005  M  TERAGRIP SUPRA TAB. X10                     1      2990      2990       000      2990       000  000  000  000  000  000         1  7591821802186       21616119       21616119   519564190001  N  0                       2206587 01/07/2024       USD          484          484          618
01 37739586  KV339  M  TERAGRIP FORTE 24H TAB. X14                 1      3175      3175       000      3175       000  000  000  000  000  000         2  7591821802414       21616119       21616119   519564190002  N  0                       2205439 01/05/2024       USD          514          514          618
01 37739586  HI810  M  BACTRIZOL SO.INY. IV100ML                   2      2792      2792       000      5584       000  000  000  000  000  000         3  7592637398498       21616119       21616119   519564190003  N  0                       2200093 01/03/2024       USD          452          904          618
01 37739586  12151  M  CIPROFLOXACI BM200 100ML.                   2      1392      1638       492      2784       000  000  000 1500  000  000         3  6930169708179       21616119       21616119   519564190003  N  0                        210958 01/08/2024       USD          225          450          618
01 37739586  AP440  M  PLEXAMIN JBE. 120ML.                        1      3075      3075       000      3075       000  000  000  000  000  000         3  7592601200413       21616119       21616119   519564190003  N  0                        216603 01/12/2023       USD          498          498          618
02 37739586         75        124985           000           832        125817    0    0    0  000    0    0    0   22/08/2022 7:48:00 p. m.   PR           000           000             0            24           USD          618        20224
