01 37759205  15264  M  ACETAMINOFEN BM800 X10TA                    6       585       650       390      3510       000  000  000 1000  000  000         1  7598127000988       21630978       21630978   519761540001  N  0                        220443 01/04/2025       USD          075          447          785
01 37759205  LO104  M  AIRON 5MG. X10TAB.MAST.                     2      1283      1283       000      2566       000  000  000  000  000  000         1  7591196002549       21630791       21630791   519761540001  N  0                       I052595 01/05/2024       USD          163          327          785
01 37759205  FA022  M  BONAMES 150MG. X1TA                         1      3042      3380       338      3042       000  000  000 1000  000  000         1  7591821903326       21631044       21631044   519761540001  N  0                       2105132 01/05/2025       USD          388          388          785
01 37759205  12570  M  BUDECORT SOL.P INHAL10ML.                   3      3514      3514       000     10542       000  000  000  000  000  000         1  7591196007162       21630791       21630791   519761540001  N  0                        062631 01/06/2024       USD          448         1343          785
01 37759205  LO120  M  CLARASOL SOL.OFT. 15ML.                     3      1211      2422      3633      3633       000  000  000 5000  000  000         1  7591196000071       21630978       21630978   519761540001  N  0                       I061143 01/07/2024       USD          154          463          785
01 37759205  16064  M  CLOBEDET CR.TOP. 15GR.                      4      1560      1560       000      6240       000  000  000  000  000  000         1   745687143311       21630791       21630791   519761540001  N  0                            02 01/02/2024       USD          199          795          785
01 37759205  LO149  M  CORTYNASE SUSP.NASAL 140D.                  2      4145      4363       436      8290       000  000  000  500  000  000         1  7591196004604       21630791       21630791   519761540001  N  0                        062300 01/06/2024       USD          528         1056          785
01 37759205  VM494  M  DUROVAL 50MG. X10TA                         3      3247      3247       000      9741       000  000  000  000  000  000         1  7591020008440       21631235       21631235   519761540001  N  0                           659 01/04/2027       USD          414         1241          785
01 37759205  ZA102  M  EVIGAX 125MG. X10CA.BLA                     2      2338      2410       144      4676       000  000  000  300  000  000         1  7592432900032       21630791       21630791   519761540001  N  0                        220179 01/06/2025       USD          298          596          785
01 37759205  FA514  M  NEURIXA 75MG. X14CA                         2      2288      2600       624      4576       000  000  000 1200  000  000         1  7591821903616       21630791       21630791   519761540001  N  0                       2106895 01/08/2023       USD          291          583          785
01 37759205  VM033  M  TADAFOX 5MG. X30TA                          2      2384      2509       250      4768       000  000  000  500  000  000         1  7591020080781       21630791       21630791   519761540001  N  0                            65 01/06/2027       USD          304          607          785
01 37759205  BQ290  M  AMBROXOL BQ. 30MG.120ML.                    4      1412      1412       000      5648       000  000  000  000  000  000         2  7594000850923       21630791       21630791   519761540002  N  0                        220613 01/06/2025       USD          180          719          785
01 37759205  MY300  M  TILODRIN 30MG.JBE. 120ML.                   3      1645      1645       000      4935       000  000  000  000  000  000         2  7592601100546       21630875       21630875   519761540002  N  0                        206907 01/07/2024       USD          210          629          785
01 37759205  PD390  M  FLEMICAINE SOL.TOP. 5ML.                    2      2340      2340       000      4680       000  000  000  000  000  000         3  7591955000489       21631015       21631015   519761540003  N  0                          0024 01/04/2025       USD          298          596          785
02 37759205         39         76847           000           000         76847    0    0    0  000    0    0    0   29/08/2022 4:06:52 p. m.   PR           000           000             0            14           USD          785         9789
