01 37758311  11847  C  EVERY N.GEL FIJ.STRONG250                   1      1378      1378       000      1378       220  000  000  000  000  000         1  7590005168230       21630978       21630978   519761490001  N  0                       2207161 01/07/2024       USD          176          176          785
01 37758311  11848  C  EVERY N.GEL FIJ.STRONG500                   1      1931      1931       000      1931       309  000  000  000  000  000         1  7590005168278       21630791       21630791   519761490001  N  0                       2205145 01/05/2024       USD          246          246          785
01 37758311  11843  C  EVERY N.GEL FIJ.WINNER250                   1      1378      1378       000      1378       220  000  000  000  000  000         1  7590005168216       21630978       21630978   519761490001  N  0                       2205329 01/05/2024       USD          176          176          785
01 37758311  11844  C  EVERY N.GEL FIJ.WINNER500                   1      1931      1931       000      1931       309  000  000  000  000  000         1  7590005168254       21630791       21630791   519761490001  N  0                       2207165 01/07/2024       USD          246          246          785
01 37758311  KA960  C  FIJ CR.EVERY N.FTA 45GR.                    2       881       881       000      1762       282  000  000  000  000  000         1  7590005168018       21631015       21631015   519761490001  N  0                       2205298 01/05/2024       USD          112          224          785
01 37758311  SQ120  C  LUBRIX GEL 60CC.                            1      1778      1778       000      1778       284  000  000  000  000  000         1  7592904000017       21630978       21630978   519761490001  N  0                           209 01/03/2025       USD          226          226          785
01 37758311  SQ190  C  LUBRIX GEL MENTA 60CC.                      1      1964      1964       000      1964       314  000  000  000  000  000         1  7592904000451       21631235       21631235   519761490001  N  0                           223 01/06/2025       USD          250          250          785
01 37758311  10394  C  TOALLAS ACTIVA PERD ABX10                   3       727       727       000      2181       349  000  000  000  000  000         1  7591353680542       21630791       21630791   519761490001  N  0                      20706206 01/07/2024       USD          093          278          785
01 37758311  14418  C  TOALLAS H.MIBB X80                          3       835       835       000      2505       401  000  000  000  000  000         1  7591251000114       21630791       21630791   519761490001  N  0                        220725 01/07/2024       USD          106          319          785
01 37758311  14123  M  MUCOFAR AD.JBE. 120ML.                      3      2040      2040       000      6120       000  000  000  000  000  000         2  7598484000867       21630791       21630791   519761490002  N  0                          7972 01/07/2024       USD          260          780          785
01 37758311  13507  M  PEDIALY MAX 60 FRES 500ML                   3      1864      1864       000      5592       000  000  000  000  000  000         2  7501033961557       21630791       21630791   519761490002  N  0                       41486MC 01/05/2024       USD          237          712          785
01 37758311  13508  M  PEDIALY MAX 60 MANZ 500ML                   3      1936      1936       000      5808       000  000  000  000  000  000         2  7501033957369       21630791       21630791   519761490002  N  0                       38435MC 01/02/2024       USD          247          740          785
01 37758311  13506  M  PEDIALY MAX 60 UVA 500ML                    3      1830      1830       000      5490       000  000  000  000  000  000         2  7501033957376       21630791       21630791   519761490002  N  0                       38475MC 01/03/2024       USD          233          699          785
02 37758311         26         23010         16808          2689         42507    0    0    0  000    0    0    0   29/08/2022 12:55:49 p. m.   PR           000           000             0            13           USD          785         5072
