01 37757741  NP003  M  CALCIBON D 1500/200 X30                     1      6240      6240       000      6240       000  000  000  000  000  000         1  7591821101029       21630791       21630791   519761530001  N  0                       2205466 01/12/2024       USD          795          795          785
01 37757741  LO300  M  CLARIX 0,05% SO.NASAL15ML                   2      2005      2005       000      4010       000  000  000  000  000  000         1  7591196000095       21630791       21630791   519761530001  N  0                        022201 01/03/2027       USD          255          511          785
01 37757741  KL992  M  COROPRES 8MG. X30CO                         2      3250      3250       000      6500       000  000  000  000  000  000         1  7591619520339       21630791       21630791   519761530001  N  0                          0011 01/09/2024       USD          414          828          785
01 37757741  EH350  M  FLUCONAZOL 150MG. X2CA                      6       753       818       390      4518       000  000  000  800  000  000         1  7703153020354       21631015       21631015   519761530001  N  0                       1385909 01/12/2024       USD          096          576          785
01 37757741  10735  M  LANCERAN JBE. 90ML.                         3       995       995       000      2985       000  000  000  000  000  000         1  7594000850954       21630791       21630791   519761530001  N  0                        220609 01/06/2024       USD          127          380          785
01 37757741  AP239  M  LIPONTAL TAB. 900MG. X30                    1      4940      4940       000      4940       000  000  000  000  000  000         1  7592601200246       21630791       21630791   519761530001  N  0                        224603 01/07/2024       USD          629          629          785
01 37757741  16432  M  LOSARTAN P.BM50MG. X30TA                    6      1186      1248       372      7116       000  000  000  500  000  000         1  7598127001152       21631044       21631044   519761530001  N  0                        211027 01/10/2024       USD          151          906          785
01 37757741  14575  M  METOCLOPRAMI LAN10 X100TA                   1      4022      5746      1724      4022       000  000  000 3000  000  000         1  7598008000557       21630791       21630791   519761530001  N  0                     TM1040002 01/11/2024       USD          512          512          785
01 37757741  11804  M  METRODINAZOL MC500 X100CO                   1      5005      5005       000      5005       000  000  000  000  000  000         1   614143659041       21630791       21630791   519761530001  N  0                        210811 01/08/2024       USD          638          638          785
01 37757741  17068  M  NEVAC 0,1%SUSP.OFT. 5ML.                    1      3784      3784       000      3784       000  000  000  000  000  000         1  7591196007254       21630875       21630875   519761530001  N  0                        012778 01/02/2024       USD          482          482          785
01 37757741  14577  M  NIFEDIPINA LAND10 X100TA                    1      3786      5408      1622      3786       000  000  000 3000  000  000         1  7598008000571       21631015       21631015   519761530001  N  0                      TN550001 01/07/2024       USD          482          482          785
01 37757741  14578  M  NIFEDIPINA LAND20 X100TA                    1      4850      6929      2079      4850       000  000  000 3000  000  000         1  7598008000588       21631015       21631015   519761530001  N  0                      TN540002 01/04/2025       USD          618          618          785
01 37757741  PG110  M  NINAZO GOTAS AD. 15ML.                     12      1064      1108       528     12768       000  000  000  400  000  000         1  7591821802957       21630875       21630875   519761530001  N  0                      2205565C 01/11/2023       USD          136         1626          785
01 37757741  11636  M  PERTEN 250MG. X20TA                         1      4508      4745       237      4508       000  000  000  500  000  000         1  7592601301837       21630791       21630791   519761530001  N  0                        237803 01/07/2024       USD          574          574          785
01 37757741  KL084  M  PLIDAN COMP.10-125  X10CO                   2      4862      5720      1716      9724       000  000  000 1500  000  000         1  7730969306976       21630978       21630978   519761530001  N  0                        M05887 01/10/2024       USD          619         1239          785
01 37757741  PD104  M  POLI-OTICO GOTAS 5 CC.                      2      3426      4030      1208      6852       000  000  000 1500  000  000         1  7591955002278       21630791       21630791   519761530001  N  0                          0099 01/05/2025       USD          436          873          785
01 37757741  YZ013  C  PRESERVATIVO MZONE ANA.X4                   2      1216      1216       000      2432       389  000  000  000  000  000         1  6922954822146       21630978       21630978   519761530001  N  0                       2201173 01/12/2026       USD          155          310          785
01 37757741  YZ012  C  PRESERVATIVO MZONE TEX.X4                   2      1216      1216       000      2432       389  000  000  000  000  000         1  6922954822122       21630978       21630978   519761530001  N  0                       2201171 01/12/2026       USD          155          310          785
01 37757741  LO580  M  QUINOTIC HC OTICA 5ML.                      3      3032      3032       000      9096       000  000  000  000  000  000         1  7591196000637       21631165       21631165   519761530001  N  0                        052882 01/05/2024       USD          386         1159          785
01 37757741  GP200  M  RIDAL 2MG. X20CO                            2      4030      4030       000      8060       000  000  000  000  000  000         1  7594000490617       21630791       21630791   519761530001  N  0                          0039 01/04/2026       USD          513         1027          785
02 37757741         52        108764          4864           778        114406    0    0    0  000    0    0    0   29/08/2022 10:44:37 a. m.   PR           000           000             0            20           USD          785        14475
