01 37775684  17064  M  BISOPROLOL GN2,5MG.X20CO                    2      1422      1422       000      2844       000  000  000  000  000  000         1  7591585377173       21643619       21643619   519931880001  N  0                           073 01/03/2024       USD          179          357          796
01 37775684  LX103  M  CARNISIN 1G.S.ORAL S/A180                   1      7037      7037       000      7037       000  000  000  000  000  000         1  7591585112323       21643619       21643619   519931880001  N  0                           062 01/04/2026       USD          884          884          796
01 37775684  GN784  M  DESLORATADINA GN 5MG. X10                   6       952       952       000      5712       000  000  000  000  000  000         1  7591585177469       21643619       21643619   519931880001  N  0                          0941 01/07/2024       USD          120          718          796
01 37775684  10372  M  GYNOMET 15%-4%CR.VAG.40GR                   1      4341      4341       000      4341       000  000  000  000  000  000         1  7591585119131       21643619       21643619   519931880001  N  0                           079 01/05/2024       USD          545          545          796
01 37775684  11782  M  LETISAN 500MG. X10CA                        2      1307      1307       000      2614       000  000  000  000  000  000         1  7591585314864       21643619       21643619   519931880001  N  0                           450 01/12/2024       USD          164          328          796
01 37775684  LC409  M  MIGREN 650-50-1 X10CO                       3      1362      1513       453      4086       000  000  000 1000  000  000         1  7591585115737       21643619       21643619   519931880001  N  0                           564 01/07/2024       USD          171          513          796
01 37775684  15110  M  NEUROMIX COMPLE B X30CO                     2      2253      2253       000      4506       000  000  000  000  000  000         1  7591585213365       21643619       21643619   519931880001  N  0                           018 01/07/2024       USD          283          566          796
01 37775684  15199  M  NEUROMIX COMPLE B X3A                       3      2542      2542       000      7626       000  000  000  000  000  000         1  7591585113382       21643619       21643619   519931880001  N  0                           028 01/07/2024       USD          319          958          796
01 37775684  LT930  M  VIASEK 50MG. X2CO                           4       999      1110       444      3996       000  000  000 1000  000  000         1  7591585111005       21643628       21643628   519931880001  N  0                           097 01/05/2025       USD          126          502          796
01 37775684  LC314  N  FLUVIRIN JBE. 120ML.                        1      2366      2629       263      2366       000  000  000 1000  000  000         2  7591585111166       21643642       21643642   519931880002  N  0                           236 01/04/2024       USD          297          297          796
02 37775684         25         45128           000           000         45128    0    0    0  000    0    0    0   05/09/2022 9:00:16 p. m.   PR           000           000             0            10           USD          796         5669
