01 37774893  14512  M  ACEVAL 180MG. SOL.PED.120                   4      2542      2542       000     10168       000  000  000  000  000  000         1  7591020008839       21643628       21643628   519931890001  N  0                            14 01/08/2024       USD          319         1277          796
01 37774893  15518  M  AFLAMAX 50MG. 25B. X5TA                     1      5995      6310       315      5995       000  000  000  500  000  000         1  7591196006189       21643619       21643619   519931890001  N  0                       I072893 01/07/2024       USD          753          753          796
01 37774893  16938  M  AMOXICILINA BM500 X30CA                     4      3285      3458       692     13140       000  000  000  500  000  000         1  7598127001664       21643887       21643887   519931890001  N  0                        211213 01/12/2024       USD          413         1651          796
01 37774893  MY029  M  BENZODIAZOL TM T.FRUTTI X16                 1      1633      1633       000      1633       000  000  000  000  000  000         1  7592601100874       21643619       21643619   519931890001  N  0                        231304 01/07/2025       USD          205          205          796
01 37774893  AO180  M  CALOXPIRINA 81MG. X30TA                     2      2012      2012       000      4024       000  000  000  000  000  000         1  7591519008487       21643619       21643619   519931890001  N  0                         32689 01/03/2025       USD          253          506          796
01 37774893  15081  M  CETIRIZINA BM10MG. X10TA                   12       692       728       432      8304       000  000  000  500  000  000         1  7598127001251       21643619       21643619   519931890001  N  0                        211029 01/10/2024       USD          087         1043          796
01 37774893  11803  M  CIPROFLOXACINA MC500X10TA                  12      1170      1170       000     14040       000  000  000  000  000  000         1   614143659027       21643619       21643619   519931890001  N  0                       B201204 01/11/2023       USD          147         1764          796
01 37774893  LO409  M  DESLORAT 5MG. X10TA                         4      1009      1009       000      4036       000  000  000  000  000  000         1  7591196002969       21643619       21643619   519931890001  N  0                       I052593 01/05/2024       USD          127          507          796
01 37774893  MK951  M  DOL 450/40/1 20B. X4TA                      1      8962     10543      1581      8962       000  000  000 1500  000  000         1  7591519005974       21643619       21643619   519931890001  N  0                         32726 01/03/2025       USD         1126         1126          796
01 37774893  14772  M  ETORICOXIB LAT90MG. X7TA                    2      1950      1950       000      3900       000  000  000  000  000  000         1   720524031020       21643887       21643887   519931890001  N  0                        ETR201 01/12/2024       USD          245          490          796
01 37774893  BQ190  M  FERCOR COMP. CAPS. X30                      2      2094      2094       000      4188       000  000  000  000  000  000         1  7594000850206       21643619       21643619   519931890001  N  0                        201108 01/11/2022       USD          263          526          796
01 37774893  12309  M  FESTAL 210MG 25BLIST X4TA                   1     16294     19169      2875     16294       000  000  000 1500  000  000         1  7591519317572       21643619       21643619   519931890001  N  0                         32644 01/07/2024       USD         2047         2047          796
01 37774893  FA019  M  FITEX  5MG. X30TA                           1      2795      2795       000      2795       000  000  000  000  000  000         1  7591821904316       21643619       21643619   519931890001  N  0                       2206427 01/06/2024       USD          351          351          796
01 37774893  AP030  M  IBUTANCOL 600/4 X10TA                       2      2585      2665       160      5170       000  000  000  300  000  000         1  7592601001188       21643619       21643619   519931890001  N  0                        234804 01/07/2025       USD          325          649          796
01 37774893  MY005  M  IMAZOL SOL.SPRAY 1% 25ML.                   1      3182      3536       354      3182       000  000  000 1000  000  000         1  7592601100447       21643619       21643619   519931890001  N  0                        227901 01/07/2025       USD          400          400          796
01 37774893  VM175  M  LANOL-ZINC POMADA 60 GR.                    2      2083      2083       000      4166       000  000  000  000  000  000         1  7591020001328       21643619       21643619   519931890001  N  0                           290 01/07/2025       USD          262          523          796
01 37774893  PG110  M  NINAZO GOTAS AD. 15ML.                     12      1042      1108       792     12504       000  000  000  600  000  000         1  7591821802957       21643619       21643619   519931890001  N  0                       2205566 01/11/2023       USD          131         1571          796
01 37774893  VO130  M  PREDNISONA GENCER50 X10TA                   2      2034      2393       718      4068       000  000  000 1500  000  000         1  7591020007474       21643835       21643835   519931890001  N  0                            31 01/06/2027       USD          256          511          796
01 37774893  15082  M  SANA 2% CR.VAG. 20GR.                       3      1942      2158       648      5826       000  000  000 1000  000  000         1  7598127001091       21643619       21643619   519931890001  N  0                        211086 01/10/2024       USD          244          732          796
01 37774893  LO490  M  VITADYN C F.TROP. X24 DISP.                 1     18348     18348       000     18348       000  000  000  000  000  000         1  7591196000576       21643619       21643619   519931890001  N  0                       I042469 01/05/2024       USD         2305         2305          796
02 37774893         70        150743           000           000        150743    0    0    0  000    0    0    0   05/09/2022 6:35:41 p. m.   PR           000           000             0            20           USD          796        18938
