01 37776141  15870  M  ACETAMINOFEN LS650 20B.X5                   1      5238      5238       000      5238       000  000  000  000  000  000         1  7592454003391       21643619       21643619   519931910001  N  0                       3501742 01/07/2024       USD          658          658          796
01 37776141  GQ749  M  AZITROMICINA ELTER 500X5                    8      1589      2270      5448     12712       000  000  000 3000  000  000         1  7703763700219       21643619       21643619   519931910001  N  0                       3287597 01/03/2025       USD          200         1597          796
01 37776141  PA126  M  BETADERM CR. 0,05% 15GR.                    3      1976      1976       000      5928       000  000  000  000  000  000         1  7591243804140       21643835       21643835   519931910001  N  0                       9270901 01/07/2024       USD          248          745          796
01 37776141  PA054  M  BETADERM PLUS CREMA 15GR.                   2      2665      2665       000      5330       000  000  000  000  000  000         1  7591243804164       21643835       21643835   519931910001  N  0                       9277503 01/05/2024       USD          335          670          796
01 37776141  PA325  M  BETAGEN 4MG. 1ML. X1AMP.                    1      2015      2015       000      2015       000  000  000  000  000  000         1  7591243804287       21643619       21643619   519931910001  N  0                       9265801 01/03/2024       USD          253          253          796
01 37776141  PA325  M  BETAGEN 4MG. 1ML. X1AMP.                    1      2015      2015       000      2015       000  000  000  000  000  000         1  7591243804287       21643619       21643619   519931910001  N  0                       9265801 01/03/2024       USD          253          253          796
01 37776141  PA275  M  BETAGEN SOLSPEN 1ML.1AMP.                   4      3185      3185       000     12740       000  000  000  000  000  000         1  7591243804409       21643619       21643619   519931910001  N  0                         93165 01/01/2024       USD          400         1601          796
01 37776141  GQ954  M  BETAHISTINA ELTER16MG.X20                   1      3851      3851       000      3851       000  000  000  000  000  000         1  7592454002400       21643676       21643676   519931910001  N  0                       3501338 01/05/2024       USD          484          484          796
01 37776141  GQ364  M  GLIMEPIRIDE ELTER2MG. X16                   2      1849      1849       000      3698       000  000  000  000  000  000         1  7703763165056       21643619       21643619   519931910001  N  0                       3501590 01/05/2024       USD          232          465          796
01 37776141  15306  M  IBUPROFENO LS100 SO 60ML                    3      1498      1498       000      4494       000  000  000  000  000  000         1  7592454003353       21643619       21643619   519931910001  N  0                       3501865 01/07/2024       USD          188          565          796
01 37776141  QM340  M  LEPRIT 25MG. X30TA                          1      4005      4005       000      4005       000  000  000  000  000  000         1  7703763363063       21643676       21643676   519931910001  N  0                       3501053 01/04/2024       USD          503          503          796
01 37776141  14918  M  LEVOSULPIRIDE LS25 X30TA                    2      2596      2596       000      5192       000  000  000  000  000  000         1  7592454889995       21643693       21643693   519931910001  N  0                       3501840 01/07/2024       USD          326          652          796
01 37776141  GQ042  M  LOSARTAN P.ELTER50MG.X30                   11      1496      1496       000     16456       000  000  000  000  000  000         1  7592454889841       21643619       21643619   519931910001  N  0                       3501951 01/07/2024       USD          188         2067          796
01 37776141  GQ042  M  LOSARTAN P.ELTER50MG.X30                    1      1496      1496       000      1496       000  000  000  000  000  000         1  7592454889841       21643619       21643619   519931910001  N  0                       3501952 01/07/2024       USD          188          188          796
01 37776141  GQ079  M  VIT C LS500NRJA.10B.X10TM                   1      6532      9331      2799      6532       000  000  000 3000  000  000         1  7703763984329       21643628       21643628   519931910001  N  0                       3285802 01/03/2025       USD          821          821          796
01 37776141  PA009  M  LOGANIL JBE.AD. 120ML.                      2      2795      2795       000      5590       000  000  000  000  000  000         2  7591243831474       21643676       21643676   519931910002  N  0                       9339202 01/05/2024       USD          351          702          796
02 37776141         44         97292           000           000         97292    0    0    0  000    0    0    0   05/09/2022 10:25:23 p. m.   PR           000           000             0            16           USD          796        12223
