01 37827482  15518  M  AFLAMAX 50MG. 25B. X5TA                     1      7621      7621       000      7621       000  000  000  000  000  000         1  7591196006189       21684807       21684807   520451050001  N  0                       I072893 01/07/2024       USD          941          941          810
01 37827482  14434  M  BRASARTAN CTD80/12.5 X10                    2      2600      2600       000      5200       000  000  000  000  000  000         1  7591821210615       21684807       21684807   520451050001  N  0                       2207526 01/08/2025       USD          321          642          810
01 37827482  LO120  M  CLARASOL SOL.OFT. 15ML.                     6      1211      2422      7266      7266       000  000  000 5000  000  000         1  7591196000071       21684807       21684807   520451050001  N  0                       I061143 01/07/2024       USD          150          897          810
01 37827482  FA018  M  FITEX 20MG. X1TA                           12       647       647       000      7764       000  000  000  000  000  000         1  7591821904293       21684807       21684807   520451050001  N  0                       2205623 01/06/2024       USD          080          959          810
01 37827482  LO105  M  MATILOL 0,50% S.OFT. 6ML.                   2      2480      2610       260      4960       000  000  000  500  000  000         1  7591196001603       21684807       21684807   520451050001  N  0                       I062758 01/07/2024       USD          306          612          810
01 37827482  CO540  M  MIOVIT COMP. 3ML. X3A KIT                   3      3720      5113      4179     11160       000  000  300 2500  000  000         1  7591818026366       21684807       21684807   520451050001  N  0                         20104 01/04/2025       USD          459         1378          810
01 37827482  LO414  M  NAS SOL.GOTAS AD. 15ML.                     5      1561      1561       000      7805       000  000  000  000  000  000         1  7591196003140       21684807       21684807   520451050001  N  0                       I022319 01/02/2024       USD          193          964          810
01 37827482  PG110  M  NINAZO GOTAS AD. 15ML.                     12      1314      1413      1188     15768       000  000  000  700  000  000         1  7591821802957       21684807       21684807   520451050001  N  0                       2206434 01/12/2023       USD          162         1947          810
01 37827482  KV339  M  TERAGRIP FORTE 24H TAB. X14                 2      3144      3309       330      6288       000  000  000  500  000  000         1  7591821802414       21684807       21684807   520451050001  N  0                22054382205321 01/05/2024       USD          388          776          810
01 37827482  KV204  M  TERAGRIP FORTE GRAN.X6SOB                   2      4290      4290       000      8580       000  000  000  000  000  000         1  7591821802490       21684807       21684807   520451050001  N  0                       2208285 01/08/2024       USD          530         1059          810
01 37827482  KV199  M  TERAGRIP FORTE NOC X6 SOB.                  3      3969      4178       627     11907       000  000  000  500  000  000         1  7591821801882       21684807       21684807   520451050001  N  0                       2206382 01/07/2024       USD          490         1470          810
02 37827482         50         94319           000           000         94319    0    0    0  000    0    0    0   27/09/2022 10:08:47 a. m.   PR           000           000             0            11           USD          810        11644
