01 37827659  13583  M  AZITROMICINA DIS200 PPS15                   6      3059      3220       966     18354       000  000  000  500  000  000         1  7598252101109       21684807       21684807   520451010001  N  0                        220317 01/03/2025       USD          378         2266          810
01 37827659  14613  M  CEFTRIAXONA AS1G IV/IM X1                   6       390       459       414      2340       000  000 1500  000  000  000         1  8906101411061       21684807       21684807   520451010001  N  0                       AKA2101 01/08/2024       USD          048          289          810
01 37827659  15720  M  CLOPIDOGREL FM75MG.X20TA                    4      1264      1404       560      5056       000  000  000 1000  000  000         1  8906005117670       21684807       21684807   520451010001  N  0                     E04122006 01/12/2023       USD          156          624          810
01 37827659  13722  M  DEGASTROL 30MG X28CA                        1      2673      2673       000      2673       000  000  000  000  000  000         1  8699525162571       21684807       21684807   520451010001  N  0                       A091801 01/11/2024       USD          330          330          810
01 37827659  15926  C  DENCORUB ICE ROLL 80GR.                     2      1720      1911       382      3440       550  000  000 1000  000  000         1  7591309002206       21684807       21684807   520451010001  N  0                      A2207265 01/07/2025       USD          212          425          810
01 37827659  16706  M  DIANIDIP 20MG. X10TA                        2      3715      6754      6078      7430       000  000  000 4500  000  000         1  7598252000297       21684807       21684807   520451010001  N  0                        211002 01/10/2024       USD          459          917          810
01 37827659  KX993  C  ESPECULO VAGINAL L KX                       4       451       475       096      1804       289  000  000  500  000  000         1   813333010987       21684807       21684807   520451010001  N  0                        211130 01/12/2026       USD          056          223          810
01 37827659  12622  C  EVERY N. GEL FIJ POWER100                   1       761       845       084       761       122  000  000 1000  000  000         1  7590005168209       21684807       21684807   520451010001  N  0                      P2207229 01/08/2024       USD          094          094          810
01 37827659  15125  C  EVERY N.BIO CH.EXT.FRU365                   1      2152      2152       000      2152       344  000  000  000  000  000         1  7590005164331       21684807       21684807   520451010001  N  0                      P2208006 01/08/2024       USD          266          266          810
01 37827659  14179  C  HILO DENTAL CLAS 50M.GALA                   1       767       767       000       767       123  000  000  000  000  000         1  7595751001176       21684807       21684807   520451010001  N  0                           10X 01/01/2030       USD          095          095          810
01 37827659  15721  M  HIOSCINA FM10MG. X10TA                     10      1211      1346      1350     12110       000  000  000 1000  000  000         1  8906082151024       21684807       21684807   520451010001  N  0                       21ET049 01/07/2024       USD          150         1495          810
01 37827659  15900  M  KETOPROFENO RONA100MG.X1A                   3      1624      1846       666      4872       000  000  000 1200  000  000         1  7598295000063       21684807       21684807   520451010001  N  0                       2110302 01/09/2024       USD          200          601          810
01 37827659  14292  M  KETOROLACO FM20MG. X10TA                    2       948      1053       210      1896       000  000  000 1000  000  000         1  8906005116581       21684807       21684807   520451010001  N  0                     E11942201 01/01/2025       USD          117          234          810
01 37827659  EL615  M  KLAS JBE. 60 CC.                            2      1713      1713       000      3426       000  000  000  000  000  000         1  7591062011828       21684807       21684807   520451010001  N  0                        22049A 01/06/2025       USD          211          423          810
01 37827659  13045  M  LACTULOSA M66.7/100 240ML                   1     13047     13047       000     13047       000  000  000  000  000  000         1  7460840417506       21684807       21684807   520451010001  N  0                      LS020122 01/01/2025       USD         1611         1611          810
01 37827659  12041  M  LEVODOPA CAR CCM250-25X30                   1      6705      6705       000      6705       000  000  000  000  000  000         1  7501384548308       21684807       21684807   520451010001  N  0                       0250422 01/04/2024       USD          828          828          810
01 37827659  13584  M  METRONIDAZOL 250MG 100SUS                   3      2465      2465       000      7395       000  000  000  000  000  000         1  7598252101291       21684807       21684807   520451010001  N  0                        220413 01/04/2025       USD          304          913          810
01 37827659  16779  M  NITAZOXANIDA DAC500 X10TA                   2      2718      3397      1358      5436       000  000  000 2000  000  000         1  7598578000438       21684807       21684807   520451010001  N  0                          V306 01/01/2025       USD          336          671          810
01 37827659  16763  C  NOSOTRAS EXT.PROTE X8                       4      1138      1264       504      4552       728  000  000 1000  000  000         1  7702027042935       21684807       21684807   520451010001  N  0                  136T31383937 01/05/2025       USD          140          562          810
01 37827659  13859  M  PIROXICAM GF20MG. X10TA                     2      1725      1725       000      3450       000  000  000  000  000  000         1  7702605102327       21684807       21684807   520451010001  N  0                       B00979A 01/04/2023       USD          213          426          810
01 37827659  16095  M  PREDNISONA PORT5 SOL.60ML                   1      4338      4338       000      4338       000  000  000  000  000  000         1  7750215007433       21684807       21684807   520451010001  N  0                       2051742 01/05/2024       USD          536          536          810
01 37827659  13528  C  PROTECTO LAB. CACAO 4.2GR                   3      1183      1183       000      3549       568  000  000  000  000  000         1  7591415011772       21684807       21684807   520451010001  N  0                        220600 01/06/2023       USD          146          438          810
01 37827659  17334  C  PROTEX ALOE 90GR. X3                        1      1920      1920       000      1920       307  000  000  000  000  000         1  7891024113639       21684807       21684807   520451010001  N  0                  290422BR1016 01/04/2024       USD          237          237          810
01 37827659  11196  C  SIEMPRESECO PAÑAL AD.M X6                   1      2266      2266       000      2266       363  000  000  000  000  000         1  7591353699001       21684807       21684807   520451010001  N  0                      20720202 01/07/2024       USD          280          280          810
01 37827659  14238  M  SILDENAFIL GDG50MG. X2TA                   10       410       410       000      4100       000  000  000  000  000  000         1  7598307000050       21684807       21684807   520451010001  N  0                         SM004 01/07/2023       USD          051          506          810
02 37827659         74        102628         21211          3394        127233    0    0    0  000    0    0    0   27/09/2022 10:35:42 a. m.   PR           000           000             0            25           USD          810        15289
