01 37827212  15181  M  AMIPINA 5MG. X30TA                          6       796       796       000      4776       000  000  000  000  000  000         1  7592236002017       21684807       21684807   520451020001  N  0                     TA1800002 01/04/2024       USD          098          590          810
01 37827212  DP105  M  BACITRACINA DP UNG. 15GR.                   4      1742      2049      1228      6968       000  000  000 1500  000  000         1  7592616021010       21684807       21684807   520451020001  N  0                         20322 01/03/2025       USD          215          860          810
01 37827212  PO185  M  BACTRON TAB. X20                            3      2860      2860       000      8580       000  000  000  000  000  000         1  7592806133073       21684807       21684807   520451020001  N  0                        206099 01/06/2027       USD          353         1059          810
01 37827212  14114  M  CIPROFLOXACINA QF500 10TA                  12      1235      1235       000     14820       000  000  000  000  000  000         1  7598484001031       21684807       21684807   520451020001  N  0                     TC1220006 01/11/2023       USD          152         1830          810
01 37827212  PB245  M  DENCORUB GEL 40GR.                          2      2422      2691       538      4844       000  000  000 1000  000  000         1  7591309010416       21684807       21684807   520451020001  N  0                       2206010 01/06/2024       USD          299          598          810
01 37827212  ED330  M  DIFENAC 1%  GEL 30GR.                       3      1420      1495       225      4260       000  000  000  500  000  000         1  7592803000385       21684807       21684807   520451020001  N  0                       2206827 01/06/2024       USD          175          526          810
01 37827212  ED394  M  DOLAK SL 30MG. X4CO                         3      1872      2080       624      5616       000  000  000 1000  000  000         1  7592803002419       21684807       21684807   520451020001  N  0                       2206831 01/06/2024       USD          231          693          810
01 37827212  15551  C  DRENE CH.A/C HZ CAIDA370                    1      2518      2518       000      2518       403  000  000  000  000  000         1  7590005008727       21684807       21684807   520451020001  N  0                       2208161 01/08/2024       USD          311          311          810
01 37827212  13892  M  ENALAPRIL PORTU10 X100TA                    1      4423      4423       000      4423       000  000  000  000  000  000         1  7750215003749       21684807       21684807   520451020001  N  0                       2102821 01/10/2023       USD          546          546          810
01 37827212  17116  M  ESOMEPRAZOL DP40MG. X30TA                   2      2621      3744      2246      5242       000  000  000 3000  000  000         1  7592616576985       21684807       21684807   520451020001  N  0                       2226201 01/12/2023       USD          324          647          810
01 37827212  SP011  M  FEXOFENADINA C. SP 120X10                   3      1788      1788       000      5364       000  000  000  000  000  000         1  7590027002437       21684807       21684807   520451020001  N  0                          1132 01/07/2024       USD          221          662          810
01 37827212  10829  M  FLUCON 200MG. X4CA                          1      2925      3250       325      2925       000  000  000 1000  000  000         1  7591955558331       21684807       21684807   520451020001  N  0                          0011 01/05/2024       USD          361          361          810
01 37827212  SP044  M  KETOROLAC SP10MG. X20CO                     2      2041      2041       000      4082       000  000  000  000  000  000         1  7590027001942       21684807       21684807   520451020001  N  0                          1121 01/08/2023       USD          252          504          810
01 37827212  16283  M  NEUTROX SUSP.ORAL 240ML.                    1      4833      4833       000      4833       000  000  000  000  000  000         1  7591616002043       21684807       21684807   520451020001  N  0                        125408 01/06/2024       USD          597          597          810
01 37827212  PD104  M  POLI-OTICO GOTAS 5 CC.                      2      4199      4420       442      8398       000  000  000  500  000  000         1  7591955002278       21684807       21684807   520451020001  N  0                          0100 01/02/2025       USD          518         1037          810
01 37827212  DT370  N  SAL DE HIGUERA DT X12 20G                   1     11856     11856       000     11856       000  000  000  000  000  000         1 17591616001630       21684807       21684807   520451020001  N  0                        123504 01/08/2025       USD         1464         1464          810
02 37827212         47         96987          2518           403         99908    0    0    0  000    0    0    0   27/09/2022 9:41:23 a. m.   PR           000           000             0            16           USD          810        12285
