01 37827375  RZ150  M  AC FOLICO PX 10MG. X30TA                    6      1092      1092       000      6552       000  000  000  000  000  000         1  7594001101345       21684807       21684807   520451030001  N  0                          6514 01/07/2025       USD          135          809          810
01 37827375  VO310  M  AZITROMICINA GENCER500 X5                   6      2319      2319       000     13914       000  000  000  000  000  000         1  7591020007597       21684807       21684807   520451030001  N  0                            76 01/03/2027       USD          286         1718          810
01 37827375  12187  M  CARVEDILOL AL6,25MG.X30TA                   2      2687      3359      1344      5374       000  000  000 2000  000  000         1  7597758000466       21684807       21684807   520451030001  N  0                         DL247 01/06/2024       USD          332          663          810
01 37827375  12583  M  DICLOFENAC P. KMP50 X10TA                  30       294       294       000      8820       000  000  000  000  000  000         1  6921875010823       21684807       21684807   520451030001  N  0                        220310 01/03/2025       USD          036         1089          810
01 37827375  VM384  M  DUROVAL 100MG. X1TA                         6       776       776       000      4656       000  000  000  000  000  000         1  7591020006330       21684807       21684807   520451030001  N  0                            25 01/07/2027       USD          096          575          810
01 37827375  VM494  M  DUROVAL 50MG. X10TA                         3      3247      3247       000      9741       000  000  000  000  000  000         1  7591020008440       21684807       21684807   520451030001  N  0                           661 01/05/2027       USD          401         1203          810
01 37827375  15998  M  ENEMAX-A SOL. 133ML.                        1      3370      3370       000      3370       000  000  000  000  000  000         1  8904278594648       21684807       21684807   520451030001  N  0                       WS21112 01/10/2024       USD          416          416          810
01 37827375  15658  N  GLUCOSAMINA+CHON HP X30CA                   2      4263      4263       000      8526       000  000  000  000  000  000         1  7592710004193       21684807       21684807   520451030001  N  0                       2571108 01/08/2025       USD          526         1053          810
01 37827375  14427  M  HIOSCINA BUTIL AL20MG.5AM                   1      4885      5428       543      4885       000  000  000 1000  000  000         1  7597758000701       21684807       21684807   520451030001  N  0                       1321290 01/07/2024       USD          603          603          810
02 37827375         57         65838           000           000         65838    0    0    0  000    0    0    0   27/09/2022 9:54:41 a. m.   PR           000           000             0             9           USD          810         8128
