01 37827134  GQ107  M  ACETAMINOFEN ELTER JBE120                   8      1829      2032      1624     14632       000  000  000 1000  000  000         1  7592454003100       21684807       21684807   520451060001  N  0                       3502155 01/08/2025       USD          226         1806          810
01 37827134  QO290  M  ANALPER PLUS TAB. X10                       3      3467      3467       000     10401       000  000  000  000  000  000         1  7592454000796       21684807       21684807   520451060001  N  0                       3502056 01/08/2024       USD          428         1284          810
01 37827134  15307  M  CANDESARTAN LS8MG. X30TA                    2      3177      3177       000      6354       000  000  000  000  000  000         1  7592454889919       21684807       21684807   520451060001  N  0                       3502130 01/08/2024       USD          392          784          810
01 37827134  VP990  M  CEVAX 500MG. X30CA.BLA                      2      3001      3847      1692      6002       000  000  000 2200  000  000         1  7592432007649       21684807       21684807   520451060001  N  0                        220087 01/03/2024       USD          370          741          810
01 37827134  PA934  M  DIAGESIC 75MG. 3ML. X2A                     2      3770      3770       000      7540       000  000  000  000  000  000         1  7591243811704       21684807       21684807   520451060001  N  0                       9272201 01/06/2024       USD          465          931          810
01 37827134  13915  M  FEXOFENADINA 30MGX120ML                     1      4209      4209       000      4209       000  000  000  000  000  000         1  7592454003186       21684807       21684807   520451060001  N  0                       3501731 01/06/2024       USD          520          520          810
01 37827134  PA184  N  FLEXURAT 500/400 X30TA                      1      7638      7638       000      7638       000  000  000  000  000  000         1  7591241817968       21684807       21684807   520451060001  N  0                       9272702 01/03/2024       USD          943          943          810
01 37827134  GQ379  M  GLIMEPIRIDE ELTER4MG. X16                   3      2617      2617       000      7851       000  000  000  000  000  000         1  7703763165063       21684807       21684807   520451060001  N  0                       3501390 01/05/2025       USD          323          969          810
01 37827134  AH295  M  LASIX 20MG. X24CO                           3      1539      1811       816      4617       000  000  000 1500  000  000         1  7591519317411       21684807       21684807   520451060001  N  0                         32863 01/04/2025       USD          190          570          810
01 37827134  GQ304  M  SERTRALINA ELTER 50 X 10                    3      1699      1788       267      5097       000  000  000  500  000  000         1  7703763190164       21684807       21684807   520451060001  N  0                       3500183 01/11/2023       USD          210          629          810
01 37827134  MK339  M  VIAJESAN 50MG. X10TA                        2      2480      2480       000      4960       000  000  000  000  000  000         1   769229220612       21684807       21684807   520451060001  N  0                        700222 01/02/2025       USD          306          612          810
01 37827134  PA226  M  YONAL 15MG. JBE. 120ML.                     4      2340      2340       000      9360       000  000  000  000  000  000         1  7591243856705       21684807       21684807   520451060001  N  0                       9342102 01/08/2025       USD          289         1156          810
02 37827134         34         88661           000           000         88661    0    0    0  000    0    0    0   27/09/2022 9:14:38 a. m.   PR           000           000             0            12           USD          810        10946
