01 37846674  10736  M  ACETAMINOFEN PX 650 X10TA                  12       598       598       000      7176       000  000  000  000  000  000         1  7594001101604       21696478       21697005   520640360001  N  0                          6565 01/08/2024       USD          073          876          819
01 37846674  15625  M  CARBAMAZEPINA BM200 X30TA                   2      2831      3146       630      5662       000  000  000 1000  000  000         1  7598127001367       21696478       21697005   520640360001  N  0                        210948 01/09/2024       USD          346          691          819
01 37846674  13775  M  CLOTRIMAZ BP10MG.C.VA.50G                   1      4940      4940       000      4940       000  000  000  000  000  000         1        5566047       21696478       21697005   520640360001  N  0                         L0351 01/02/2025       USD          603          603          819
01 37846674  14115  M  DICLOFENAC S.QF50 X20TA                     6       657       657       000      3942       000  000  000  000  000  000         1  7592236002123       21696478       21697005   520640360001  N  0                     TD1020004 01/01/2024       USD          080          481          819
01 37846674  VC450  M  FUGOLIN CR.VAG. 50GR.                       2      5009      5009       000     10018       000  000  000  000  000  000         1  7592782000307       21696478       21697005   520640360001  N  0                       2230006 01/04/2024       USD          612         1223          819
01 37846674  AY295  C  GASAS ESTER KX3X3 50-S X2                   1      7163      7540       377      7163      1146  000  000  500  000  000         1 10813333014159       21696478       21697005   520640360001  N  0                      21021306 01/04/2026       USD          875          875          819
01 37846674  12059  M  OFAFLAN 12,5MG. X6 SUPOS.                   2      2479      2479       000      4958       000  000  000  000  000  000         1  7591062016458       21696478       21697005   520640360001  N  0                        22030A 01/04/2024       USD          303          605          819
01 37846674  13488  M  PREDNISOLONA 5MGX30TAB                      3      1716      1716       000      5148       000  000  000  000  000  000         1  7598176000175       21696478       21697005   520640360001  N  0                       21T1127 01/10/2024       USD          210          629          819
01 37846674  EL254  M  PROVICAR 1GR.S.ORAL.180ML                   1      6500      6500       000      6500       000  000  000  000  000  000         1  7591062010814       21696478       21697005   520640360001  N  0                        22069A 01/09/2025       USD          794          794          819
01 37846674  17355  C  SECUREZZA PAÑAL AD.M X6                     1      3891      3891       000      3891       623  000  000  000  000  000         1  7591353515103       21696478       21697005   520640360001  N  0                      20812201 01/08/2024       USD          475          475          819
01 37846674  11196  C  SIEMPRESECO PAÑAL AD.M X6                   2      2266      2266       000      4532       725  000  000  000  000  000         1  7591353699001       21696478       21697005   520640360001  N  0                      20720202 01/07/2024       USD          277          553          819
02 37846674         33         48344         15586          2494         66424    0    0    0  000    0    0    0   05/10/2022 8:32:32 a. m.   PR           000           000             0            11           USD          819         7806
