01 37851160  15632  M  ACICLOVIR KMP5% CR. 5GR.                    4       996       996       000      3984       000  000  000  000  000  000         1  6942189211324       21699341       21699341   520692060001  N  0                        220308 01/03/2025       USD          121          485          821
01 37851160  12827  M  ALBENDAZOL PX 200MG X2TA                    8       546       546       000      4368       000  000  000  000  000  000         1  7594001100263       21698205       21698884   520692060001  N  0                          6492 01/01/2024       USD          067          532          821
01 37851160  EL685  M  ALBICAR 200MG X2TA                          4       586       586       000      2344       000  000  000  000  000  000         1  7591062010036       21699341       21699341   520692060001  N  0                        22035B 01/04/2025       USD          071          286          821
01 37851160  13721  M  AZITRO 500MG. X3TA                         10      1113      1113       000     11130       000  000  000  000  000  000         1  8699525092267       21698205       21698884   520692060001  N  0                       A098269 01/10/2024       USD          136         1356          821
01 37851160  13583  M  AZITROMICINA DIS200 PPS15                   4      3059      3220       644     12236       000  000  000  500  000  000         1  7598252101109       21698205       21698884   520692060001  N  0                        220317 01/03/2025       USD          373         1490          821
01 37851160  11144  N  BEUSAN PLUS JBE. 240ML.                     1      2812      3124       312      2812       000  000  000 1000  000  000         1  7592710001253       21698205       21698884   520692060001  N  0                       1353008 01/08/2024       USD          343          343          821
01 37851160  EL920  M  BRUGESIC 400MG. X10CO                       3       826      1101       825      2478       000  000  000 2500  000  000         1  7591062902546       21699550       21699550   520692060001  N  0                        21051A 01/08/2023       USD          101          302          821
01 37851160  14114  M  CIPROFLOXACINA QF500 10TA                  10      1235      1235       000     12350       000  000  000  000  000  000         1  7598484001031       21698205       21698884   520692060001  N  0                     TC1220006 01/11/2023       USD          150         1504          821
01 37851160  14370  M  CLOTRIMAZOL PROTU1% CR.20                   6      2183      2183       000     13098       000  000  000  000  000  000         1  7750215136249       21698205       21698884   520692060001  N  0                       2051042 01/05/2026       USD          266         1595          821
01 37851160  14555  M  DEXAMETASONA LAND4 X100TA                   1      6354      7943      1589      6354       000  000  000 2000  000  000         1  7598008001295       21698205       21698884   520692060001  N  0                     TD1690003 01/05/2025       USD          774          774          821
01 37851160  15998  M  ENEMAX-A SOL. 133ML.                        1      3370      3370       000      3370       000  000  000  000  000  000         1  8904278594648       21699341       21699341   520692060001  N  0                       WS21112 01/10/2024       USD          410          410          821
01 37851160  12328  M  GENTAPLUS 0.3% 10ML                         4       695       926       924      2780       000  000  000 2500  000  000         1  8904030802042       21699341       21699341   520692060001  N  0                        211101 01/11/2024       USD          085          339          821
01 37851160  LN155  M  LISOMUCIN 4MG. JBE.120ML.                   4      1586      1586       000      6344       000  000  000  000  000  000         1  7592348218009       21698205       21698884   520692060001  N  0                       2204008 01/04/2027       USD          193          773          821
01 37851160  14575  M  METOCLOPRAMI LAN10 X100TA                   1      4597      5746      1149      4597       000  000  000 2000  000  000         1  7598008000557       21698259       21698885   520692060001  N  0                     TM1040002 01/11/2024       USD          560          560          821
01 37851160  15082  M  SANA 2% CR.VAG. 20GR.                       4      2137      2374       948      8548       000  000  000 1000  000  000         1  7598127001091       21698205       21698884   520692060001  N  0                        211086 01/10/2024       USD          260         1041          821
01 37851160  EL001  M  TALZIC 10MG. X10CO                          4       820       820       000      3280       000  000  000  000  000  000         1  7591062016700       21698205       21698884   520692060001  N  0                        22063A 01/08/2025       USD          100          400          821
01 37851160  17448  M  TIOCOLCHICOSIDO LS4 X10TA                   6      1833      1833       000     10998       000  000  000  000  000  000         1  7592454003667       21698259       21698885   520692060001  N  0                       3502032 01/08/2024       USD          223         1340          821
02 37851160         75        111071           000           000        111071    0    0    0  000    0    0    0   06/10/2022 10:31:42 a. m.   PR           000           000             0            17           USD          821        13529
