01 37859098  11795  M  AFLAMAX 50MG. X10TA                         8       802      1002      1600      6416       000  000  000 2000  000  000         1  7591196007186       21705450       21705450   520786000001  N  0                       I072857 01/08/2024       USD          097          780          823
01 37859098  QO270  M  ANALPER FORTE TAB. 650X10                   4       953      1191       952      3812       000  000  000 2000  000  000         1  7592454000802       21705450       21705450   520786000001  N  0                       3501755 01/07/2024       USD          116          463          823
01 37859098  QO170  M  BROXOL FLEM PED. 120CC.                     2      3784      3784       000      7568       000  000  000  000  000  000         1  7592454000444       21705450       21705450   520786000001  N  0                       3501808 01/07/2024       USD          460          920          823
01 37859098  QO250  M  BROXOL GRIP PED.JBE120ML.                   2      3088      3088       000      6176       000  000  000  000  000  000         1  7592454000734       21705450       21705450   520786000001  N  0                       3502251 01/09/2024       USD          375          750          823
01 37859098  13591  M  CARVEDILOL LS 12,5MGX30TA                   3      3380      3380       000     10140       000  000  000  000  000  000         1  7703763576586       21705450       21705450   520786000001  N  0                       3297763 01/08/2024       USD          411         1232          823
01 37859098  CO460  M  CELAY 10MG. X10TA                           4       955      1364      1636      3820       000  000  000 3000  000  000         1  7591818116104       21705450       21705450   520786000001  N  0                         20261 01/07/2024       USD          116          464          823
01 37859098  LO484  M  CLARIX SOL.NASAL AD.15ML.                   2      2408      2833       850      4816       000  000  000 1500  000  000         1  7591196003171       21705450       21705450   520786000001  N  0                       I022332 01/03/2027       USD          293          585          823
01 37859098  LO001  M  CLARIX SOL.NASAL PED.15ML                   2      2408      2833       850      4816       000  000  000 1500  000  000         1  7591196000101       21705450       21705450   520786000001  N  0                       I031755 01/03/2026       USD          293          585          823
01 37859098  KF190  M  DERMAZOL 0,05% CR.30GR.                     1      6175      6500       325      6175       000  000  000  500  000  000         1  7591619519036       21705450       21705450   520786000001  N  0                          0074 01/05/2024       USD          750          750          823
01 37859098  KF200  M  DERMAZOL 0,05% UNG.30GR.                    1      7163      7540       377      7163       000  000  000  500  000  000         1  7591619519043       21705450       21705450   520786000001  N  0                          0056 01/04/2024       USD          870          870          823
01 37859098  ZA102  M  EVIGAX 125MG. X10CA.BLA                     2      3253      3253       000      6506       000  000  000  000  000  000         1  7592432900032       21705450       21705450   520786000001  N  0                        220179 01/06/2025       USD          395          791          823
01 37859098  FA018  M  FITEX 20MG. X1TA                           10       631       679       480      6310       000  000  000  700  000  000         1  7591821904293       21705450       21705450   520786000001  N  0                       2205623 01/06/2024       USD          077          767          823
01 37859098  GQ379  M  GLIMEPIRIDE ELTER4MG. X16                   3      2711      2711       000      8133       000  000  000  000  000  000         1  7703763165063       21705450       21705450   520786000001  N  0                       3501390 01/05/2025       USD          329          988          823
01 37859098  12524  M  LEVOTIROXINA 50MCG X30TA                    2      2423      2423       000      4846       000  000  000  000  000  000         1  7703153021672       21705450       21705450   520786000001  N  0                       1383672 01/09/2023       USD          294          589          823
01 37859098  11715  M  LEVOTIROXINA VP100MCG30TA                   2      2774      2774       000      5548       000  000  000  000  000  000         1  7703153021696       21705450       21705450   520786000001  N  0                       1383674 01/07/2023       USD          337          674          823
01 37859098  CO540  M  MIOVIT COMP. 3ML. X3A KIT                   3      3579      5113      4602     10737       000  000  000 3000  000  000         1  7591818026366       21705450       21705450   520786000001  N  0                         20131 01/05/2025       USD          435         1305          823
01 37859098  LO419  M  NAS SOL.NASAL PED.15ML.                     3      1639      1639       000      4917       000  000  000  000  000  000         1  7591196003027       21705450       21705450   520786000001  N  0                       I121265 01/12/2023       USD          199          597          823
01 37859098  PG110  M  NINAZO GOTAS AD. 15ML.                     12      1480      1574      1128     17760       000  000  000  600  000  000         1  7591821802957       21705450       21705450   520786000001  N  0                       2205682 01/12/2023       USD          180         2158          823
01 37859098  11622  M  OLMESARTAN AL40MG. X30TA                    2      5187      5187       000     10374       000  000  000  000  000  000         1  7597758000329       21705450       21705450   520786000001  N  0                         DL276 01/01/2025       USD          630         1261          823
01 37859098  KV204  M  TERAGRIP FORTE GRAN.X6SOB                   2      4290      4290       000      8580       000  000  000  000  000  000         1  7591821802490       21705450       21705450   520786000001  N  0                       2208289 01/09/2024       USD          521         1043          823
01 37859098  KV199  M  TERAGRIP FORTE NOC X6 SOB.                  2      4545      4545       000      9090       000  000  000  000  000  000         1  7591821801882       21705450       21705450   520786000001  N  0                       2207302 01/07/2024       USD          552         1104          823
01 37859098  12081  M  XANEXTRA 500MG. IV X1A.                     2      1301      1301       000      2602       000  000  000  000  000  000         1       75971335       21705450       21705450   520786000001  N  0                       2221083 01/04/2024       USD          158          316          823
02 37859098         74        156305           000           000        156305    0    0    0  000    0    0    0   10/10/2022 2:03:39 p. m.   PR           000           000             0            22           USD          823        18992
