01 37861158  AY280  C  ASPIRADOR NASAL KX 30ML.                    2      1316      1495       358      2632       421  000  000 1200  000  000         1   813333013605       21705450       21705450   520785930001  N  0                           10X 01/01/2030       USD          160          320          823
01 37861158  16704  C  BBK CH.KERATINA 300ML.                      1      1886      1886       000      1886       302  000  000  000  000  000         1  7593723001346       21705450       21705450   520785930001  N  0                       2207365 01/07/2025       USD          229          229          823
01 37861158  11480  M  BISOBLOC 2,5MG. X30TA                       3      3033      3033       000      9099       000  000  000  000  000  000         1  7406076106012       21705450       21705450   520785930001  N  0                        D20012 01/04/2026       USD          369         1106          823
01 37861158  12639  M  CIPROFIBRATO GF100 X20TA                    1      5525      5525       000      5525       000  000  000  000  000  000         1  7702605108626       21705450       21705450   520785930001  N  0                       C00070A 01/12/2023       USD          671          671          823
01 37861158  14114  M  CIPROFLOXACINA QF500 10TA                  10      1235      1235       000     12350       000  000  000  000  000  000         1  7598484001031       21705450       21705450   520785930001  N  0                     TC1220006 01/11/2023       USD          150         1501          823
01 37861158  17350  M  CLAVUTRIM 250MG.PPSO 60ML                   4      1932      1932       000      7728       000  000  000  000  000  000         1  7750215019115       21705450       21705450   520785930001  N  0                       2035202 01/03/2025       USD          235          939          823
01 37861158  13896  M  CLAVUTRIM 500/125MG X10TA                   1      7578      7578       000      7578       000  000  000  000  000  000         1  7750215026632       21705450       21705450   520785930001  N  0                       2038292 01/03/2024       USD          921          921          823
01 37861158  ED004  M  CLOFEN 1,8MG. SUSP.60ML.                    3      2080      2080       000      6240       000  000  000  000  000  000         1  7592803001801       21705450       21705450   520785930001  N  0                       2205820 01/06/2024       USD          253          758          823
01 37861158  12626  M  DROSPERA 3/0,002MG X28CO                    1      8154      8154       000      8154       000  000  000  000  000  000         1  7401078900057       21705450       21705450   520785930001  N  0                      LF25383B 01/10/2023       USD          991          991          823
01 37861158  17484  M  ELOK 0,1% CREMA 20GR.                       4      2223      2340       468      8892       000  000  000  500  000  000         1   021281084282       21705450       21705450   520785930001  N  0                         EK301 01/01/2024       USD          270         1080          823
01 37861158  17485  M  ELOK 0,1% LOCION 30ML.                      2      3260      3432       344      6520       000  000  000  500  000  000         1   021281084299       21705450       21705450   520785930001  N  0                        EKL302 01/01/2024       USD          396          792          823
01 37861158  17116  M  ESOMEPRAZOL DP40MG. X30TA                   2      3744      3744       000      7488       000  000  000  000  000  000         1  7592616576985       21705450       21705450   520785930001  N  0                       2226201 01/12/2023       USD          455          910          823
01 37861158  16679  M  EUTIROX 100MCG. X50TA                       1      8060      8060       000      8060       000  000  000  000  000  000         1  7501298234601       21705450       21705450   520785930001  N  0                        M20380 01/02/2024       USD          979          979          823
01 37861158  14117  M  FANASAL AD. GOTAS 15ML.                     4      1092      1092       000      4368       000  000  000  000  000  000         1  7598484000218       21705450       21705450   520785930001  N  0                          9082 01/08/2025       USD          133          531          823
01 37861158  13401  M  GLICAZET 500/5 X40TA                        2      9185      9668       966     18370       000  000  000  500  000  000         1  7406076101000       21705450       21705450   520785930001  N  0                        I21058 01/09/2024       USD         1116         2232          823
01 37861158  AY271  C  GUANTE P.EXAMEN L KX X100                   1      8221      8840       619      8221      1315  000  000  700  000  000         1  7592194000377       21705450       21705450   520785930001  N  0                 219140969LPZA 01/04/2026       USD          999          999          823
01 37861158  14298  M  HYPERSOL B 100 NASAL100D.                   1      6266      6266       000      6266       000  000  000  000  000  000         1  7795373011700       21705450       21705450   520785930001  N  0                           218 01/11/2023       USD          761          761          823
01 37861158  10735  M  LANCERAN JBE. 90ML.                         4      1065      1065       000      4260       000  000  000  000  000  000         1  7594000850954       21705450       21705450   520785930001  N  0                        220823 01/08/2024       USD          129          518          823
01 37861158  15368  M  LEVOFLOXACIN 750MG. X5TA                    3      1351      1351       000      4053       000  000  000  000  000  000         1  8906109691250       21705450       21705450   520785930001  N  0                      E2109013 01/08/2024       USD          164          492          823
01 37861158  14231  M  LORATADINA GDG10MG. X10TA                  12       573       573       000      6876       000  000  000  000  000  000         1  7598307000661       21705450       21705450   520785930001  N  0                       L101001 01/03/2025       USD          070          835          823
01 37861158  DP995  M  LOSARTAN P. DP50 X20TA                      4      1742      1742       000      6968       000  000  000  000  000  000         1  7592616366043       21705450       21705450   520785930001  N  0                        20643L 01/06/2024       USD          212          847          823
01 37861158  14371  M  MELOXICAM PROTU15 X100TA                    1      7342      7342       000      7342       000  000  000  000  000  000         1  7750215010310       21705450       21705450   520785930001  N  0                       2086511 01/08/2024       USD          892          892          823
01 37861158  14124  M  OMEFAR 20MG. X14CA                         12       655       655       000      7860       000  000  000  000  000  000         1  7592236002246       21705450       21705450   520785930001  N  0                      CO300006 01/05/2024       USD          080          955          823
01 37861158  12211  M  PHESTAL 100MG. PPSO 30ML.                   3      5785      5785       000     17355       000  000  000  000  000  000         1  7406076104315       21705450       21705450   520785930001  N  0                        G22013 01/07/2024       USD          703         2109          823
01 37861158  DP720  M  SULFADIAZINA P.DP CR.30GR                   2      2881      2881       000      5762       000  000  000  000  000  000         1  7592616480015       21705450       21705450   520785930001  N  0                         20640 01/06/2024       USD          350          700          823
02 37861158         84        177114         12739          2038        191891    0    0    0  000    0    0    0   10/10/2022 6:36:50 p. m.   PR           000           000             0            25           USD          823        23068
