01 37878929  QO340  M  ANALPER CAF 500/40 X10TA                    2      1760      1760       000      3520       000  000  000  000  000  000         1  7592454001212       21715929       21715929   520966890001  N  0                       3500941 01/03/2024       USD          212          424          831
01 37878929  QO270  M  ANALPER FORTE TAB. 650X10                   4       953      1191       952      3812       000  000  000 2000  000  000         1  7592454000802       21715929       21715929   520966890001  N  0                       3501755 01/07/2024       USD          115          459          831
01 37878929  QO290  M  ANALPER PLUS TAB. X10                       3      3836      3836       000     11508       000  000  000  000  000  000         1  7592454000796       21715929       21715929   520966890001  N  0                       3502058 01/08/2024       USD          462         1385          831
01 37878929  LO484  M  CLARIX SOL.NASAL AD.15ML.                   2      2528      2974       892      5056       000  000  000 1500  000  000         1  7591196003171       21715929       21715929   520966890001  N  0                       I022332 01/03/2027       USD          304          608          831
01 37878929  LO509  M  DESLORAT 0,5MG. JBE.60ML.                   2      2457      2457       000      4914       000  000  000  000  000  000         1  7591196004161       21715929       21715929   520966890001  N  0                       I062705 01/08/2024       USD          296          591          831
01 37878929  QM490  M  DICIGEL SUSP. 240ML.                        1      6789      6789       000      6789       000  000  000  000  000  000         1  7592454889216       21715929       21715929   520966890001  N  0                       3502054 01/08/2024       USD          817          817          831
01 37878929  LO510  M  DOBET 2%-0,5% SO.OFT.5ML.                   2      5166      5166       000     10332       000  000  000  000  000  000         1  7591196000583       21715929       21715929   520966890001  N  0                        062861 01/06/2024       USD          622         1243          831
01 37878929  LO420  M  LACRIDOS SOL.OFT. 15CC.                     3      3114      3114       000      9342       000  000  000  000  000  000         1  7591196000286       21715929       21715929   520966890001  N  0                        042595 01/07/2025       USD          375         1124          831
01 37878929  PG110  M  NINAZO GOTAS AD. 15ML.                     12      1480      1574      1128     17760       000  000  000  600  000  000         1  7591821802957       21715929       21715929   520966890001  N  0                       2206434 01/12/2023       USD          178         2137          831
01 37878929  NP024  M  NOTOLAC 20MG. X10TA                         2      3510      3510       000      7020       000  000  000  000  000  000         1  7591821902022       21715929       21715929   520966890001  N  0                       2206457 01/07/2025       USD          422          845          831
01 37878929  LO524  M  OPAT SOL.OFT. 0,1% 5CC.                     2      4068      4068       000      8136       000  000  000  000  000  000         1  7591196003942       21715929       21715929   520966890001  N  0                        052642 01/05/2024       USD          490          979          831
01 37878929  QM360  M  TIOCOLFEN 600-4 X15TA                       1      5578      5872       294      5578       000  000  000  500  000  000         1  7592454001779       21715929       21715929   520966890001  N  0                       3502029 01/08/2024       USD          671          671          831
02 37878929         36         93767           000           000         93767    0    0    0  000    0    0    0   17/10/2022 3:35:31 p. m.   PR           000           000             0            12           USD          831        11284
