01 37878583  12900  M  ANAFLEX 500MG X10TA                         2      2457      2457       000      4914       000  000  000  000  000  000         1  7598055000463       21715929       21715929   520966910001  N  0                         EE193 01/02/2024       USD          296          591          831
01 37878583  13642  M  ATENOLOL BUKA50MG. X30TA                    2      1482      1560       156      2964       000  000  000  500  000  000         1   675696259966       21715929       21715929   520966910001  N  0                        ATL503 01/09/2024       USD          178          357          831
01 37878583  PA126  M  BETADERM CR. 0,05% 15GR.                    2      2405      2405       000      4810       000  000  000  000  000  000         1  7591243804140       21715929       21715929   520966910001  N  0                       9270902 01/07/2024       USD          289          579          831
01 37878583  PA054  M  BETADERM PLUS CREMA 15GR.                   3      3250      3250       000      9750       000  000  000  000  000  000         1  7591243804164       21715929       21715929   520966910001  N  0                       9277702 01/07/2024       USD          391         1173          831
01 37878583  11876  M  CLARIMIN 500MG. X10TA                       2      4476      4973       994      8952       000  000  000 1000  000  000         1  7591519317312       21715929       21715929   520966910001  N  0                         32674 01/03/2024       USD          539         1077          831
01 37878583  MK027  M  DEFLAZACORT +MK 6MG. X10                    2      4103      4103       000      8206       000  000  000  000  000  000         1  7591519008197       21715929       21715929   520966910001  N  0                         32877 01/04/2025       USD          494          987          831
01 37878583  MK087  M  DESLORATADINA +MK5MG. X10                   6      1119      1243       744      6714       000  000  000 1000  000  000         1  7591519008210       21715929       21715929   520966910001  N  0                         32853 01/04/2025       USD          135          808          831
01 37878583  MK117  M  FLAVOXATO +MK 200MG.X10TA                   4      3197      3197       000     12788       000  000  000  000  000  000         1  7591519009330       21715929       21715929   520966910001  N  0                         33132 01/07/2024       USD          385         1539          831
01 37878583  PA184  N  FLEXURAT 500/400 X30TA                      1      7638      7638       000      7638       000  000  000  000  000  000         1  7591241817968       21715929       21715929   520966910001  N  0                       9290101 01/08/2024       USD          919          919          831
01 37878583  15422  M  HIDROCLORO BUKA12,5 30TA                    4      1927      2028       404      7708       000  000  000  500  000  000         1   675696260160       21715929       21715929   520966910001  N  0                        HCA602 01/10/2024       USD          232          928          831
01 37878583  MK964  M  IRBESARTAN +MK150MG. X7TA                   3      1811      1811       000      5433       000  000  000  000  000  000         1  7591519007145       21715929       21715929   520966910001  N  0                         32847 01/05/2025       USD          218          654          831
01 37878583  AH295  M  LASIX 20MG. X24CO                           3      2131      2131       000      6393       000  000  000  000  000  000         1  7591519317411       21715929       21715929   520966910001  N  0                         32863 01/04/2025       USD          256          769          831
01 37878583  PA226  M  YONAL 15MG. JBE. 120ML.                     2      2600      2600       000      5200       000  000  000  000  000  000         1  7591243856705       21715929       21715929   520966910001  N  0                       9342601 01/09/2025       USD          313          626          831
02 37878583         36         91470           000           000         91470    0    0    0  000    0    0    0   17/10/2022 3:03:27 p. m.   PR           000           000             0            13           USD          831        11007
