01 37878611  10202  C  ACUAGEL 250CC.                              2      1726      1726       000      3452       552  000  000  000  000  000         1  7592904000079       21715929       21715929   520966920001  N  0                         20308 01/08/2025       USD          208          415          831
01 37878611  ET340  C  ADEMINA PLUS CR.CORP.30GR                   2      1565      1565       000      3130       501  000  000  000  000  000         1  7591844000439       21715929       21715929   520966920001  N  0                    AP30220104 01/07/2025       USD          188          377          831
01 37878611  CH098  C  AMY T.HUM. MNZNILLA X72                     4       861       861       000      3444       551  000  000  000  000  000         1  7591061503058       21715929       21715929   520966920001  N  0                         22818 01/08/2024       USD          104          414          831
01 37878611  12620  C  EVERY N. GEL FIJ FRES100G                   1       793       881       088       793       127  000  000 1000  000  000         1  7590005168186       21715929       21715929   520966920001  N  0                      P2208203 01/08/2024       USD          095          095          831
01 37878611  12621  C  EVERY N. GEL FIJ STRON100                   2       793       881       176      1586       254  000  000 1000  000  000         1  7590005168193       21715929       21715929   520966920001  N  0                      P2209020 01/09/2024       USD          095          191          831
01 37878611  11845  C  EVERY N.GEL FIJ.FRESH250                    1      1295      1439       144      1295       207  000  000 1000  000  000         1  7590005168223       21715929       21715929   520966920001  N  0                       2208120 01/08/2024       USD          156          156          831
01 37878611  11848  C  EVERY N.GEL FIJ.STRONG500                   1      1814      2016       202      1814       290  000  000 1000  000  000         1  7590005168278       21715929       21715929   520966920001  N  0                       2208144 01/08/2024       USD          218          218          831
01 37878611  11843  C  EVERY N.GEL FIJ.WINNER250                   1      1295      1439       144      1295       207  000  000 1000  000  000         1  7590005168216       21715929       21715929   520966920001  N  0                       2208146 01/08/2024       USD          156          156          831
01 37878611  CV200  C  SANALO CR.FACIAL 55GR.                      2      2405      2405       000      4810       770  000  000  000  000  000         1  7591138073309       21715929       21715929   520966920001  N  0                        220431 01/08/2025       USD          289          579          831
01 37878611  14418  C  TOALLAS H.MIBB X80                          4       851       915       256      3404       545  000  000  700  000  000         1  7591251000114       21715929       21715929   520966920001  N  0                        220727 01/07/2024       USD          102          410          831
02 37878611         20           000         25023          4004         29027    0    0    0  000    0    0    0   17/10/2022 3:06:08 p. m.   PR           000           000             0            10           USD          831         3011
