01 37940400  14614  M  AZITROMICINA AS500 X3TA                    12      1152      1152       000     13824       000  000  000  000  000  000         1  8906101410729       21763445       21763445   521591190001  N  0                      T1100906 01/09/2024       USD          131         1574          878
01 37940400  16846  M  AZITROMICINA JD200 PPSO15                   6      3250      3250       000     19500       000  000  000  000  000  000         1  7840185425013       21763445       21763445   521591190001  N  0                         D3320 01/01/2025       USD          370         2221          878
01 37940400  14380  M  CLINDA KETO TI100-400 5OV                   2      5330      5330       000     10660       000  000  000  000  000  000         1  8904187881303       21763445       21763445   521591190001  N  0                          3072 01/02/2025       USD          607         1214          878
01 37940400  16566  M  DEXAMETASONA PORT4MG X100                   1     12012     12012       000     12012       000  000  000  000  000  000         1  7750215026502       21763445       21763445   521591190001  N  0                       2126681 01/12/2024       USD         1368         1368          878
01 37940400  15998  M  ENEMAX-A SOL. 133ML.                        2      3396      3396       000      6792       000  000  000  000  000  000         1  8904278594648       21763445       21763445   521591190001  N  0                       WS21113 01/10/2024       USD          387          774          878
01 37940400  FS010  N  GLICERINA FSI 30ML. X6                      1      8076      8076       000      8076       000  000  000  000  000  000         1  7592368000486       21763652       21763652   521591190001  N  0                       0822069 01/11/2024       USD          920          920          878
01 37940400  EL615  M  KLAS JBE. 60 CC.                            2      2111      2111       000      4222       000  000  000  000  000  000         1  7591062011828       21763562       21763562   521591190001  N  0                        22049A 01/06/2025       USD          240          481          878
01 37940400  15965  N  LECHE MAGN. BF MENTA120ML                   1      4160      4160       000      4160       000  000  000  000  000  000         1  7591616002005       21763766       21763766   521591190001  N  0                        124705 01/06/2024       USD          474          474          878
01 37940400  13087  N  LECHE MAGN. BF ORIG.120ML                   1      4174      4174       000      4174       000  000  000  000  000  000         1  7591616000902       21763766       21763766   521591190001  N  0                        122705 01/07/2024       USD          475          475          878
01 37940400  13949  A  MELATONIN+B6+MAGN.VAL X30                   1      6045      6045       000      6045       000  000  000  000  000  000         1   669238000048       21763445       21763445   521591190001  N  0                        22A259 01/12/2024       USD          688          688          878
01 37940400  17275  N  MELATONINA AI3MG. X60CABL                   2      6653      6653       000     13306       000  000  000  000  000  000         1  7592946000198       21763559       21763559   521591190001  N  0                      04220198 01/08/2025       USD          758         1515          878
01 37940400  16283  M  NEUTROX SUSP.ORAL 240ML.                    1      5517      5517       000      5517       000  000  000  000  000  000         1  7591616002043       21763720       21763720   521591190001  N  0                        125409 01/06/2024       USD          628          628          878
01 37940400  12211  M  PHESTAL 100MG. PPSO 30ML.                   2      5785      5785       000     11570       000  000  000  000  000  000         1  7406076104315       21763445       21763445   521591190001  N  0                        G22013 01/07/2024       USD          659         1318          878
01 37940400  KL084  M  PLIDAN COMP.10-125  X10CO                   3      5720      5720       000     17160       000  000  000  000  000  000         1  7730969306976       21763445       21763445   521591190001  N  0                        M05887 01/10/2024       USD          651         1954          878
01 37940400  PD104  M  POLI-OTICO GOTAS 5 CC.                      2      4420      4420       000      8840       000  000  000  000  000  000         1  7591955002278       21763445       21763445   521591190001  N  0                          0099 01/05/2025       USD          503         1007          878
01 37940400  LN200  C  POLIFIX POLVO 22GR.                         2      2747      2747       000      5494       879  000  000  000  000  000         1  7592348227506       21763445       21763445   521591190001  N  0                       2207511 01/07/2027       USD          313          626          878
01 37940400  FS180  N  SEN HOJAS 5GR. X 25                         1     18428     18428       000     18428       000  000  000  000  000  000         1  7592368001667       21763445       21763445   521591190001  N  0                       0922043 01/07/2024       USD         2099         2099          878
01 37940400  EL555  M  TANTUM NEBULIZADOR 45 CC.                   2      5023      5023       000     10046       000  000  000  000  000  000         1  7591062011613       21763445       21763445   521591190001  N  0                        22072A 01/09/2026       USD          572         1144          878
01 37940400  12569  M  TERBICRYM 1% CREMA X20GR                    2      2860      2860       000      5720       000  000  000  000  000  000         1  7596654000044       21763498       21763498   521591190001  N  0                       2209012 01/09/2026       USD          326          651          878
01 37940400  PD124  M  TRIDETARMON CR. 15GR.                       2      5590      5590       000     11180       000  000  000  000  000  000         1  7591955000762       21763445       21763445   521591190001  N  0                          0084 01/04/2024       USD          637         1273          878
02 37940400         48        191232          5494           879        197605    0    0    0  000    0    0    0   07/11/2022 5:28:14 p. m.   PR           000           000             0            20           USD          878        22406
