01 37952132  15632  M  ACICLOVIR KMP5% CR. 5GR.                    6       996       996       000      5976       000  000  000  000  000  000         1  6942189211324       21769160       21769467   521695080001  N  0                        220308 01/03/2025       USD          112          669          893
01 37952132  FS130  N  ACIDO BORICO FSI 20GR.X25                   1     17896     19452      1556     17896       000  000  000  800  000  000         1  7592368001094       21769160       21769467   521695080001  N  0                       0722053 01/05/2026       USD         2004         2004          893
01 37952132  EL524  M  BRUGESICFORTE 200SUSP60ML                   3      1785      1785       000      5355       000  000  000  000  000  000         1  7591062013082       21769160       21769467   521695080001  N  0                        22080A 01/10/2025       USD          200          600          893
01 37952132  15898  M  DICLOFENAC S.RONA75 X10A                    2      1638      1638       000      3276       000  000  000  000  000  000         1  7598295000056       21769188       21769468   521695080001  N  0                     202007101 01/06/2023       USD          183          367          893
01 37952132  12328  M  GENTAPLUS 0.3% 10ML                         3       926       926       000      2778       000  000  000  000  000  000         1  8904030802042       21769188       21769468   521695080001  N  0                        211101 01/11/2024       USD          104          311          893
01 37952132  DP750  M  IBUPROFEN DP400 X10TA                       3       630      1105      1425      1890       000  000  500 4000  000  000         1  7592616220017       21769160       21769467   521695080001  N  0                         20196 01/01/2024       USD          071          212          893
01 37952132  DP750  M  IBUPROFEN DP400 X10TA                       1       663      1105       442       663       000  000  000 4000  000  000         1  7592616220017       21769160       21769467   521695080001  N  0                         20196 01/01/2024       USD          074          074          893
01 37952132  17057  M  IBUPROFENO KMP200 X10TA                     4       575       575       000      2300       000  000  000  000  000  000         1  6921875011646       21769160       21769467   521695080001  N  0                     213122021 01/05/2024       USD          064          258          893
01 37952132  LN165  M  MADECASSOL 2% POLVO 5GR.                    2      4112      4112       000      8224       000  000  000  000  000  000         1  7592348218108       21769160       21769467   521695080001  N  0                       2207037 01/07/2027       USD          460          921          893
01 37952132  14371  M  MELOXICAM PROTU15 X100TA                    1      8072      8072       000      8072       000  000  000  000  000  000         1  7750215010310       21769160       21769467   521695080001  N  0                       2102981 01/10/2024       USD          904          904          893
01 37952132  16335  C  PAÑAL NEO BABY TA.G X10UN                   2      1382      1382       000      2764       442  000  000  000  000  000         1  7591353801275       21769160       21769467   521695080001  N  0                      20916110 01/09/2024       USD          155          310          893
01 37952132  16095  M  PREDNISONA PORT5 SOL.60ML                   3      5078      5078       000     15234       000  000  000  000  000  000         1  7750215007433       21769160       21769467   521695080001  N  0                       2077062 01/07/2024       USD          569         1706          893
01 37952132  17000  C  RODILLERA L/XL ASK                          1      4745      4745       000      4745       759  000  000  000  000  000         1  7595863714285       21769160       21769467   521695080001  N  0                           10X 01/01/2030       USD          531          531          893
01 37952132  15376  M  SYSTALAN ULTRA SO.OF.10ML                   1     11427     11427       000     11427       000  000  000  000  000  000         1  7750778000865       21769160       21769467   521695080001  N  0                        207142 01/07/2024       USD         1280         1280          893
01 37952132  EL001  M  TALZIC 10MG. X10CO                          4      1192      1192       000      4768       000  000  000  000  000  000         1  7591062016700       21769160       21769467   521695080001  N  0                        22063A 01/08/2102       USD          133          534          893
02 37952132         37         87859          7509          1201         96569    0    0    0  000    0    0    0   10/11/2022 11:15:18 a. m.   PR           000           000             0            15           USD          893        10680
