01 37964086  16291  N  ACEITE DE COCO BF 30ML.                     4      2165      2165       000      8660       000  000  000  000  000  000         1  7591616000056       21776375       21776375   521820400001  N  0                        120202 01/05/2025       USD          233          930          931
01 37964086  14259  M  ACICLOVIR DIS200MG.X100TA                   1     11239     11831       592     11239       000  000  000  500  000  000         1  7598252101307       21776375       21776375   521820400001  N  0                        220115 01/01/2025       USD         1207         1207          931
01 37964086  14614  M  AZITROMICINA AS500 X3TA                    12      1152      1152       000     13824       000  000  000  000  000  000         1  8906101410729       21776375       21776651   521820400001  N  0                      T1100906 01/09/2024       USD          124         1485          931
01 37964086  16846  M  AZITROMICINA JD200 PPSO15                   3      3933      3933       000     11799       000  000  000  000  000  000         1  7840185425013       21776375       21776651   521820400001  N  0                         D3320 01/01/2025       USD          422         1267          931
01 37964086  PO185  M  BACTRON TAB. X20                            3      3005      3197       576      9015       000  000  000  600  000  000         1  7592806133073       21776375       21776651   521820400001  N  0                        207120 01/07/2027       USD          323          968          931
01 37964086  11046  N  BERRO FG JBE. 120ML.                        2      2317      2317       000      4634       000  000  000  000  000  000         1       25525748       21776375       21776651   521820400001  N  0                          2770 01/09/2025       USD          249          498          931
01 37964086  16293  N  BICARBONATO S. BF20G.X12S                   1     11482     11482       000     11482       000  000  000  000  000  000         1 17591616001524       21776375       21776651   521820400001  N  0                        126303 01/07/2025       USD         1233         1233          931
01 37964086  EL930  M  BRUGESIC 600MG. X10CO                       2      2114      2114       000      4228       000  000  000  000  000  000         1  7591062902539       21776375       21776651   521820400001  N  0                        21058A 01/10/2023       USD          227          454          931
01 37964086  DP380  M  CLOTRIMAZOL DP1% CR.20GR.                   4      2266      2266       000      9064       000  000  000  000  000  000         1  7592616110011       21776375       21776651   521820400001  N  0                         21088 01/10/2024       USD          243          974          931
01 37964086  EL008  M  COLFENE COMPR. 600/4 X15                    1      5630      5630       000      5630       000  000  000  000  000  000         1  7591062900900       21776375       21776651   521820400001  N  0                        22078A 01/09/2024       USD          605          605          931
01 37964086  17712  M  DESLORATADINA BQ JBE.60ML                  12      1687      1687       000     20244       000  000  000  000  000  000         1  7594000851500       21776375       21776651   521820400001  N  0                        220919 01/09/2025       USD          181         2174          931
01 37964086  16137  N  DIVIDIVI GEL HEMORR. 30GR                   2      4943      4943       000      9886       000  000  000  000  000  000         1  7598751000019       21776375       21776651   521820400001  N  0                       E2V0424 01/02/2024       USD          531         1062          931
01 37964086  GB850  M  GLICERINA GC SUPOS.AD. X6                   2      5758      5758       000     11516       000  000  000  000  000  000         1  7592349923957       21776375       21776651   521820400001  N  0                       2206176 01/06/2024       USD          618         1237          931
01 37964086  GB840  M  GLICERINA GC SUPOS.PED.X6                   1      4264      4264       000      4264       000  000  000  000  000  000         1  7592349923872       21776375       21776651   521820400001  N  0                       2204142 01/05/2024       USD          458          458          931
01 37964086  DP270  M  KETOCONAZOL DP CR. 2% 15GR.                 3      2428      2428       000      7284       000  000  000  000  000  000         1  7592616584027       21776375       21776651   521820400001  N  0                         20862 01/08/2024       USD          261          782          931
01 37964086  14384  M  KETOPROFENO TIA100MG.X10A                   1      8450      8450       000      8450       000  000  000  000  000  000         1  8904187861770       21776375       21776651   521820400001  N  0                         GN374 01/07/2025       USD          908          908          931
01 37964086  14231  M  LORATADINA GDG10MG. X10TA                  12       644       644       000      7728       000  000  000  000  000  000         1  7598307000661       21776375       21776651   521820400001  N  0                       L101001 01/03/2025       USD          069          830          931
01 37964086  12549  M  LUMBAX 600MG. X10TA                         2      2431      2431       000      4862       000  000  000  000  000  000         1  7592349001051       21776375       21776651   521820400001  N  0                       2203003 01/03/2024       USD          261          522          931
01 37964086  16629  C  MELODY JAB.EXF.AVENA 75G                    2       840       840       000      1680       269  000  000  000  000  000         1   736674427521       21776375       21776651   521820400001  N  0                      22370184 01/08/2025       USD          090          180          931
01 37964086  CO540  M  MIOVIT COMP. 3ML. X3A KIT                   2      3579      5113      3068      7158       000  000  000 3000  000  000         1  7591818026366       21776375       21776651   521820400001  N  0                         20131 01/05/2025       USD          384          769          931
01 37964086  ED560  M  NOVARONA 200MG. X10CO                       2      3835      3835       000      7670       000  000  000  000  000  000         1  7592803000859       21776375       21776651   521820400001  N  0                       2209917 01/10/2025       USD          412          824          931
01 37964086  14374  M  PARACETA PORT120 JBE120ML                   2      3588      3588       000      7176       000  000  000  000  000  000         1  7750215575819       21776740       21776740   521820400001  N  0                       2088591 01/08/2024       USD          385          771          931
01 37964086  14238  M  SILDENAFIL GDG50MG. X2TA                    8       460       460       000      3680       000  000  000  000  000  000         1  7598307000050       21776375       21776651   521820400001  N  0                         SM004 01/07/2023       USD          049          395          931
01 37964086  EL775  M  TALZIC SOL.GOTAS 20ML.                      3      1357      1357       000      4071       000  000  000  000  000  000         1  7591062016670       21776375       21776651   521820400001  N  0                        22033B 01/04/2024       USD          146          437          931
01 37964086  EL245  M  TANTUM TOP. BUCAL 240 CC.                   2      3908      3908       000      7816       000  000  000  000  000  000         1  7591062011538       21776375       21776651   521820400001  N  0                        22065A 01/09/2024       USD          420          840          931
02 37964086         89        201380          1680           269        203329    0    0    0  000    0    0    0   15/11/2022 11:35:24 a. m.   PR           000           000             0            25           USD          931        21811
