01 37994451  KV004  M  ANTILAX 2MG. X10TA                          2      2106      2340       468      4212       000  000  000 1000  000  000         1  7591821102095       21790889       21791870   522100900001  N  0                       2111560 01/11/2023       USD          206          412         1023
01 37994451  12570  M  BUDECORT SOL.P INHAL10ML.                   3      5920      5920       000     17760       000  000  000  000  000  000         1  7591196007162       21791007       21791871   522100900001  N  0                        082121 01/09/2024       USD          579         1736         1023
01 37994451  LO120  M  CLARASOL SOL.OFT. 15ML.                     6      1542      3084      9252      9252       000  000  000 5000  000  000         1  7591196000071       21790889       21791870   522100900001  N  0                       I071160 01/07/2024       USD          151          904         1023
01 37994451  KN340  M  CURPINOL 6,25MG. X30CO                      2      3510      3900       780      7020       000  000  000 1000  000  000         1  7591955558218       21790889       21791870   522100900001  N  0                          0034 01/03/2025       USD          343          686         1023
01 37994451  LO510  M  DOBET 2%-0,5% SO.OFT.5ML.                   3      5425      5425       000     16275       000  000  000  000  000  000         1  7591196000583       21790889       21791870   522100900001  N  0                        062570 01/06/2024       USD          530         1591         1023
01 37994451  LO414  M  NAS 0,1%SOL.GOTAS AD.15ML                   4      1704      1893       756      6816       000  000  000 1000  000  000         1  7591196003140       21790889       21791870   522100900001  N  0                        102131 01/10/2024       USD          167          666         1023
01 37994451  PG110  M  NINAZO GOTAS AD. 15ML.                     18      1713      1713       000     30834       000  000  000  000  000  000         1  7591821802957       21790889       21791870   522100900001  N  0                      2208141B 01/02/2024       USD          167         3014         1023
01 37994451  PD104  M  POLI-OTICO GOTAS 5 CC.                      2      4563      5070      1014      9126       000  000  000 1000  000  000         1  7591955002278       21790889       21791870   522100900001  N  0                          0100 01/07/2025       USD          446          892         1023
01 37994451  LO009  M  SALBUTAMOL LO SOL.P.INH15                   3      5857      5857       000     17571       000  000  000  000  000  000         1  7591196002303       21790889       21791870   522100900001  N  0                        062823 01/06/2025       USD          573         1718         1023
01 37994451  11279  N  SENOKOT C.DOCUSATO X10TA                    2      5070      5070       000     10140       000  000  000  000  000  000         1  7591821210295       21791661       21791879   522100900001  N  0                       2205700 01/06/2024       USD          496          991         1023
01 37994451  KV199  M  TERAGRIP FORTE NOC X6 SOB.                  4      5177      5177       000     20708       000  000  000  000  000  000         1  7591821801882       21790889       21791870   522100900001  N  0                       2207308 01/08/2024       USD          506         2024         1023
01 37994451  LO540  M  VENTICORT INH. 200 DOSIS                    2      8215      8215       000     16430       000  000  000  000  000  000         1  7591196000606       21790889       21791870   522100900001  N  0                       I032351 01/03/2024       USD          803         1606         1023
02 37994451         51        166144           000           000        166144    0    0    0  000    0    0    0   24/11/2022 1:11:44 p. m.   PR           000           000             0            12           USD         1023        16241
