01 38005692  17547  M  BACITRACINA DAC UNG. 20GR                   2      2322      2903      1162      4644       000  000  000 2000  000  000         1  7598578000469       21799344       21799344   522243120001  N  0                          2136 01/01/2024       USD          216          433         1073
01 38005692  11046  N  BERRO FG JBE. 120ML.                        2      2564      2564       000      5128       000  000  000  000  000  000         1       25525748       21799344       21799344   522243120001  N  0                          2770 01/09/2025       USD          239          478         1073
01 38005692  11081  M  BRUDOL 200MG/65MG. X20CO                    3      2240      2240       000      6720       000  000  000  000  000  000         1  7591062901105       21799344       21799344   522243120001  N  0                        22084A 01/10/2025       USD          209          626         1073
01 38005692  EL009  M  BRUGESIC 200MG. X10CO                       3      1266      1266       000      3798       000  000  000  000  000  000         1  7591062902379       21799344       21799344   522243120001  N  0                        21054B 01/09/2023       USD          118          354         1073
01 38005692  EL920  M  BRUGESIC 400MG. X10CO                       3       836      1672      2508      2508       000  000  000 5000  000  000         1  7591062902546       21799344       21799344   522243120001  N  0                        21056A 01/09/2023       USD          078          234         1073
01 38005692  EL930  M  BRUGESIC 600MG. X10CO                       3      2486      2486       000      7458       000  000  000  000  000  000         1  7591062902539       21799344       21799344   522243120001  N  0                        21058A 01/10/2023       USD          232          695         1073
01 38005692  EL524  M  BRUGESICFORTE 200SUSP60ML                   2      2419      2419       000      4838       000  000  000  000  000  000         1  7591062013082       21799344       21799344   522243120001  N  0                        22080A 01/10/2025       USD          225          451         1073
01 38005692  12016  M  CARBAMAZEPINA DAC200 X20                    4      2382      2978      2384      9528       000  000  000 2000  000  000         1  7598578000063       21799344       21799344   522243120001  N  0                          V292 01/01/2025       USD          222          888         1073
01 38005692  17277  M  CLONEDAC CREMA 20GR.                        4      2986      3732      2984     11944       000  000  000 2000  000  000         1  7598578000117       21799344       21799344   522243120001  N  0                          2143 01/03/2024       USD          278         1113         1073
01 38005692  KN350  M  CURPINOL 12,5MG. X30CO                      2      5460      5460       000     10920       000  000  000  000  000  000         1  7591955558232       21799344       21799344   522243120001  N  0                          0034 01/09/2025       USD          509         1018         1073
01 38005692  PD360  M  FLODONT UNG.BUCAL 15GR.                     2      2730      2730       000      5460       000  000  000  000  000  000         1  7591955000496       21799344       21799344   522243120001  N  0                          0044 01/08/2025       USD          254          509         1073
01 38005692  13683  C  HILO DENTAL FLOSSP M.X30                    2      1383      1383       000      2766       443  000  000  000  000  000         1  7597297000422       21799344       21799344   522243120001  N  0                           10X 01/01/2030       USD          129          258         1073
01 38005692  ML100  C  MULTI PLUS SOL. 240 CC.                     1      4642      4642       000      4642       743  000  000  000  000  000         1  7591929717009       21799344       21799344   522243120001  N  0                      MP222015 01/09/2025       USD          433          433         1073
01 38005692  EL172  M  PEREBRON JBE.PED.FRANB120                   2      3260      3260       000      6520       000  000  000  000  000  000         1  7591062011200       21799344       21799344   522243120001  N  0                        22081A 01/09/2025       USD          304          608         1073
01 38005692  13859  M  PIROXICAM GF20MG. X10TA                     3      2314      2314       000      6942       000  000  000  000  000  000         1  7702605102327       21799344       21799344   522243120001  N  0                       B00979A 01/04/2023       USD          216          647         1073
01 38005692  14268  M  PREDNISONA DIS5MG.X100TA                    1      9854      9854       000      9854       000  000  000  000  000  000         1  7598252101499       21799344       21799344   522243120001  N  0                        220506 01/05/2025       USD          918          918         1073
01 38005692  SX140  C  TOALLAS C. SECUREZZA X 10                   4      1115      1115       000      4460       714  000  000  000  000  000         1  7591353700028       21799344       21799344   522243120001  N  0                      21020206 01/10/2024       USD          104          416         1073
01 38005692  14377  M  TRIMIC FORTE L OV.VAG. X7                   1      5781      5781       000      5781       000  000  000  000  000  000         1  8906009238555       21799344       21799344   522243120001  N  0                      B2AJG012 01/04/2024       USD          539          539         1073
01 38005692  EL725  M  ULCENOL 40MG. X20TA                         2      2915      2915       000      5830       000  000  000  000  000  000         1  7591062018650       21799344       21799344   522243120001  N  0                        22024A 01/03/2026       USD          272          543         1073
01 38005692  13955  M  VALSARTAN DAC 160MGX20 TA                   2      5972      7465      2986     11944       000  000  000 2000  000  000         1  7598578000209       21799344       21799344   522243120001  N  0                          V360 01/03/2025       USD          557         1113         1073
02 38005692         48        119817         11868          1899        133584    0    0    0  000    0    0    0   28/11/2022 6:07:22 p. m.   PR           000           000             0            20           USD         1073        12273
