01 38016369  QF300  M  BROMEXINA QF8MG.JBE.120ML                   3      2050      2158       324      6150       000  000  000  500  000  000         1  7598484000041       21804391       21804527   522341100001  N  0                         12212 01/11/2024       USD          187          562         1095
01 38016369  GN091  M  CAPTOPRIL GN 25MG.X30CO                     4      2766      2766       000     11064       000  000  000  000  000  000         1  7591585370167       21804391       21804527   522341100001  N  0                           123 01/07/2026       USD          253         1010         1095
01 38016369  GN025  M  CETIRIZINA GN10MG. X10CO                   12      1094      1287      2316     13128       000  000  000 1500  000  000         1  7591585174581       21804391       21804527   522341100001  N  0                           130 01/09/2025       USD          100         1199         1095
01 38016369  16064  M  CLOBEDET CR.TOP. 15GR.                      3      2080      2080       000      6240       000  000  000  000  000  000         1   745687143311       21804391       21804527   522341100001  N  0                            03 01/02/2024       USD          190          570         1095
01 38016369  16261  M  CO-TRIMOXAZOL QF80-400X20                   4      1266      1582      1264      5064       000  000  000 2000  000  000         1  7592236002307       21804391       21804527   522341100001  N  0                     TC1710002 01/03/2024       USD          116          462         1095
01 38016369  GN784  M  DESLORATADINA GN 5MG. X10                   6      1240      1378       828      7440       000  000  000 1000  000  000         1  7591585177469       21804391       21804527   522341100001  N  0                           096 01/09/2024       USD          113          679         1095
01 38016369  14117  M  FANASAL AD. GOTAS 15ML.                     6      1498      1577       474      8988       000  000  000  500  000  000         1  7598484000218       21804391       21804527   522341100001  N  0                         12412 01/11/2025       USD          137          821         1095
01 38016369  10735  M  LANCERAN JBE. 90ML.                         3      1356      1356       000      4068       000  000  000  000  000  000         1  7594000850954       21804391       21804527   522341100001  N  0                        220822 01/08/2024       USD          124          372         1095
01 38016369  LC840  M  LETISAN SOL.ORAL 120ML.                     2      3117      3117       000      6234       000  000  000  000  000  000         1  7591585214881       21804391       21804527   522341100001  N  0                           508 01/09/2024       USD          285          569         1095
01 38016369  GN874  M  METFORMINA GN850MG. X30CO                   4      2579      2579       000     10316       000  000  000  000  000  000         1  7591585174956       21804391       21804527   522341100001  N  0                           034 01/07/2024       USD          236          942         1095
01 38016369  LC409  M  MIGREN 650-50-1 X10CO                       4      2145      2145       000      8580       000  000  000  000  000  000         1  7591585115737       21804391       21804527   522341100001  N  0                           581 01/09/2024       USD          196          784         1095
01 38016369  15110  M  NEUROMIX COMPLE B X30CO                     2      2978      2978       000      5956       000  000  000  000  000  000         1  7591585213365       21804391       21804527   522341100001  N  0                           024 01/10/2024       USD          272          544         1095
01 38016369  LT017  M  TENSOMAX 30MG. LP X40CA                     2     14347     14347       000     28694       000  000  000  000  000  000         1  7591585418432       21804391       21804527   522341100001  N  0                           005 01/10/2024       USD         1310         2620         1095
01 38016369  LT930  M  VIASEK 50MG. X2CO                           2      1486      1651       330      2972       000  000  000 1000  000  000         1  7591585111005       21804391       21804527   522341100001  N  0                           097 01/05/2025       USD          136          271         1095
02 38016369         57        124894           000           000        124894    0    0    0  000    0    0    0   30/11/2022 5:26:18 p. m.   PR           000           000             0            14           USD         1095        11406
