01 38022681  ET340  C  ADEMINA PLUS CR.CORP.30GR                   3      1918      1918       000      5754       921  000  000  000  000  000         1  7591844000439       21807557       21807557   522407960001  N  0                    AP30220104 01/07/2025       USD          170          511         1125
01 38022681  10127  C  AGUA OXG AMER C VO20 60CC                   3       653       702       147      1959       313  000  000  700  000  000         1  7592566000585       21807557       21807557   522407960001  N  0                       4331092 01/09/2024       USD          058          174         1125
01 38022681  KQ018  C  ARNICA CRISTAL TAR.250G                     1      4966      4966       000      4966       795  000  000  000  000  000         1  7593434000218       21807557       21807557   522407960001  N  0                     229522216 01/10/2025       USD          441          441         1125
01 38022681  15132  C  EVERY N.BIO CH.CEREAL365                    1      3025      3025       000      3025       484  000  000  000  000  000         1  7590005164409       21807557       21807557   522407960001  N  0                       2211152 01/11/2024       USD          269          269         1125
01 38022681  15125  C  EVERY N.BIO CH.EXT.FRU365                   1      3025      3025       000      3025       484  000  000  000  000  000         1  7590005164331       21807557       21807557   522407960001  N  0                       2209076 01/09/2024       USD          269          269         1125
01 38022681  11850  C  EVERY N.GEL FIJ.POWER500                    1      2564      2564       000      2564       410  000  000  000  000  000         1  7590005168285       21807557       21807557   522407960001  N  0                       2209187 01/09/2024       USD          228          228         1125
01 38022681  11847  C  EVERY N.GEL FIJ.STRONG250                   2      1830      1830       000      3660       586  000  000  000  000  000         1  7590005168230       21807557       21807557   522407960001  N  0                       2209145 01/09/2024       USD          163          325         1125
01 38022681  11843  C  EVERY N.GEL FIJ.WINNER250                   2      1830      1830       000      3660       586  000  000  000  000  000         1  7590005168216       21807557       21807557   522407960001  N  0                       2211184 01/11/2024       USD          163          325         1125
01 38022681  11844  C  EVERY N.GEL FIJ.WINNER500                   1      2564      2564       000      2564       410  000  000  000  000  000         1  7590005168254       21807557       21807557   522407960001  N  0                       2210083 01/10/2024       USD          228          228         1125
01 38022681  10535  C  PROT LAB.CEREZA NEVADA4GR                   2      1644      1730       172      3288       526  000  000  500  000  000         1  7591635910244       21807557       21807557   522407960001  N  0                       0850922 01/09/2024       USD          146          292         1125
01 38022681  10536  C  PROT LAB.FRESA NEVADA4GR                    2      1644      1730       172      3288       526  000  000  500  000  000         1  7591635910251       21807557       21807557   522407960001  N  0                       0941022 01/10/2024       USD          146          292         1125
02 38022681         19           000         37753          6040         43793    0    0    0  000    0    0    0   02/12/2022 3:30:22 p. m.   PR           000           000             0            11           USD         1125         3356
