01 38032670  DT410  N  AZUFRE POLVO DT X12                         1     11684     11684       000     11684       000  000  000  000  000  000         1 17591616001517       21812286       21812286   522512190001  N  0                        121502 01/08/2025       USD          985          985         1186
01 38032670  14963  M  BETAHISTINA GEA16MG.X10TA                   2      2015      2015       000      4030       000  000  000  000  000  000         1  8908007037352       21812286       21812286   522512190001  N  0                        21J087 01/09/2024       USD          170          340         1186
01 38032670  11144  N  BEUSAN PLUS JBE. 240ML.                     2      3950      4389       878      7900       000  000  000 1000  000  000         1  7592710001253       21812286       21812286   522512190001  N  0                       1353110 01/10/2024       USD          333          666         1186
01 38032670  17348  M  CEFADROXILO POR250 PPS60                    2      9335      9335       000     18670       000  000  000  000  000  000         1  7750215026212       21812286       21812286   522512190001  N  0                       2038332 01/03/2024       USD          787         1574         1186
01 38032670  14550  M  CETIRIZINA LAND10 X100TA                    2      7722      7722       000     15444       000  000  000  000  000  000         1  7598008000298       21812286       21812286   522512190001  N  0                     TC2170002 01/04/2025       USD          651         1302         1186
01 38032670  ED540  M  CLOFEN 15MG. GOTAS 15ML.                    2      1690      1690       000      3380       000  000  000  000  000  000         1  7592803000200       21812286       21812286   522512190001  N  0                       2208887 01/08/2025       USD          142          285         1186
01 38032670  17277  M  CLONEDAC CREMA 20GR.                        4      3591      3990      1596     14364       000  000  000 1000  000  000         1  7598578000117       21812286       21812286   522512190001  N  0                          2187 01/03/2024       USD          303         1211         1186
01 38032670  EL008  M  COLFENE COMPR. 600/4 X15                    2      6306      6306       000     12612       000  000  000  000  000  000         1  7591062900900       21812286       21812286   522512190001  N  0                        22078A 01/09/2024       USD          532         1063         1186
01 38032670  16566  M  DEXAMETASONA PORT4MG X100                   1     17645     17645       000     17645       000  000  000  000  000  000         1  7750215026502       21812286       21812286   522512190001  N  0                       2126681 01/12/2024       USD         1488         1488         1186
01 38032670  14257  M  DICLOFENAC P. DIS100 X100                   1      4927      4927       000      4927       000  000  000  000  000  000         1  7598252101475       21812286       21812286   522512190001  N  0                        220414 01/04/2025       USD          415          415         1186
01 38032670  14115  M  DICLOFENAC S.QF50 X20TA                     4       948       948       000      3792       000  000  000  000  000  000         1  7592236002123       21812286       21812286   522512190001  N  0                     TD1020005 01/04/2024       USD          080          320         1186
01 38032670  14118  M  FANASAL NAS GTA.PED.15ML.                   4      1547      1547       000      6188       000  000  000  000  000  000         1  7598484000232       21812286       21812286   522512190001  N  0                         12012 01/11/2024       USD          130          522         1186
01 38032670  GB840  M  GLICERINA GC SUPOS.PED.X6                   2      5372      5372       000     10744       000  000  000  000  000  000         1  7592349923872       21812286       21812286   522512190001  N  0                       2207143 01/07/2024       USD          453          906         1186
01 38032670  AY271  C  GUANTE P.EXAMEN L KX X100                   1     11115     11700       585     11115      1778  000  000  500  000  000         1  7592194000377       21812286       21812286   522512190001  N  0                 219140969LPZA 01/04/2026       USD          937          937         1186
01 38032670  15363  M  KETOPROFENO ADN100 X10TA                    8       975       975       000      7800       000  000  000  000  000  000         1  8904159499789       21812286       21812286   522512190001  N  0                       XT2C042 01/03/2025       USD          082          658         1186
01 38032670  14972  M  KETOROLACO ADN IM/IV X10A                   1      7172      7172       000      7172       000  000  000  000  000  000         1  8904187828292       21812286       21812286   522512190001  N  0                        N21104 01/04/2025       USD          605          605         1186
01 38032670  15965  N  LECHE MAGN. BF MENTA120ML                   1      4460      4460       000      4460       000  000  000  000  000  000         1  7591616002005       21812286       21812286   522512190001  N  0                        124705 01/06/2024       USD          376          376         1186
01 38032670  15035  M  LEVOFLOXACINA ZIEL750 X10                   3      4151      4151       000     12453       000  000  000  000  000  000         1  0781100146620       21812286       21812286   522512190001  N  0                     EGT210119 01/06/2024       USD          350         1050         1186
01 38032670  ED008  M  MUCLAR 30MG-5MG X10CO                       4      2730      2730       000     10920       000  000  000  000  000  000         1  7592803002594       21812286       21812286   522512190001  N  0                      2207866D 01/08/2024       USD          230          921         1186
01 38032670  14444  C  PILA PANASONIC CR-2032 X5                   1      6462      6462       000      6462      1034  000  000  000  000  000         1  8887549614002       21812286       21812286   522512190001  N  0                           10X 01/08/2031       USD          545          545         1186
01 38032670  EL071  M  TACHIFORTE 1GR. X20TA                       2      2964      2964       000      5928       000  000  000  000  000  000         1  7591062900948       21812286       21812286   522512190001  N  0                        22102A 01/11/2024       USD          250          500         1186
01 38032670  EL295  M  TACHIPIRIN SUPOS. 125X6                     3      2531      2531       000      7593       000  000  000  000  000  000         1  7591062011361       21812286       21812286   522512190001  N  0                        22002A 01/03/2027       USD          213          640         1186
01 38032670  EL320  M  TACHIPIRIN SUPOS. 250X6                     2      2917      2917       000      5834       000  000  000  000  000  000         1  7591062011378       21812286       21812286   522512190001  N  0                        22064A 01/08/2027       USD          246          492         1186
01 38032670  EL001  M  TALZIC 10MG. X10CO                          4      1469      1469       000      5876       000  000  000  000  000  000         1  7591062016700       21812286       21812286   522512190001  N  0                        22063A 01/08/2102       USD          124          495         1186
01 38032670  14377  M  TRIMIC FORTE L OV.VAG. X7                   1      6882      6882       000      6882       000  000  000  000  000  000         1  8906009238555       21812286       21812286   522512190001  N  0                      B2AJG012 01/04/2024       USD          580          580         1186
02 38032670         60        206298         17577          2812        226687    0    0    0  000    0    0    0   07/12/2022 10:28:15 a. m.   PR           000           000             0            25           USD         1186        18876
