01 38048532  LO539  M  AFLAMAX 50MG. X20TA                         8      1707      2439      5856     13656       000  000  000 3000  000  000         1  7591196004451       21820015       21820015   522672520001  N  0                       I112456 01/11/2024       USD          121          966         1413
01 38048532  LO104  M  AIRON 5MG. X10TAB.MAST.                     3      2181      2181       000      6543       000  000  000  000  000  000         1  7591196002549       21821370       21821370   522672520001  N  0                       I102121 01/10/2024       USD          154          463         1413
01 38048532  LO469  M  ALFADYN 0,20% SO.OFT.5ML.                   2      6960      6960       000     13920       000  000  000  000  000  000         1  7591196003430       21821981       21821981   522672520001  N  0                        032741 01/03/2024       USD          493          985         1413
01 38048532  GN088  M  AMLODIPINA GN 10MG. X30CO                   3      2122      2122       000      6366       000  000  000  000  000  000         1  7591585278173       21820015       21820015   522672520001  N  0                           196 01/07/2025       USD          150          451         1413
01 38048532  GN629  M  AZITROMICINA GN500 X5CO                    12      2461      2461       000     29532       000  000  000  000  000  000         1  7591585279460       21820015       21820015   522672520001  N  0                           327 01/10/2026       USD          174         2090         1413
01 38048532  17739  M  BREXIN 180 JBE.PED.120ML.                   6      3335      3705      2220     20010       000  000  000 1000  000  000         1  7591818213407       21821370       21821370   522672520001  N  0                         20437 01/10/2025       USD          236         1416         1413
01 38048532  12570  M  BUDECORT SOL.P INHAL10ML.                   4      7179      7179       000     28716       000  000  000  000  000  000         1  7591196007162       21822004       21822004   522672520001  N  0                        092999 01/10/2024       USD          508         2032         1413
01 38048532  CO460  M  CELAY 10MG. X10TA                           3      2357      3143      2358      7071       000  000  000 2500  000  000         1  7591818116104       21820015       21820015   522672520001  N  0                         20261 01/07/2024       USD          167          500         1413
01 38048532  LO120  M  CLARASOL SOL.OFT. 15ML.                     5      1590      3179      7945      7950       000  000  000 5000  000  000         1  7591196000071       21821974       21821974   522672520001  N  0                       I071160 01/07/2024       USD          113          563         1413
01 38048532  CO265  M  CLORACE 500MG/4MG X10TA                     2      7085      7872      1574     14170       000  000  000 1000  000  000         1  7591818116043       21821370       21821370   522672520001  N  0                         10464 01/10/2024       USD          501         1003         1413
01 38048532  LO119  M  DEXTRAN 70 SOL.OFT. 15ML.                   3      2049      2561      1536      6147       000  000  000 2000  000  000         1  7591196002624       21820038       21820038   522672520001  N  0                        082825 01/08/2024       USD          145          435         1413
01 38048532  ED244  M  DOMPESIN 10MG. X30CO                        1      3120      3120       000      3120       000  000  000  000  000  000         1  7592803002112       21820015       21820015   522672520001  N  0                       2207864 01/07/2024       USD          221          221         1413
01 38048532  10372  M  GYNOMET 15%-4%CR.VAG.40GR                   2      6578      6578       000     13156       000  000  000  000  000  000         1  7591585119131       21820015       21820015   522672520001  N  0                           083 01/08/2024       USD          466          931         1413
01 38048532  GN101  M  LOSARTAN P. GN 50MG. X30                    4      3346      3346       000     13384       000  000  000  000  000  000         1  7591585278951       21821370       21821370   522672520001  N  0                           382 01/10/2024       USD          237          947         1413
01 38048532  CO105  M  MIOVIT X30 GRAGEAS                          2     10427     11586      2318     20854       000  000  000 1000  000  000         1  7591818118047       21821665       21821665   522672520001  N  0                         20282 01/08/2025       USD          738         1476         1413
01 38048532  LO419  M  NAS 0,05%SOL.NASAL PED.15                   6      1392      1988      3576      8352       000  000  000 3000  000  000         1  7591196003027       21820015       21820015   522672520001  N  0                       I121265 01/12/2023       USD          099          591         1413
01 38048532  LO414  M  NAS 0,1%SOL.GOTAS AD.15ML                   6      1590      1988      2388      9540       000  000  000 2000  000  000         1  7591196003140       21820015       21820015   522672520001  N  0                        102133 01/10/2024       USD          113          675         1413
01 38048532  15199  M  NEUROMIX COMPLE B X3A                       4      3470      3470       000     13880       000  000  000  000  000  000         1  7591585113382       21821665       21821665   522672520001  N  0                           043 01/10/2024       USD          246          982         1413
01 38048532  CO440  M  REDUBEN 100MG. X10TA                        2      9620      9620       000     19240       000  000  000  000  000  000         1  7591818116067       21821370       21821370   522672520001  N  0                         20260 01/07/2024       USD          681         1362         1413
01 38048532  ED119  M  TALERC 10MG. X10CO                          4      1690      1690       000      6760       000  000  000  000  000  000         1  7592803001832       21820015       21820015   522672520001  N  0                       2207870 01/08/2024       USD          120          478         1413
01 38048532  LO215  M  TOBRASOL SOL.OFT. 5ML.                      3      3319      3494       525      9957       000  000  000  500  000  000         1  7591196000491       21820015       21820015   522672520001  N  0                       I072868 01/07/2024       USD          235          705         1413
01 38048532  LO169  M  TODENAC SOL.OFT. 5ML.                       2      4957      4957       000      9914       000  000  000  000  000  000         1  7591196002761       21820015       21820015   522672520001  N  0                        012829 01/02/2024       USD          351          702         1413
01 38048532  LO320  M  TODEX 0,3%-0,1%SU.OF.5ML                    8      3350      3526      1408     26800       000  000  000  500  000  000         1  7591196000514       21820015       21820015   522672520001  N  0                        102335 01/11/2024       USD          237         1897         1413
01 38048532  LO730  M  TODEX UNG.OFT. 7,5GR.                       2      5974      6288       628     11948       000  000  000  500  000  000         1  7591196000897       21821718       21821718   522672520001  N  0                        081591 01/08/2023       USD          423          846         1413
01 38048532  ED660  M  VIZERUL 75MG. X10CO                         2      2470      2470       000      4940       000  000  000  000  000  000         1  7592803001153       21821665       21821665   522672520001  N  0                       2206842 01/07/2025       USD          175          350         1413
02 38048532         99        325926           000           000        325926    0    0    0  000    0    0    0   12/12/2022 3:18:39 p. m.   PR           000           000             0            25           USD         1413        23066
