01 38130555  13542  M  ACETAMINOFEN GN650 X10CO                   12       998       998       000     11976       000  000  000  000  000  000         1  7591585279057       21863567       21863889   523491820001  N  0                           159 01/11/2024       USD          053          637         1881
01 38130555  LO124  M  AIRON 10MG. X10TA                           2      3415      3595       360      6830       000  000  000  500  000  000         1  7591196002563       21863567       21863889   523491820001  N  0                       I082981 01/08/2024       USD          182          363         1881
01 38130555  GT005  M  ASAPROL 81MG. X40CO                         2      3232      3232       000      6464       000  000  000  000  000  000         1  7591585561237       21863567       21863889   523491820001  N  0                           195 01/09/2024       USD          172          344         1881
01 38130555  LT028  M  BIOTALOL 2,5MG. X30CO                       2      4514      4514       000      9028       000  000  000  000  000  000         1  7591585217172       21863567       21863889   523491820001  N  0                           081 01/09/2024       USD          240          480         1881
01 38130555  LT031  M  BIOTALOL 5MG. X30CO                         2      6241      6241       000     12482       000  000  000  000  000  000         1  7591585217165       21863567       21863889   523491820001  N  0                           128 01/09/2024       USD          332          664         1881
01 38130555  EL920  M  BRUGESIC 400MG. X10CO                       2      1469      2937      2936      2938       000  000  000 5000  000  000         1  7591062902546       21863567       21863889   523491820001  N  0                        21056B 01/09/2023       USD          078          156         1881
01 38130555  17277  M  CLONEDAC CREMA 20GR.                        2      6049      6049       000     12098       000  000  000  000  000  000         1  7598578000117       21863567       21863889   523491820001  N  0                          2188 01/03/2024       USD          322          643         1881
01 38130555  PA100  A  EKI CAL SUSP.ORAL 120ML.                    2      7800      7800       000     15600      2496  000  000  000  000  000         1  7591243814347       21863567       21863889   523491820001  N  0                       9348701 01/10/2024       USD          415          829         1881
01 38130555  GN146  M  ENALAPRIL GN 20MG. X30CO                    4      1706      1706       000      6824       000  000  000  000  000  000         1  7591585378538       21863567       21863889   523491820001  N  0                           442 01/10/2024       USD          091          363         1881
01 38130555  EL369  M  FLATORIL GOTAS 20CC.                        1     10810     10810       000     10810       000  000  000  000  000  000         1  7591062166191       21863567       21863889   523491820001  N  0                        22056A 01/07/2024       USD          575          575         1881
01 38130555  VC215  M  FUGOLIN CR. 20 GR.                          2      4460      4460       000      8920       000  000  000  000  000  000         1  7592782000130       21863567       21863889   523491820001  N  0                      22080010 01/11/2024       USD          237          474         1881
01 38130555  GB840  M  GLICERINA GC SUPOS.PED.X6                   2      7944      7944       000     15888       000  000  000  000  000  000         1  7592349923872       21863567       21863889   523491820001  N  0                       2207143 01/07/2024       USD          422          845         1881
01 38130555  LC840  M  LETISAN SOL.ORAL 120ML.                     2      4458      4458       000      8916       000  000  000  000  000  000         1  7591585214881       21863567       21863889   523491820001  N  0                           509 01/11/2024       USD          237          474         1881
01 38130555  11163  M  LEVOFERIN SOL.ORAL 90ML.                    1      7150      7150       000      7150       000  000  000  000  000  000         1  7592782000741       21863567       21863889   523491820001  N  0                      22100040 01/10/2025       USD          380          380         1881
01 38130555  14121  M  METFORMINA QF500MG. 30TA                    3      2253      2253       000      6759       000  000  000  000  000  000         1  7598484001215       21863567       21863889   523491820001  N  0                      TM730037 01/11/2024       USD          120          359         1881
01 38130555  15199  M  NEUROMIX COMPLE B X3A                       2      4154      4154       000      8308       000  000  000  000  000  000         1  7591585113382       21863567       21863889   523491820001  N  0                           039 01/10/2024       USD          221          442         1881
01 38130555  VC580  M  OTAN GOTAS 5ML.                             1      7060      7060       000      7060       000  000  000  000  000  000         1  7592782000567       21863567       21863889   523491820001  N  0                      22100037 01/10/2024       USD          375          375         1881
01 38130555  EH210  M  SECNIDAZOL VP 1GR. X2TA                     2      2536      2536       000      5072       000  000  000  000  000  000         1  7703153019914       21863567       21863889   523491820001  N  0                       1432024 01/04/2025       USD          135          270         1881
01 38130555  14238  M  SILDENAFIL GDG50MG. X2TA                    6       946       946       000      5676       000  000  000  000  000  000         1  7598307000050       21863567       21863889   523491820001  N  0                         SM004 01/07/2023       USD          050          302         1881
01 38130555  RZ200  M  SILDEX 50MG. X1TA                           4       780       780       000      3120       000  000  000  000  000  000         1  7594001101413       21863567       21863889   523491820001  N  0                          6605 01/09/2025       USD          041          166         1881
01 38130555  EL555  M  TANTUM NEBULIZADOR 45 CC.                   1      9884      9884       000      9884       000  000  000  000  000  000         1  7591062011613       21863567       21863889   523491820001  N  0                        22117B 01/11/2026       USD          525          525         1881
01 38130555  LT930  M  VIASEK 50MG. X2CO                           2      1788      1788       000      3576       000  000  000  000  000  000         1  7591585111005       21863567       21863889   523491820001  N  0                           098 01/09/2025       USD          095          190         1881
01 38130555  12086  M  VIT E VP 400MG. X15CA.BLA                   1      4843      4843       000      4843       000  000  000  000  000  000         1  7592432901428       21863567       21863889   523491820001  N  0                        220118 01/04/2025       USD          257          257         1881
01 38130555  VP400  M  VIT E VP 400MG. X30CA.BLA                   1      9962      9962       000      9962       000  000  000  000  000  000         1  7592432005478       21863567       21863889   523491820001  N  0                        220209 01/07/2025       USD          530          530         1881
02 38130555         61        200184           000          2496        202680    0    0    0  000    0    0    0   11/01/2023 1:34:30 p. m.   PR           000           000             0            24           USD         1881        10642
