01 38142257  14471  M  ACETAMINOFEN FM500 X10TA                   12       902      1002      1200     10824       000  000  000 1000  000  000         1  8906082150683       21870232       21870661   523616220001  N  0                         T1555 01/09/2024       USD          046          557         1945
01 38142257  15716  M  ATORVASTATINA FM20 X30TA                    3      3384      3760      1128     10152       000  000  000 1000  000  000         1  8906082150942       21870232       21870661   523616220001  N  0                         T1565 01/09/2024       USD          174          522         1945
01 38142257  15717  M  ATORVASTATINA FM40 X30TA                    3      4512      5013      1503     13536       000  000  000 1000  000  000         1  8906082150935       21870232       21870661   523616220001  N  0                         T1559 01/09/2024       USD          232          696         1945
01 38142257  14871  M  AZITROMICINA FM200 15ML.                   12      2932      3258      3912     35184       000  000  000 1000  000  000         1  8906082150782       21870232       21870661   523616220001  N  0                       21JL906 01/12/2023       USD          151         1809         1945
01 38142257  16248  M  CLINDAMICINA NIO300 X10CA                   2      8369      8369       000     16738       000  000  000  000  000  000         1  7598869000307       21870232       21870661   523616220001  N  0                     CSB012203 01/02/2024       USD          430          861         1945
01 38142257  PO335  M  COLAYTE POLVO 69,6GR 4TAR                   1     42428     42428       000     42428       000  000  000  000  000  000         1  7592806132014       21870986       21870986   523616220001  N  0                        205066 01/05/2024       USD         2181         2181         1945
01 38142257  PB120  M  DENCORUB CREMA 40GR.                        2      4804      4804       000      9608       000  000  000  000  000  000         1  7591309010409       21870232       21870661   523616220001  N  0                           021 01/12/2024       USD          247          494         1945
01 38142257  15998  M  ENEMAX-A SOL. 133ML.                        1      6953      6953       000      6953       000  000  000  000  000  000         1  8904278594648       21870232       21870661   523616220001  N  0                       WS21116 01/10/2024       USD          357          357         1945
01 38142257  15997  M  ENEMAX-P SOL. 66.6ML.                       1      6953      6953       000      6953       000  000  000  000  000  000         1  8904271594652       21870232       21870661   523616220001  N  0                       WS21126 01/10/2024       USD          357          357         1945
01 38142257  XS006  N  GOTAS DEL CARMEN XS 30ML.                   4      2756      2756       000     11024       000  000  000  000  000  000         1  7594001450795       21870232       21870661   523616220001  N  0                      27062215 01/06/2025       USD          142          567         1945
01 38142257  XS008  N  GOTAS VALERIANA XS 30ML.                    6      2377      2377       000     14262       000  000  000  000  000  000         1  7594001450818       21870232       21870661   523616220001  N  0                      02112281 01/11/2025       USD          122          733         1945
01 38142257  14012  M  LEVODO CAR PSICO250-25X10                   1      5512      5512       000      5512       000  000  000  000  000  000         1  7501384549169       21870232       21870661   523616220001  N  0                       3350222 01/02/2024       USD          283          283         1945
01 38142257  16222  M  MELOXICAM NIO7,5MG. X10TA                   2      2706      2706       000      5412       000  000  000  000  000  000         1  7598869000185       21870232       21870661   523616220001  N  0                      22153401 01/01/2025       USD          139          278         1945
01 38142257  14300  M  NEUMOCORT INH.200MCGX200D                   1     21239     21239       000     21239       000  000  000  000  000  000         1  7795373012912       21870232       21870661   523616220001  N  0                           217 01/02/2024       USD         1092         1092         1945
01 38142257  13550  M  PENTOXIFILINA PSI400 30TA                   1     18584     18584       000     18584       000  000  000  000  000  000         1  7501384504946       21870232       21870661   523616220001  N  0                       0860422 01/04/2024       USD          955          955         1945
02 38142257         52        228409           000           000        228409    0    0    0  000    0    0    0   16/01/2023 2:35:55 p. m.   PR           000           000             0            15           USD         1945        11743
