01 38142258  14110  M  ACETAMINOFEN QF100MG.15ML                   3      2526      2526       000      7578       000  000  000  000  000  000         1  7598484000010       21870232       21870661   523616230001  N  0                         10802 01/10/2024       USD          130          390         1945
01 38142258  13720  M  AMOKLAVIN-BID FO PPSO70ML                   1     16231     16231       000     16231       000  000  000  000  000  000         1  8699525282507       21870232       21870661   523616230001  N  0                       A107201 01/09/2026       USD          834          834         1945
01 38142258  13895  M  AMOXI+AC POR250/62.5 60ML                   1     13745     13745       000     13745       000  000  000  000  000  000         1  7750215007204       21870608       21870660   523616230001  N  0                       2104712 01/10/2024       USD          707          707         1945
01 38142258  12503  M  BRAL 500MG X100TA                           1     26000     26000       000     26000       000  000  000  000  000  000         1  7591243807127       21870252       21870658   523616230001  N  0                       9343703 01/07/2024       USD         1337         1337         1945
01 38142258  13896  M  CLAVUTRIM 500/125MG X10TA                   2     16419     16419       000     32838       000  000  000  000  000  000         1  7750215026632       21870608       21870660   523616230001  N  0                       2082812 01/08/2024       USD          844         1688         1945
01 38142258  14381  M  CLOTRIMAZ TIA100 X6TA.VAG                   2      3894      3894       000      7788       000  000  000  000  000  000         1  8904187829503       21870232       21870661   523616230001  N  0                          GT95 01/07/2025       USD          200          400         1945
01 38142258  16569  M  CLOTRIMAZ TIA2% CR. 30GR.                   3      4359      4359       000     13077       000  000  000  000  000  000         1  8904250520764       21870232       21870661   523616230001  N  0                       ES22019 01/06/2025       USD          224          672         1945
01 38142258  15686  C  CURE AID CLASSIC X100                       1      4315      4315       000      4315       690  000  000  000  000  000         1  6224000132286       21870232       21870661   523616230001  N  0                         15D21 01/03/2026       USD          222          222         1945
01 38142258  14115  M  DICLOFENAC S.QF50 X20TA                     4      1386      1386       000      5544       000  000  000  000  000  000         1  7592236002123       21870232       21870661   523616230001  N  0                     TD1020005 01/04/2024       USD          071          285         1945
01 38142258  16499  M  ESOMEPRAZOL NUVI20 X30CA                    1      9103      9103       000      9103       000  000  000  000  000  000         1  7269144520307       21870232       21870661   523616230001  N  0                       LH22001 01/08/2025       USD          468          468         1945
01 38142258  10372  M  GYNOMET 15%-4%CR.VAG.40GR                   1      7380      7380       000      7380       000  000  000  000  000  000         1  7591585119131       21870232       21870661   523616230001  N  0                           082 01/07/2024       USD          379          379         1945
01 38142258  15339  M  HIDROCORTISONA LAND500 1V                   2      6497      9282      5570     12994       000  000  000 3000  000  000         1  7598008000885       21870232       21870661   523616230001  N  0                       EM21242 01/10/2023       USD          334          668         1945
01 38142258  15363  M  KETOPROFENO ADN100 X10TA                    4      1721      1721       000      6884       000  000  000  000  000  000         1  8904159499789       21870501       21870659   523616230001  N  0                       XT2C042 01/03/2025       USD          088          354         1945
01 38142258  14495  A  LACTOVAC SUSP.PED. 12ML.                    2      3635      3635       000      7270      1163  000  000  000  000  000         1  7596855001031       21870232       21870661   523616230001  N  0                   P0209221205 01/08/2023       USD          187          374         1945
01 38142258  15368  M  LEVOFLOXACIN 750MG. X5TA                    4      3037      3037       000     12148       000  000  000  000  000  000         1  8906109691250       21870232       21870661   523616230001  N  0                      E2109013 01/08/2024       USD          156          625         1945
01 38142258  14451  M  LOSARTAN P. BIU50 X30TA                     4      2583      2870      1148     10332       000  000  000 1000  000  000         1  8903726227015       21870232       21870661   523616230001  N  0                     LOA22356B 01/04/2025       USD          133          531         1945
01 38142258  12186  M  MAXTHIO 4MG/2ML. IM X6A                     1     14196     14196       000     14196       000  000  000  000  000  000         1  8699525755247       21870232       21870661   523616230001  N  0                      A103146A 01/04/2025       USD          730          730         1945
01 38142258  14371  M  MELOXICAM PROTU15 X100TA                    1     18574     18574       000     18574       000  000  000  000  000  000         1  7750215010310       21870232       21870661   523616230001  N  0                       2102981 01/10/2024       USD          955          955         1945
01 38142258  15199  M  NEUROMIX COMPLE B X3A                       3      4154      4154       000     12462       000  000  000  000  000  000         1  7591585113382       21870232       21870661   523616230001  N  0                           040 01/10/2024       USD          214          641         1945
01 38142258  16779  M  NITAZOXANIDA DAC500 X10TA                   1      8402      8402       000      8402       000  000  000  000  000  000         1  7598578000438       21870232       21870661   523616230001  N  0                          V338 01/03/2025       USD          432          432         1945
01 38142258  12559  M  OLMECAR 40MG X30CO                          2     15378     15378       000     30756       000  000  000  000  000  000         1  7591585318800       21870232       21870661   523616230001  N  0                           035 01/11/2024       USD          791         1581         1945
01 38142258  14238  M  SILDENAFIL GDG50MG. X2TA                   12       979       979       000     11748       000  000  000  000  000  000         1  7598307000050       21870232       21870661   523616230001  N  0                         SM004 01/07/2023       USD          050          604         1945
01 38142258  15376  M  SYSTALAN ULTRA SO.OF.10ML                   1     28860     28860       000     28860       000  000  000  000  000  000         1  7750778000865       21870232       21870661   523616230001  N  0                        207142 01/07/2024       USD         1484         1484         1945
01 38142258  13912  M  ULCRAF 1G. SUSP. 200ML.                     1     11652     11652       000     11652       000  000  000  000  000  000         1  7404000315189       21870986       21870986   523616230001  N  0                      F2207061 01/07/2024       USD          599          599         1945
01 38142258  16949  M  YONALAT 15/3 JBE. 120ML.                    3      5850      5850       000     17550       000  000  000  000  000  000         1  7591243856729       21870232       21870661   523616230001  N  0                       9366703 01/10/2024       USD          301          902         1945
02 38142258         61        343112          4315          1854        349281    0    0    0  000    0    0    0   16/01/2023 2:35:59 p. m.   PR           000           000             0            25           USD         1945        17863
