01 38165602  15181  M  AMIPINA 5MG. X30TA                          4      2210      2210       000      8840       000  000  000  000  000  000         1  7592236002017       21883138       21884110   523828270001  N  0                     TA1800003 01/05/2024       USD          107          426         2073
01 38165602  GN088  M  AMLODIPINA GN 10MG. X30CO                   2      3935      3935       000      7870       000  000  000  000  000  000         1  7591585278173       21883138       21884110   523828270001  N  0                           196 01/07/2025       USD          190          380         2073
01 38165602  GN629  M  AZITROMICINA GN500 X5CO                    10      5825      5825       000     58250       000  000  000  000  000  000         1  7591585279460       21883301       21884111   523828270001  N  0                          7328 01/10/2026       USD          281         2810         2073
01 38165602  PA054  M  BETADERM PLUS CREMA 15GR.                   2      6682      6682       000     13364       000  000  000  000  000  000         1  7591243804164       21883138       21884110   523828270001  N  0                       9349202 01/10/2024       USD          322          645         2073
01 38165602  LT028  M  BIOTALOL 2,5MG. X30CO                       2      6665      6665       000     13330       000  000  000  000  000  000         1  7591585217172       21883138       21884110   523828270001  N  0                           083 01/11/2024       USD          322          643         2073
01 38165602  GN091  M  CAPTOPRIL GN 25MG.X30CO                     3      3881      3881       000     11643       000  000  000  000  000  000         1  7591585370167       21883138       21884110   523828270001  N  0                           124 01/10/2026       USD          187          562         2073
01 38165602  17277  M  CLONEDAC CREMA 20GR.                        4      6564      6564       000     26256       000  000  000  000  000  000         1  7598578000117       21883138       21884110   523828270001  N  0                          2188 01/03/2024       USD          317         1267         2073
01 38165602  VM494  M  DUROVAL 50MG. X10TA                         2     12463     12463       000     24926       000  000  000  000  000  000         1  7591020008440       21883138       21884110   523828270001  N  0                           668 01/08/2027       USD          601         1202         2073
01 38165602  GB840  M  GLICERINA GC SUPOS.PED.X6                   2      9079      9079       000     18158       000  000  000  000  000  000         1  7592349923872       21883138       21884110   523828270001  N  0                       2209144 01/09/2024       USD          438          876         2073
01 38165602  PA814  M  IVAGAN FORTE TAB. X10                       2      3764      3764       000      7528       000  000  000  000  000  000         1  7591243826777       21883138       21884110   523828270001  N  0                       9281601 01/06/2024       USD          182          363         2073
01 38165602  LT037  M  LISILET 10MG. X30CO                         1     13533     13533       000     13533       000  000  000  000  000  000         1  7591585314369       21883138       21884110   523828270001  N  0                           139 01/10/2025       USD          653          653         2073
01 38165602  GN570  M  LORATADINA GN 10MG. X10                    12      1317      1317       000     15804       000  000  000  000  000  000         1  7591585177353       21883138       21884110   523828270001  N  0                           174 01/11/2024       USD          064          762         2073
01 38165602  GN101  M  LOSARTAN P. GN 50MG. X30                    6      5158      5158       000     30948       000  000  000  000  000  000         1  7591585278951       21883138       21884110   523828270001  N  0                           384 01/11/2024       USD          249         1493         2073
01 38165602  LT930  M  VIASEK 50MG. X2CO                           4      2987      2987       000     11948       000  000  000  000  000  000         1  7591585111005       21883138       21884110   523828270001  N  0                           097 01/05/2025       USD          144          576         2073
02 38165602         56        262398           000           000        262398    0    0    0  000    0    0    0   24/01/2023 11:29:52 a. m.   PR           000           000             0            14           USD         2073        12658
