01 38166020  LC424  M  ALIVETNOC FORTE GRAN.6SOB                   2      7669      7669       000     15338       000  000  000  000  000  000         1  7591585116673       21883138       21884110   523828230001  N  0                           069 01/11/2024       USD          370          740         2073
01 38166020  13895  M  AMOXI+AC POR250/62.5 60ML                   2     13745     13745       000     27490       000  000  000  000  000  000         1  7750215007204       21883138       21884110   523828230001  N  0                       2104712 01/10/2024       USD          663         1326         2073
01 38166020  LT284  M  ANTUX SOL.ORAL 180ML.                       1     13728     13728       000     13728       000  000  000  000  000  000         1  7591585214706       21883138       21884110   523828230001  N  0                           292 01/05/2025       USD          662          662         2073
01 38166020  KH026  C  APLICADOR ALGODON X100 KX                   3      1729      1820       273      5187       830  000  000  500  000  000         1   813333012400       21883138       21884110   523828230001  N  0                      22040801 01/01/2030       USD          083          250         2073
01 38166020  AY280  C  ASPIRADOR NASAL KX 30ML.                    2      4570      4810       480      9140      1462  000  000  500  000  000         1   813333013605       21883138       21884110   523828230001  N  0                           10X 01/01/2030       USD          220          441         2073
01 38166020  PA325  M  BETAGEN 4MG. 1ML. X1AMP.                    3      3900      3900       000     11700       000  000  000  000  000  000         1  7591243804287       21883138       21884110   523828230001  N  0                       9351901 01/11/2024       USD          188          564         2073
01 38166020  PA275  M  BETAGEN SOLSPEN 1ML.1AMP.                   2      5720      5720       000     11440       000  000  000  000  000  000         1  7591243804409       21883138       21884110   523828230001  N  0                         93521 01/04/2024       USD          276          552         2073
01 38166020  16569  M  CLOTRIMAZ TIA2% CR. 30GR.                   3      4818      4818       000     14454       000  000  000  000  000  000         1  8904250520764       21883138       21884110   523828230001  N  0                       ES22019 01/06/2025       USD          232          697         2073
01 38166020  16261  M  CO-TRIMOXAZOL QF80-400X20                   3      3042      3042       000      9126       000  000  000  000  000  000         1  7592236002307       21883138       21884110   523828230001  N  0                     TC1710002 01/03/2024       USD          147          440         2073
01 38166020  15950  M  DICLOFENAC S.CLEO0,1% 5ML                   2      6845      6845       000     13690       000  000  000  000  000  000         1  7598677000346       21883138       21884110   523828230001  N  0                      L220823A 01/07/2025       USD          330          660         2073
01 38166020  14115  M  DICLOFENAC S.QF50 X20TA                     6      1824      1824       000     10944       000  000  000  000  000  000         1  7592236002123       21883138       21884110   523828230001  N  0                     TD1020005 01/04/2024       USD          088          528         2073
01 38166020  14118  M  FANASAL NAS GTA.PED.15ML.                   6      2974      2974       000     17844       000  000  000  000  000  000         1  7598484000232       21883138       21884110   523828230001  N  0                         13822 01/12/2024       USD          143          861         2073
01 38166020  BQ190  M  FERCOR COMP. CAPS. X30                      1      7150      7150       000      7150       000  000  000  000  000  000         1  7594000850206       21883138       21884110   523828230001  N  0                        220501 01/05/2024       USD          345          345         2073
01 38166020  AY298  C  GASAS ESTER KX4X4 50-S X2                   1     24700     26000      1300     24700      3952  000  000  500  000  000         1 10813333014173       21883138       21884110   523828230001  N  0                      22040804 01/05/2027       USD         1192         1192         2073
01 38166020  MG154  M  GENESA 3MG/30MG. X21CO                      1     16558     16558       000     16558       000  000  000  000  000  000         1  7591585116598       21883138       21884110   523828230001  N  0                      LF27267A 01/06/2024       USD          799          799         2073
01 38166020  16539  M  GESTASYN100 X10T ORA-VAG.                   2     13811     13811       000     27622       000  000  000  000  000  000         1  8904250520665       21883138       21884110   523828230001  N  0                    E2S2HTA010 01/06/2025       USD          666         1332         2073
01 38166020  14384  M  KETOPROFENO TIA100MG.X10A                   1     20877     20877       000     20877       000  000  000  000  000  000         1  8904187861770       21883138       21884110   523828230001  N  0                         GN377 01/07/2025       USD         1007         1007         2073
01 38166020  14972  M  KETOROLACO ADN IM/IV X10A                   1     13283     13283       000     13283       000  000  000  000  000  000         1  8904187828292       21883138       21884110   523828230001  N  0                        N21104 01/04/2025       USD          641          641         2073
01 38166020  EL615  M  KLAS JBE. 60 CC.                            1      5070      5070       000      5070       000  000  000  000  000  000         1  7591062011828       21883138       21884110   523828230001  N  0                        22049B 01/06/2025       USD          245          245         2073
01 38166020  14451  M  LOSARTAN P. BIU50 X30TA                     8      2637      2930      2344     21096       000  000  000 1000  000  000         1  8903726227015       21883138       21884110   523828230001  N  0                     LOA22356B 01/04/2025       USD          127         1018         2073
01 38166020  ML100  C  MULTI PLUS SOL. 240 CC.                     1     11050     11050       000     11050      1768  000  000  000  000  000         1  7591929717009       21883138       21884110   523828230001  N  0                      MP222016 01/10/2025       USD          533          533         2073
01 38166020  15199  M  NEUROMIX COMPLE B X3A                       4      7755      7755       000     31020       000  000  000  000  000  000         1  7591585113382       21883138       21884110   523828230001  N  0                           041 01/10/2024       USD          374         1496         2073
01 38166020  13089  M  OXITETRA-POLIMI ZU OFT.6G                   2      5832      5832       000     11664       000  000  000  000  000  000         1  7420001113074       21883138       21884110   523828230001  N  0                        010G22 01/07/2025       USD          281          563         2073
01 38166020  13912  M  ULCRAF 1G. SUSP. 200ML.                     1     11652     11652       000     11652       000  000  000  000  000  000         1  7404000315189       21883138       21884110   523828230001  N  0                      F2207061 01/07/2024       USD          562          562         2073
01 38166020  PA226  M  YONAL 15MG. JBE. 120ML.                     5      6240      6240       000     31200       000  000  000  000  000  000         1  7591243856705       21883138       21884110   523828230001  N  0                       9356602 01/11/2025       USD          301         1505         2073
02 38166020         64        342946         50077          8012        401035    0    0    0  000    0    0    0   24/01/2023 12:59:57 p. m.   PR           000           000             0            25           USD         2073        18959
