01 38188542  11044  N  ACHICORIA FG JBE. 120ML.                    1      5145      5145       000      5145       000  000  000  000  000  000         1       25525755       21896848       21897613   524067480001  N  0                          2749 01/08/2025       USD          234          234         2195
01 38188542  15900  M  KETOPROFENO RONA100MG.X1A                   2      3998      3998       000      7996       000  000  000  000  000  000         1  7598295000063       21896208       21896900   524067480001  N  0                       2110303 01/09/2024       USD          182          364         2195
01 38188542  15367  M  LEVOFLOXACIN 500MG. X5TA                    6      2146      2146       000     12876       000  000  000  000  000  000         1  8906109691236       21896848       21897613   524067480001  N  0                      E2109012 01/08/2024       USD          098          587         2195
01 38188542  15368  M  LEVOFLOXACIN 750MG. X5TA                    4      3588      3588       000     14352       000  000  000  000  000  000         1  8906109691250       21896848       21897613   524067480001  N  0                      E2109013 01/08/2024       USD          163          654         2195
01 38188542  12186  M  MAXTHIO 4MG/2ML. IM X6A                     1     15620     15620       000     15620       000  000  000  000  000  000         1  8699525755247       21896208       21896900   524067480001  N  0                      A103146A 01/04/2025       USD          712          712         2195
01 38188542  14121  M  METFORMINA QF500MG. 30TA                    4      2964      2964       000     11856       000  000  000  000  000  000         1  7598484001215       21896208       21896900   524067480001  N  0                      TM730039 01/11/2024       USD          135          540         2195
01 38188542  LC409  M  MIGREN 650-50-1 X10CO                       4      4138      4138       000     16552       000  000  000  000  000  000         1  7591585115737       21896208       21896900   524067480001  N  0                           587 01/10/2024       USD          189          754         2195
01 38188542  15199  M  NEUROMIX COMPLE B X3A                       4      8021      8021       000     32084       000  000  000  000  000  000         1  7591585113382       21896208       21896900   524067480001  N  0                           041 01/10/2024       USD          365         1462         2195
01 38188542  11164  M  OMEPRAZOL GN 40MG. X10CA                    2      4388      4388       000      8776       000  000  000  000  000  000         1  7591585173881       21896208       21896900   524067480001  N  0                           029 01/08/2024       USD          200          400         2195
01 38188542  FS340  N  SAL DE EPSON FSI X25 SOB.                   1     49140     49140       000     49140       000  000  000  000  000  000         1  7592368001902       21896208       21896900   524067480001  N  0                       0922037 01/11/2024       USD         2239         2239         2195
01 38188542  VM715  M  SALBUROL SOL. P/INH.20ML.                   2     11274     11274       000     22548       000  000  000  000  000  000         1  7591020001625       21896208       21896900   524067480001  N  0                           124 01/12/2024       USD          514         1027         2195
02 38188542         31        196945           000           000        196945    0    0    0  000    0    0    0   31/01/2023 1:25:46 p. m.   PR           000           000             0            11           USD         2195         8972
