01 38204135  RZ170  M  ACIDO FOLICO PX5MG. X30TA                   3      2444      2444       000      7332       000  000  000  000  000  000         1  7594001101314       21908055       21908561   524234930001  N  0                          6657 01/10/2026       USD          107          320         2291
01 38204135  PD565  M  BARGONIL UNG. 10GR.                         2     20150     20150       000     40300       000  000  000  000  000  000         1  7591955000045       21908055       21908561   524234930001  N  0                          0106 01/05/2026       USD          880         1759         2291
01 38204135  VM464  M  CANDER 16MG. X30TA                          1     17232     17232       000     17232       000  000  000  000  000  000         1  7591020008303       21905760       21908562   524234930001  N  0                           198 01/11/2026       USD          752          752         2291
01 38204135  VP610  M  CETIRIVAX 10MG. X10CA.BL.                   2      3115      3245       260      6230       000  000  000  400  000  000         1  7592432001654       21905760       21908562   524234930001  N  0                        220247 01/10/2025       USD          136          272         2291
01 38204135  VP324  M  COMPLEJO B VP 2CC. X3                       3      2858      2977       357      8574       000  000  000  400  000  000         1  7703153013059       21905760       21908562   524234930001  N  0                       1358660 01/07/2024       USD          125          374         2291
01 38204135  VM494  M  DUROVAL 50MG. X10TA                         3     12463     12463       000     37389       000  000  000  000  000  000         1  7591020008440       21905760       21908562   524234930001  N  0                           668 01/08/2027       USD          544         1632         2291
01 38204135  LT227  M  GYNODERAIN 0,6G. X6OV.VAG                   1     23470     23470       000     23470       000  000  000  000  000  000         1  7591585115942       21908055       21908561   524234930001  N  0                       GL2203A 01/03/2027       USD         1024         1024         2291
01 38204135  RZ340  M  LORADEX 10MG. X10TA                        12      1606      1690      1008     19272       000  000  500  000  000  000         1  7594001101383       21905760       21908562   524234930001  N  0                         66701 01/10/2027       USD          070          841         2291
01 38204135  PD104  M  POLI-OTICO GOTAS 5 CC.                      2     10270     10270       000     20540       000  000  000  000  000  000         1  7591955002278       21905760       21908562   524234930001  N  0                          0100 01/07/2025       USD          448          897         2291
02 38204135         29        180339           000           000        180339    0    0    0  000    0    0    0   06/02/2023 2:22:54 p. m.   PR           000           000             0             9           USD         2291         7872
