01 38228023  EL010  M  ALBICAR 200MG. X6TA                         4      4108      4108       000     16432       000  000  000  000  000  000         1  7591062010173       21919800       21921181   524458380001  N  0                        22067A 01/08/2025       USD          169          678         2425
01 38228023  EL002  M  ALBICAR 400MG. SUSP.10ML.                   4      5352      5352       000     21408       000  000  000  000  000  000         1  7591062010029       21919800       21921181   524458380001  N  0                        22122A 01/01/2025       USD          221          883         2425
01 38228023  GN105  M  AMIKACINA GN500 2ML. X1A                    4      5118      5118       000     20472       000  000  000  000  000  000         1  7591585171740       21920634       21921194   524458380001  N  0                           180 01/11/2025       USD          211          844         2425
01 38228023  GN088  M  AMLODIPINA GN 10MG. X30CO                   3      3935      3935       000     11805       000  000  000  000  000  000         1  7591585278173       21919911       21921184   524458380001  N  0                           196 01/07/2025       USD          162          487         2425
01 38228023  KH026  C  APLICADOR ALGODON X100 KX                   2      2038      2145       214      4076       652  000  000  500  000  000         1   813333012400       21919800       21921181   524458380001  N  0                      22040801 01/01/2030       USD          084          168         2425
01 38228023  PO175  M  BACITRACINA PO UNG. 15GR.                   3      5452      5452       000     16356       000  000  000  000  000  000         1  7592806141016       21919919       21921186   524458380001  N  0                        208133 01/08/2025       USD          225          674         2425
01 38228023  VM464  M  CANDER 16MG. X30TA                          1     21137     21137       000     21137       000  000  000  000  000  000         1  7591020008303       21919800       21921181   524458380001  N  0                           198 01/11/2026       USD          872          872         2425
01 38228023  12201  C  CENTRO CAMA 60X90 X10UNI                    1     11213     11213       000     11213      1794  000  000  000  000  000         1  1180201378555       21920340       21921191   524458380001  N  0                      20221028 01/10/2026       USD          462          462         2425
01 38228023  13652  M  CETIRIZINA BUKA10 X10TA                    12      1560      1560       000     18720       000  000  000  000  000  000         1   675696260009       21919800       21921181   524458380001  N  0                        CTR501 01/09/2024       USD          064          772         2425
01 38228023  ED330  M  DIFENAC 1%  GEL 30GR.                       2      5460      5460       000     10920       000  000  000  000  000  000         1  7592803000385       21919800       21921181   524458380001  N  0                       2211966 01/11/2024       USD          225          450         2425
01 38228023  15422  M  HIDROCLORO BUKA12,5 30TA                    4      5460      5460       000     21840       000  000  000  000  000  000         1   675696260160       21920085       21921189   524458380001  N  0                        HCA602 01/10/2024       USD          225          901         2425
01 38228023  LC840  M  LETISAN SOL.ORAL 120ML.                     2      7968      7968       000     15936       000  000  000  000  000  000         1  7591585214881       21919800       21921181   524458380001  N  0                           509 01/11/2024       USD          329          657         2425
01 38228023  DP970  M  LORATADINA DP 10MG. X10TA                  12      1793      1793       000     21516       000  000  000  000  000  000         1  7592616361017       21919800       21921181   524458380001  N  0                        20641L 01/06/2024       USD          074          887         2425
01 38228023  GN101  M  LOSARTAN P. GN 50MG. X30                    3      5678      5678       000     17034       000  000  000  000  000  000         1  7591585278951       21919800       21921181   524458380001  N  0                           385 01/11/2024       USD          234          702         2425
01 38228023  LC409  M  MIGREN 650-50-1 X10CO                       3      4174      4174       000     12522       000  000  000  000  000  000         1  7591585115737       21920085       21921189   524458380001  N  0                           587 01/10/2024       USD          172          516         2425
01 38228023  LX150  N  PHARMORAT FORTE X20CA                       1     11557     11557       000     11557       000  000  000  000  000  000         1  7591585114778       21919800       21921181   524458380001  N  0                          0951 01/06/2025       USD          477          477         2425
01 38228023  11045  N  SENOLAX FG JBE . 120ML.                     1      6413      6413       000      6413       000  000  000  000  000  000         1       01100198       21919881       21921182   524458380001  N  0                          2812 01/12/2025       USD          264          264         2425
01 38228023  15451  M  TRIPLE ANTIBIO SGG UNG.15                   1      7363      7363       000      7363       000  000  000  000  000  000         1  7596347803471       21919919       21921186   524458380001  N  0                       T1V1124 01/11/2024       USD          304          304         2425
02 38228023         63        251431         15289          2446        269166    0    0    0  000    0    0    0   14/02/2023 10:58:04 a. m.   PR           000           000             0            18           USD         2425        10999
