01 38240586  15264  M  ACETAMINOFEN BM800 X10TA                    6      1170      2340      7020      7020       000  000  000 5000  000  000         1  7598127000988       21926110       21927255   524580960001  N  0                        210460 01/04/2024       USD          048          288         2439
01 38240586  14225  M  ACETAMINOFEN GDG500 X10TA                  20       764       764       000     15280       000  000  000  000  000  000         1  7598307000470       21926110       21927255   524580960001  N  0                          A233 01/02/2025       USD          031          626         2439
01 38240586  MY019  M  ALANTAMIDA CREMA 20GR.                      1      8106      8533       427      8106       000  000  000  500  000  000         1  7592601100645       21926525       21927261   524580960001  N  0                        206602 01/11/2025       USD          332          332         2439
01 38240586  MK635  M  ALBENDAZOL +MK200T.FRU.X2                   3      1882      1882       000      5646       000  000  000  000  000  000         1  7591519007022       21926525       21927261   524580960001  N  0                         33123 01/07/2024       USD          077          231         2439
01 38240586  AP470  M  CYPRAL 750MG. X6TA                          2      5483      5483       000     10966       000  000  000  000  000  000         1  7592601200482       21926211       21927256   524580960001  N  0                        222702 01/11/2026       USD          225          450         2439
01 38240586  15083  M  DEXAMETASONA BM8/2ML.X10A                   1      7020     14040      7020      7020       000  000  000 5000  000  000         1  7598127001084       21926556       21927262   524580960001  N  0                        210905 01/09/2024       USD          288          288         2439
01 38240586  14115  M  DICLOFENAC S.QF50 X20TA                     4      1535      1706       684      6140       000  000  000 1000  000  000         1  7592236002123       21926525       21927261   524580960001  N  0                     TD1020005 01/04/2024       USD          063          252         2439
01 38240586  14119  M  IBUPROFENO QF400MG. X20TA                   3      3083      3426      1029      9249       000  000  000 1000  000  000         1  7592236002178       21926211       21927256   524580960001  N  0                      TI370014 01/05/2024       USD          126          379         2439
01 38240586  MK039  M  IRBESARTAN +MK300MG. X7TA                   2      7768      7768       000     15536       000  000  000  000  000  000         1  7591519007336       21926525       21927261   524580960001  N  0                         32888 01/05/2025       USD          318          637         2439
01 38240586  11163  M  LEVOFERIN SOL.ORAL 90ML.                    2     10316     11213      1794     20632       000  000  000  800  000  000         1  7592782000741       21926525       21927261   524580960001  N  0                      22100040 01/10/2025       USD          423          846         2439
01 38240586  14121  M  METFORMINA QF500MG. 30TA                    3      3136      3136       000      9408       000  000  000  000  000  000         1  7598484001215       21926525       21927261   524580960001  N  0                      TM730040 01/02/2025       USD          129          386         2439
01 38240586  MK735  M  PREDNISONA +MK50MG. X10TA                   2      9243      9243       000     18486       000  000  000  000  000  000         1  7591519001044       21926211       21927256   524580960001  N  0                         33426 01/10/2027       USD          379          758         2439
01 38240586  15082  M  SANA 2% CR.VAG. 20GR.                       3      6564      7722      3474     19692       000  000  000 1500  000  000         1  7598127001091       21926110       21927255   524580960001  N  0                        211086 01/10/2024       USD          269          807         2439
02 38240586         52        153181           000           000        153181    0    0    0  000    0    0    0   17/02/2023 11:14:18 a. m.   PR           000           000             0            13           USD         2439         6280
