01 38260378  MO002  M  BENZODIAZOL TM LIMON X16                    2      9513      9513       000     19026       000  000  000  000  000  000         1  7592601301561       21935035       21939591   524796260001  N  0                        235405 01/11/2024       USD          390          781         2437
01 38260378  16498  M  ENALAPRIL BM10MG. X30TA                     4      3285      4693      5632     13140       000  000  000 3000  000  000         1  7598127001398       21937583       21939592   524796260001  N  0                        210733 01/07/2024       USD          135          539         2437
01 38260378  MY060  N  EQUALIV TAB. X30                            1     10253     10570       317     10253       000  000  000  300  000  000         1  7592601100805       21935035       21939591   524796260001  N  0                        260104 01/09/2024       USD          421          421         2437
01 38260378  14118  M  FANASAL NAS GTA.PED.15ML.                   3      3153      3153       000      9459       000  000  000  000  000  000         1  7598484000232       21935035       21939591   524796260001  N  0                         13822 01/12/2024       USD          129          388         2437
01 38260378  AP003  M  IBUTANCOL 400/4 X10TA                       2      9802     10105       606     19604       000  000  000  300  000  000         1  7592601301783       21937583       21939592   524796260001  N  0                        337701 01/01/2026       USD          402          804         2437
01 38260378  14972  M  KETOROLACO ADN IM/IV X10A                   1     16805     16805       000     16805       000  000  000  000  000  000         1  8904187828292       21935274       21939590   524796260001  N  0                        N21105 01/04/2025       USD          690          690         2437
01 38260378  14121  M  METFORMINA QF500MG. 30TA                    4      3136      3136       000     12544       000  000  000  000  000  000         1  7598484001215       21935274       21939590   524796260001  N  0                      TM730040 01/02/2025       USD          129          515         2437
01 38260378  VC580  M  OTAN GOTAS 5ML.                             2      9718     10563      1690     19436       000  000  000  800  000  000         1  7592782000567       21935035       21939591   524796260001  N  0                      22110052 01/11/2024       USD          399          798         2437
01 38260378  17798  M  PENICILINA B. VC1,2 X1VIA                   2      4382      4382       000      8764       000  000  000  000  000  000         1  8904187888067       21935035       21939591   524796260001  N  0                          B159 01/10/2025       USD          180          360         2437
01 38260378  MY104  N  SEDIVAL TAB. X30                            1      7403      8225       822      7403       000  000  000 1000  000  000         1  7592601100836       21937583       21939592   524796260001  N  0                        260502 01/11/2024       USD          304          304         2437
01 38260378  13120  M  TAMSULOSINA BM0,4MG.X30TA                   2      8398      9880      2964     16796       000  000  000 1500  000  000         1  6972718560029       21935035       21939591   524796260001  N  0                        220449 01/04/2025       USD          345          689         2437
01 38260378  13491  M  VALSARTAN 160MG X10 TAB                     2      6825      6825       000     13650       000  000  000  000  000  000         1  7598176000236       21935035       21939591   524796260001  N  0                       22T0864 01/07/2025       USD          280          560         2437
02 38260378         26        166880           000           000        166880    0    0    0  000    0    0    0   24/02/2023 2:29:11 p. m.   PR           000           000             0            12           USD         2437         6848
