01 38261006  GN019  M  CETIRIZINA GN SOL. 60ML.                   10      4154      4154       000     41540       000  000  000  000  000  000         1  7591585174598       21935035       21939591   524796350001  N  0                          0971 01/11/2024       USD          170         1705         2437
01 38261006  GN759  M  DESLORATADINA GN S.ORAL60                   6      4427      4427       000     26562       000  000  000  000  000  000         1  7591585177445       21935035       21939591   524796350001  N  0                           055 01/06/2024       USD          182         1090         2437
01 38261006  LC314  N  FLUVIRIN JBE. 120ML.                        2     10530     10530       000     21060       000  000  000  000  000  000         1  7591585111166       21935035       21939591   524796350001  N  0                           240 01/09/2024       USD          432          864         2437
01 38261006  13816  A  JENGIMIEL JBE CURCU 120ML                   1      7898      7898       000      7898       000  000  000  000  000  000         1   745760033836       21935035       21939591   524796350001  N  0                        021022 01/10/2024       USD          324          324         2437
01 38261006  LC140  M  LETISAN SOL.GOTAS 20ML.                     2      7652      7652       000     15304       000  000  000  000  000  000         1  7591585114884       21935035       21939591   524796350001  N  0                           505 01/03/2025       USD          314          628         2437
01 38261006  VM149  M  OXOLAMINA GENCER AD.120CC.                  2      7184      7184       000     14368       000  000  000  000  000  000         1  7591020001519       21935035       21939591   524796350001  N  0                           129 01/11/2025       USD          295          590         2437
01 38261006  VM264  M  OXOLAMINA GNCER PED.120CC                   2      7107      7107       000     14214       000  000  000  000  000  000         1  7591020001526       21935035       21939591   524796350001  N  0                           113 01/11/2025       USD          292          583         2437
01 38261006  10824  M  REHIDROSOL FRESA  600ML                     2      7477      7708       462     14954       000  000  000  300  000  000         1  7592637397415       21935035       21939591   524796350001  N  0                       2200255 01/09/2024       USD          307          614         2437
01 38261006  11584  M  REHIDROSOL UVA 600ML.                       2      7447      7677       460     14894       000  000  000  300  000  000         1  7592637398443       21935035       21939591   524796350001  N  0                       2200229 01/09/2024       USD          306          611         2437
01 38261006  12551  M  SUEROLITO 75MEQ+Z FRES400                   3      7774      7774       000     23322       000  000  000  000  000  000         1  7597767000020       21935035       21939591   524796350001  N  0                        0512F1 01/12/2024       USD          319          957         2437
02 38261006         32        194116           000           000        194116    0    0    0  000    0    0    0   24/02/2023 3:27:00 p. m.   PR           000           000             0            10           USD         2437         7965
