01 38260375  LT028  M  BIOTALOL 2,5MG. X30CO                       2      9967      9967       000     19934       000  000  000  000  000  000         1  7591585217172       21935035       21939591   524796230001  N  0                          7082 01/11/2024       USD          409          818         2437
01 38260375  LT031  M  BIOTALOL 5MG. X30CO                         2     12034     12034       000     24068       000  000  000  000  000  000         1  7591585217165       21935035       21939591   524796230001  N  0                           129 01/12/2024       USD          494          988         2437
01 38260375  EL524  M  BRUGESICFORTE 200SUSP60ML                   1      6523      6523       000      6523       000  000  000  000  000  000         1  7591062013082       21937583       21939592   524796230001  N  0                        22123A 01/01/2026       USD          268          268         2437
01 38260375  16064  M  CLOBEDET CR.TOP. 15GR.                      3      6370      6370       000     19110       000  000  000  000  000  000         1   745687143311       21935274       21939590   524796230001  N  0                            04 01/07/2024       USD          261          784         2437
01 38260375  GN784  M  DESLORATADINA GN 5MG. X10                   4      3198      3198       000     12792       000  000  000  000  000  000         1  7591585177469       21935035       21939591   524796230001  N  0                           096 01/09/2024       USD          131          525         2437
01 38260375  VM384  M  DUROVAL 100MG. X1TA                         3      2764      2764       000      8292       000  000  000  000  000  000         1  7591020006330       21935035       21939591   524796230001  N  0                            26 01/11/2027       USD          113          340         2437
01 38260375  VM494  M  DUROVAL 50MG. X10TA                         3     12463     12463       000     37389       000  000  000  000  000  000         1  7591020008440       21935035       21939591   524796230001  N  0                           672 01/09/2027       USD          511         1534         2437
01 38260375  EL290  M  LIOLACTIL 1,5G. PPSO X6S.                   1     27023     27023       000     27023       000  000  000  000  000  000         1  7591062013303       21935035       21939591   524796230001  N  0                        23020A 01/02/2024       USD         1109         1109         2437
01 38260375  LC409  M  MIGREN 650-50-1 X10CO                       4      4174      4174       000     16696       000  000  000  000  000  000         1  7591585115737       21937583       21939592   524796230001  N  0                           587 01/10/2024       USD          171          685         2437
01 38260375  LX150  N  PHARMORAT FORTE X20CA                       1     11557     11557       000     11557       000  000  000  000  000  000         1  7591585114778       21937603       21939593   524796230001  N  0                          0951 01/06/2025       USD          474          474         2437
01 38260375  RZ200  M  SILDEX 50MG. X1TA                           6      1112      1170       348      6672       000  000  500  000  000  000         1  7594001101413       21935035       21939591   524796230001  N  0                          6605 01/09/2025       USD          046          274         2437
01 38260375  RZ200  M  SILDEX 50MG. X1TA                           4      1170      1170       000      4680       000  000  000  000  000  000         1  7594001101413       21935035       21939591   524796230001  N  0                          6605 01/09/2025       USD          048          192         2437
02 38260375         34        194736           000           000        194736    0    0    0  000    0    0    0   24/02/2023 2:29:04 p. m.   PR           000           000             0            12           USD         2437         7991
