01 38260248  11898  M  BUCOXOLGAR FRU.RO X10TM                     3      6132      6132       000     18396       000  000  000  000  000  000         1  7592454891363       21935035       21939591   524796300001  N  0                       3502822 01/11/2024       USD          252          755         2437
01 38260248  MK173  M  CAPTOPRIL +MK25MG. X30TA                    3      4345      4828      1449     13035       000  000  000 1000  000  000         1  7591519051285       21935035       21939591   524796300001  N  0                         33486 01/10/2025       USD          178          535         2437
01 38260248  MK133  M  CAPTOPRIL +MK50MG. X30TA                    3      7283      7283       000     21849       000  000  000  000  000  000         1  7591519051292       21935035       21939591   524796300001  N  0                         33296 01/08/2025       USD          299          897         2437
01 38260248  11320  M  CRISOMET 50-850 X10TA                       1     23140     23140       000     23140       000  000  000  000  000  000         1  7591821210349       21935035       21939591   524796300001  N  0                       2208251 01/09/2024       USD          950          950         2437
01 38260248  FA017  M  FITEX 20MG. X2TA                            4      4382      4382       000     17528       000  000  000  000  000  000         1  7591821904309       21935035       21939591   524796300001  N  0                       2209347 01/10/2024       USD          180          719         2437
01 38260248  AH235  M  HEXOMEDINE COLUT.AER.30GR                   2      8011      8011       000     16022       000  000  000  000  000  000         1  7591519317398       21935035       21939591   524796300001  N  0                         33189 01/08/2024       USD          329          657         2437
01 38260248  FA514  M  NEURIXA 75MG. X14CA                         2     10660     10660       000     21320       000  000  000  000  000  000         1  7591821903616       21935035       21939591   524796300001  N  0                       2210341 01/10/2024       USD          437          875         2437
01 38260248  PG110  M  NINAZO GOTAS AD. 15ML.                     12      4901      5446      6540     58812       000  000  000 1000  000  000         1  7591821802957       21935035       21939591   524796300001  N  0                       2211373 01/05/2024       USD          201         2413         2437
01 38260248  NP024  M  NOTOLAC 20MG. X10TA                         3     11700     11700       000     35100       000  000  000  000  000  000         1  7591821902022       21935035       21939591   524796300001  N  0                       2207873 01/08/2025       USD          480         1440         2437
01 38260248  FA239  M  NOTOLAC 30MG. X4TA.SUBL.                    2      9360      9360       000     18720       000  000  000  000  000  000         1  7591821210134       21935035       21939591   524796300001  N  0                       2208240 01/09/2024       USD          384          768         2437
01 38260248  GQ304  M  SERTRALINA ELTER 50 X 10                    3      5240      5240       000     15720       000  000  000  000  000  000         1  7703763190164       21935134       21939588   524796300001  N  0                       3500183 01/11/2023       USD          215          645         2437
01 38260248  GQ269  M  SILDENAFIL ELTER50MG.X1TA                  10      1427      1784      3570     14270       000  000  000 2000  000  000         1  7592454173971       21935035       21939591   524796300001  N  0                       3501723 01/06/2024       USD          059          586         2437
01 38260248  KV204  M  TERAGRIP FORTE GRAN.X6SOB                   2     10917     12130      2426     21834       000  000  000 1000  000  000         1  7591821802490       21935035       21939591   524796300001  N  0                       2209381 01/10/2024       USD          448          896         2437
01 38260248  KV199  M  TERAGRIP FORTE NOC X6 SOB.                  3     12929     14366      4311     38787       000  000  000 1000  000  000         1  7591821801882       21935035       21939591   524796300001  N  0                       2209332 01/10/2024       USD          531         1592         2437
01 38260248  11565  M  TIOCOLFEN 600-4 X10TA                       2      9395     10439      2088     18790       000  000  000 1000  000  000         1  7592454891288       21935035       21939591   524796300001  N  0                       3502756 01/11/2024       USD          386          771         2437
02 38260248         55        353323           000           000        353323    0    0    0  000    0    0    0   24/02/2023 2:21:39 p. m.   PR           000           000             0            15           USD         2437        14498
