01 38289636  11288  M  COLYPAN 200MG. X10TA                        2     11909     11909       000     23818       000  000  000  000  000  000         1  7591821210264       21956241       21956241   525096470001  N  0                       2210353 01/10/2025       USD          491          981         2427
01 38289636  FA109  M  FARMACAINA POM. 35GR                        1     18330     18330       000     18330       000  000  000  000  000  000         1  7591821901292       21954679       21954679   525096470001  N  0                       2210338 01/10/2025       USD          755          755         2427
01 38289636  GB840  M  GLICERINA GC SUPOS.PED.X6                   2      9998      9998       000     19996       000  000  000  000  000  000         1  7592349923872       21954679       21954679   525096470001  N  0                       2209144 01/09/2024       USD          412          824         2427
01 38289636  FA003  M  HIDROTEN 12,5MG. X30TA                      2     11288     11288       000     22576       000  000  000  000  000  000         1  7591821903791       21956241       21954679   525096470001  N  0                       2210328 01/11/2024       USD          465          930         2427
01 38289636  FA003  M  HIDROTEN 12,5MG. X30TA                      2     11288     11288       000     22576       000  000  000  000  000  000         1  7591821903791       21954679       21954679   525096470001  N  0                       2210328 01/11/2024       USD          465          930         2427
01 38289636  VP784  M  ILANA 600MG.VAG. X1CA.BL                    2      5558      5850       584     11116       000  000  000  500  000  000         1  7592432011523       21954849       21954849   525096470001  N  0                        220199 01/04/2025       USD          229          458         2427
01 38289636  PG110  M  NINAZO GOTAS AD. 15ML.                      6      6079      6754      4050     36474       000  000  000 1000  000  000         1  7591821802957       21954679       21954679   525096470001  N  0                       2211374 01/05/2024       USD          250         1503         2427
01 38289636  16853  N  OMEGEL 1000MG. X30CA.BL                     2     15870     16705      1670     31740       000  000  000  500  000  000         1  7592432000244       21954679       21954679   525096470001  N  0                        220146 01/06/2025       USD          654         1308         2427
01 38289636  KV204  M  TERAGRIP FORTE GRAN.X6SOB                   3     11078     12589      4533     33234       000  000  000 1200  000  000         1  7591821802490       21954679       21954679   525096470001  N  0                       2209380 01/10/2024       USD          456         1369         2427
02 38289636         22        219860           000           000        219860    0    0    0  000    0    0    0   07/03/2023 2:16:37 p. m.   PR           000           000             0             8           USD         2427         9059
