01 38289637  GQ719  M  CLOTRI-NEO-DEXA ELTER20GR                   2     11137     11137       000     22274       000  000  000  000  000  000         1  7703763300051       21954679       21954679   525096480001  N  0                       3502846 01/11/2024       USD          459          918         2427
01 38289637  MK027  M  DEFLAZACORT +MK 6MG. X10                    2     11668     11668       000     23336       000  000  000  000  000  000         1  7591519008197       21954679       21954679   525096480001  N  0                         33154 01/08/2025       USD          481          962         2427
01 38289637  12498  M  DESLER M 2,5MG-5MG X10TM                    1     13124     13124       000     13124       000  000  000  000  000  000         1  7592454891240       21954679       21954679   525096480001  N  0                       3503181 01/02/2025       USD          541          541         2427
01 38289637  QM500  M  DESLER M 2,5MG-5MG X30TM                    1     29223     29223       000     29223       000  000  000  000  000  000         1  7592454889278       21954679       21954679   525096480001  N  0                       3503127 01/02/2025       USD         1204         1204         2427
01 38289637  QM470  M  DESLER M TAB. 5/10 X30                      1     36485     36485       000     36485       000  000  000  000  000  000         1  7592454002769       21954679       21954679   525096480001  N  0                       3502544 01/10/2024       USD         1503         1503         2427
01 38289637  MK579  M  DOL PLUS TAB. X10                           2      4631      4631       000      9262       000  000  000  000  000  000         1  7591519005134       21954849       21954849   525096480001  N  0                         33155 01/08/2025       USD          191          382         2427
01 38289637  AH235  M  HEXOMEDINE COLUT.AER.30GR                   2      8011      8011       000     16022       000  000  000  000  000  000         1  7591519317398       21954679       21954679   525096480001  N  0                         33189 01/08/2024       USD          330          660         2427
01 38289637  11893  M  TALYSTO 20MG. X1TA.MAST.                   12      1508      1508       000     18096       000  000  000  000  000  000         1  7592454891400       21954849       21954849   525096480001  N  0                       3501592 01/06/2024       USD          062          746         2427
01 38289637  17188  M  TALYSTO 5MG. X30TM                          2      7912      7912       000     15824       000  000  000  000  000  000         1  7592454003605       21954849       21954849   525096480001  N  0                       3503101 01/01/2025       USD          326          652         2427
02 38289637         25        183646           000           000        183646    0    0    0  000    0    0    0   07/03/2023 2:16:40 p. m.   PR           000           000             0             9           USD         2427         7567
