01 38287969  DP012  M  ACETAMINOFEN DP650 X10TA                   30      1606      1606       000     48180       000  000  000  000  000  000         1  7592616576497       21954679       21954679   525096420001  N  0                         20873 01/09/2024       USD          066         1985         2427
01 38287969  13643  M  AZITROMICINA BUKA500 X5TA                   6      6318      7020      4212     37908       000  000  000 1000  000  000         1   675696259973       21954679       21954679   525096420001  N  0                       AON2501 01/11/2024       USD          260         1562         2427
01 38287969  17719  M  BLOCAX PLUS 16/12,5 X30TA                   1     24700     24700       000     24700       000  000  000  000  000  000         1  7591243805420       21954679       21954679   525096420001  N  0                       9360802 01/09/2024       USD         1018         1018         2427
01 38287969  15081  M  CETIRIZINA BM10MG. X10TA                   12      1210      1729      6228     14520       000  000  000 3000  000  000         1  7598127001251       21954679       21954679   525096420001  N  0                        211029 01/10/2024       USD          050          598         2427
01 38287969  16567  M  CLINFAST 100-200 X3OV.VAG                   1     12618     12618       000     12618       000  000  000  000  000  000         1  8906081306876       21954679       21954679   525096420001  N  0                      B1ARP002 01/05/2025       USD          520          520         2427
01 38287969  16064  M  CLOBEDET CR.TOP. 15GR.                      2      6370      6370       000     12740       000  000  000  000  000  000         1   745687143311       21954679       21954679   525096420001  N  0                            04 01/07/2024       USD          262          525         2427
01 38287969  17277  M  CLONEDAC CREMA 20GR.                        3      7079      7079       000     21237       000  000  000  000  000  000         1  7598578000117       21954679       21954679   525096420001  N  0                          2187 01/03/2024       USD          292          875         2427
01 38287969  CO265  M  CLORACE 500MG/4MG X10TA                     3      6349      7054      2115     19047       000  000  000 1000  000  000         1  7591818116043       21954679       21954679   525096420001  N  0                         20197 01/05/2025       USD          262          785         2427
01 38287969  13423  M  CLORACE JBE PED S/A 120M                    2      9945     11050      2210     19890       000  000  000 1000  000  000         1  7591818716700       21954679       21954679   525096420001  N  0                         20363 01/08/2026       USD          410          820         2427
01 38287969  14370  M  CLOTRIMAZOL PORTU1% CR.20                   3      5264      5264       000     15792       000  000  000  000  000  000         1  7750215136249       21956241       21956241   525096420001  N  0                       2107762 01/10/2026       USD          217          651         2427
01 38287969  15085  M  COMPLEJO MULTIVIT.BM X30                    6      4150      5928     10668     24900       000  000  000 3000  000  000         1  7598127001213       21954679       21954679   525096420001  N  0                        211026 01/10/2024       USD          171         1026         2427
01 38287969  17146  C  CURITAS TOW X100                            1     10920     10920       000     10920      1747  000  000  000  000  000         1  7598832000181       21954679       21954679   525096420001  N  0                        220105 01/01/2025       USD          450          450         2427
01 38287969  15083  M  DEXAMETASONA BM8/2ML.X10A                   2      7410     14820     14820     14820       000  000  000 5000  000  000         1  7598127001084       21954679       21954679   525096420001  N  0                        210905 01/09/2024       USD          305          611         2427
01 38287969  14117  M  FANASAL AD. GOTAS 15ML.                     6      3215      3215       000     19290       000  000  000  000  000  000         1  7598484000218       21954679       21954679   525096420001  N  0                          1323 01/02/2026       USD          132          795         2427
01 38287969  AY298  C  GASAS ESTER KX4X4 50-S X2                   1     27495     30550      3055     27495      4399  000  000 1000  000  000         1 10813333014173       21954679       21954679   525096420001  N  0                      22040804 01/05/2027       USD         1133         1133         2427
01 38287969  15367  M  LEVOFLOXACIN 500MG. X5TA                    4      2410      2410       000      9640       000  000  000  000  000  000         1  8906109691236       21954679       21954679   525096420001  N  0                      E2109012 01/08/2024       USD          099          397         2427
01 38287969  15368  M  LEVOFLOXACIN 750MG. X5TA                    4      4027      4027       000     16108       000  000  000  000  000  000         1  8906109691250       21954679       21954679   525096420001  N  0                      E2109013 01/08/2024       USD          166          664         2427
01 38287969  17302  M  LORATADINA BQ1MG. JBE.60                    3      4420      4420       000     13260       000  000  000  000  000  000         1  7594000851616       21956241       21956241   525096420001  N  0                        230211 01/02/2025       USD          182          546         2427
01 38287969  12186  M  MAXTHIO 4MG/2ML. IM X6A                     2     16263     16263       000     32526       000  000  000  000  000  000         1  8699525755247       21954679       21954679   525096420001  N  0                      A103146A 01/04/2025       USD          670         1340         2427
01 38287969  12750  M  METSIGLIN 500/50 X10CO                      1     10754     10754       000     10754       000  000  000  000  000  000         1  7592806134131       21954679       21954679   525096420001  N  0                        203043 01/03/2024       USD          443          443         2427
01 38287969  12087  M  SULTAMICILINA DAC750 10TA                   1     27528     27528       000     27528       000  000  000  000  000  000         1  7598578000186       21956241       21956241   525096420001  N  0                          V539 01/03/2024       USD         1134         1134         2427
01 38287969  17417  M  SULTAMICILINA GLA750 10TA                   1     26915     26915       000     26915       000  000  000  000  000  000         1  7598828000898       21954679       21954679   525096420001  N  0                     EBT220054 01/03/2024       USD         1109         1109         2427
01 38287969  17859  M  TALERC 1MG.SOL.ORAL 60ML                    4      4160      4160       000     16640       000  000  000  000  000  000         1  7592803004123       21954679       21954679   525096420001  N  0                       2211967 01/11/2024       USD          171          686         2427
01 38287969  13120  M  TAMSULOSINA BM0,4MG.X30TA                   2      8398      9880      2964     16796       000  000  000 1500  000  000         1  6972718560029       21954849       21954849   525096420001  N  0                        220449 01/04/2025       USD          346          692         2427
01 38287969  10676  C  VASO NUBY FLIUP+6M10O300M                   1      5979      5979       000      5979       957  000  000  000  000  000         1   048526102082       21954679       21954679   525096420001  N  0                           10X 01/01/2030       USD          246          246         2427
02 38287969        102        455809         44394          7103        507306    0    0    0  000    0    0    0   07/03/2023 11:05:31 a. m.   PR           000           000             0            25           USD         2427        20610
