01 38309922  11795  M  AFLAMAX 50MG. X10TA                        12      1957      2795     10056     23484       000  000  000 3000  000  000         1  7591196007186       21966179       21967579   525301520001  N  0                       I013444 01/01/2025       USD          081          974         2412
01 38309922  LO539  M  AFLAMAX 50MG. X20TA                         6      3914      5591     10062     23484       000  000  000 3000  000  000         1  7591196004451       21966179       21967579   525301520001  N  0                       I122938 01/12/2024       USD          162          974         2412
01 38309922  LO124  M  AIRON 10MG. X10TA                           2      5139      5409       540     10278       000  000  000  500  000  000         1  7591196002563       21966179       21967579   525301520001  N  0                       I112430 01/11/2024       USD          213          426         2412
01 38309922  LO179  M  AIRON 10MG. X30TA                           1     11297     11892       595     11297       000  000  000  500  000  000         1  7591196002808       21966179       21967579   525301520001  N  0                       I013652 01/01/2025       USD          468          468         2412
01 38309922  LO104  M  AIRON 5MG. X10TAB.MAST.                     2      4590      4590       000      9180       000  000  000  000  000  000         1  7591196002549       21966179       21967579   525301520001  N  0                       I013450 01/01/2025       USD          190          381         2412
01 38309922  LO120  M  CLARASOL SOL.OFT. 15ML.                     2      2382      4763      4762      4764       000  000  000 5000  000  000         1  7591196000071       21966179       21967579   525301520001  N  0                       I071161 01/07/2024       USD          099          198         2412
01 38309922  17277  M  CLONEDAC CREMA 20GR.                        3      7079      7079       000     21237       000  000  000  000  000  000         1  7598578000117       21966179       21967579   525301520001  N  0                          2187 01/03/2024       USD          293          880         2412
01 38309922  LO810  M  FISIOLIN GOTAS PED. 15ML.                   2      6663      7014       702     13326       000  000  000  500  000  000         1  7591196002198       21966179       21967579   525301520001  N  0                       I092104 01/11/2025       USD          276          552         2412
01 38309922  TQ530  M  GLIDAN 80MG. X20TA                          2     14690     14690       000     29380       000  000  000  000  000  000         1  7591955002469       21966179       21967579   525301520001  N  0                          1029 01/08/2025       USD          609         1218         2412
01 38309922  11278  M  LODIPIN 10MG. X30CO                         1      8840      8840       000      8840       000  000  000  000  000  000         1  7591619129044       21966179       21967579   525301520001  N  0                          0040 01/02/2025       USD          367          367         2412
01 38309922  LO414  M  NAS 0,1%SOL.GOTAS AD.15ML                   8      4405      4637      1856     35240       000  000  000  500  000  000         1  7591196003140       21966179       21967579   525301520001  N  0                        102135 01/10/2024       USD          183         1461         2412
02 38309922         41        190510           000           000        190510    0    0    0  000    0    0    0   14/03/2023 1:48:17 p. m.   PR           000           000             0            11           USD         2412         7898
