01 38347259  10736  M  ACETAMINOFEN PX 650 X10TA                  24      1626      1807      4344     39024       000  000 1000  000  000  000         1  7594001101604       21984449       21984703   525644990001  N  0                          6727 01/11/2024       USD          067         1599         2440
01 38347259  14110  M  ACETAMINOFEN QF100MG.15ML                   2      3523      3523       000      7046       000  000  000  000  000  000         1  7598484000010       21984449       21984703   525644990001  N  0                          1423 01/02/2025       USD          144          289         2440
01 38347259  15393  M  ANANTY 120MG. S.ORAL120ML                   4      4654      4654       000     18616       000  000  000  000  000  000         1  7594001101024       21984449       21984703   525644990001  N  0                          6815 01/02/2025       USD          191          763         2440
01 38347259  16846  M  AZITROMICINA JD200 PPSO15                   6      7150      7150       000     42900       000  000  000  000  000  000         1  7840185425013       21984449       21984703   525644990001  N  0                          GD38 01/10/2025       USD          293         1758         2440
01 38347259  17402  M  CEFADROXILO GLA500 X10CA                    6      8576      8841      1590     51456       000  000  000  300  000  000         1  7598828000881       21985400       21985400   525644990001  N  0                     ECC220019 01/03/2025       USD          351         2109         2440
01 38347259  13896  M  CLAVUTRIM 500/125MG X10TA                   2     18938     18938       000     37876       000  000  000  000  000  000         1  7750215026632       21984449       21984703   525644990001  N  0                       2110412 01/11/2024       USD          776         1552         2440
01 38347259  14370  M  CLOTRIMAZOL PORTU1% CR.20                   4      5273      5273       000     21092       000  000  000  000  000  000         1  7750215136249       21984449       21984703   525644990001  N  0                       2108322 01/10/2026       USD          216          864         2440
01 38347259  15203  N  COLAGENO ABE450MG. X70CA                    1     18016     18964       948     18016       000  000  000  500  000  000         1  7597134000264       21984449       21984703   525644990001  N  0                          CG06 01/12/2024       USD          738          738         2440
01 38347259  17712  M  DESLORATADINA BQ JBE.60ML                   8      4794      4794       000     38352       000  000  000  000  000  000         1  7594000851500       21984449       21984703   525644990001  N  0                        220919 01/09/2025       USD          196         1572         2440
01 38347259  14115  M  DICLOFENAC S.QF50 X20TA                     3      1535      1706       513      4605       000  000 1000  000  000  000         1  7592236002123       21984449       21984703   525644990001  N  0                     TD1020005 01/04/2024       USD          063          189         2440
01 38347259  17485  M  ELOK 0,1% LOCION 30ML.                      1      7020      7800       780      7020       000  000  000 1000  000  000         1   021281084299       21984449       21984703   525644990001  N  0                        EKL302 01/01/2024       USD          288          288         2440
01 38347259  AY295  C  GASAS ESTER KX3X3 50-S X2                   1     22464     24960      2496     22464      3594  000  000 1000  000  000         1 10813333014159       21984449       21984703   525644990001  N  0                      22040803 01/05/2027       USD          921          921         2440
01 38347259  AY298  C  GASAS ESTER KX4X4 50-S X2                   1     27495     30550      3055     27495      4399  000  000 1000  000  000         1 10813333014173       21984449       21984703   525644990001  N  0                      22040804 01/05/2027       USD         1127         1127         2440
01 38347259  EL035  M  GENURIN 200MG. X10CO                        2     11375     11375       000     22750       000  000  000  000  000  000         1  7591062901198       21984449       21984703   525644990001  N  0                        23034A 01/02/2026       USD          466          932         2440
01 38347259  14119  M  IBUPROFENO QF400MG. X20TA                   2      3426      3426       000      6852       000  000  000  000  000  000         1  7592236002178       21984449       21984703   525644990001  N  0                      TI370015 01/05/2024       USD          140          281         2440
01 38347259  17181  M  LOSARTAN P.H GN50/12.5 15                   3      4593      5103      1530     13779       000  000  000 1000  000  000         1  7591585378736       21985887       21985887   525644990001  N  0                           097 01/11/2025       USD          188          565         2440
01 38347259  17537  M  LOSARTAN P.SP100 X30CO                      2      7740      7740       000     15480       000  000  000  000  000  000         1  7590027002888       21984449       21984703   525644990001  N  0                          1802 01/12/2024       USD          317          634         2440
01 38347259  14372  M  METRONIDAZOL POR500 100TA                   1     19469     19469       000     19469       000  000  000  000  000  000         1  7750215332641       21984449       21984703   525644990001  N  0                       2106622 01/10/2025       USD          798          798         2440
01 38347259  12750  M  METSIGLIN 500/50 X10CO                      1     10754     10754       000     10754       000  000  000  000  000  000         1  7592806134131       21984449       21984703   525644990001  N  0                        203043 01/03/2024       USD          441          441         2440
01 38347259  16285  M  NEMAZOL 400MG. SUSP.10ML.                   4      4368      4368       000     17472       000  000  000  000  000  000         1  7591616002166       21984449       21984703   525644990001  N  0                        228204 01/09/2024       USD          179          716         2440
01 38347259  16565  M  NORIFLA 75/3ML. IM X6A                      3      2638      2638       000      7914       000  000  000  000  000  000         1  7709990733716       21984449       21984703   525644990001  N  0                         21159 01/09/2023       USD          108          324         2440
01 38347259  16602  M  RINGER LACTATO ALFA 500ML                   2      3247      3247       000      6494       000  000  000  000  000  000         1  7468999188070       21984449       21984703   525644990001  N  0                      H211214A 01/12/2025       USD          133          266         2440
01 38347259  16179  M  SECNIDAZOL SP1GR. X2CO                      4      5534      5534       000     22136       000  000  000  000  000  000         1  7590027002390       21984449       21984703   525644990001  N  0                          1752 01/11/2024       USD          227          907         2440
01 38347259  11045  N  SENOLAX FG JBE . 120ML.                     1      6661      6661       000      6661       000  000  000  000  000  000         1       01100198       21984449       21984703   525644990001  N  0                          2812 01/12/2025       USD          273          273         2440
01 38347259  EL394  M  TACHIFORTE 650MG. X10TA                     3      2889      2889       000      8667       000  000  000  000  000  000         1  7591062017295       21984449       21984703   525644990001  N  0                        22101A 01/11/2027       USD          118          355         2440
02 38347259         91        444431         49959          7993        502383    0    0    0  000    0    0    0   26/03/2023 3:39:26 p. m.   PR           000           000             0            25           USD         2440        20262
